!
80 84 109 134 151
80 84
84 109
109 151
151 134
196 222 263 332 364
263 364
364 196
196 222
222 332
469
505 544 612 678 768 26 36 87 160 164 174 267 353 433 483 668 677 779 104 218 354 486
486 354
354 104
104 218
218 36
36 353
353 87
87 164
164 26
26 483
483 267
267 174
174 677
677 768
768 668
668 779
779 433
433 160
160 544
544 678
678 612
612 505
509 517 557 624 711 731 781
711 624
624 517
517 509
509 781
781 557
557 731
793 61 93 175
175 61
61 93
93 793
210
328 355
355 328
426 444 528 532 650 766
444 650
650 766
766 532
532 528
528 426
236 265 318 322 391 467 501 594 669 743 749
322 743
743 669
669 501
501 594
594 391
391 236
236 749
749 467
467 318
318 265
764 14 162 165 168 225 276 327
764 165
165 168
168 162
162 225
225 276
276 327
327 14
422 491 542 622
422 491
491 622
622 542
758
20 98 113 116 166 227 279 296 414 476 485 40 103
40 103
103 98
98 166
166 116
116 414
414 113
113 476
476 296
296 227
227 279
279 20
20 485
117 141
117 141
214 300 313 372
214 313
313 300
300 372
398
561 661 5
561 661
661 5
71 191 297 307 374 381 446 468 494 607 18 42 135 229 386 400 700 747
71 297
297 381
381 374
374 607
607 468
468 307
307 191
191 494
494 446
446 400
400 18
18 229
229 700
700 42
42 135
135 747
747 386
774
780 167
167 780
183 204 272 285 317 394 470 503 684 34 130 149 289 369 522 616 620 652 775 123 197 228 256 371 560 562 605 626
149 289
289 34
34 130
130 620
620 616
616 652
652 522
522 775
775 369
369 123
123 605
605 562
562 256
256 560
560 371
371 197
197 626
626 228
228 272
272 394
394 470
470 204
204 317
317 684
684 285
285 183
183 503
693 43 59 172 202
172 43
43 59
59 202
202 693
244 259 287 314 646 663
244 314
314 287
287 259
259 663
663 646
78 237
237 78
390 438 448 537 573 581 709 797 6 194 291 351 359 436 689 707 748 761 189 331 395 396 423 466 553
438 537
537 448
448 581
581 709
709 573
573 466
466 390
390 797
797 396
396 553
553 395
395 189
189 331
331 423
423 359
359 6
6 689
689 436
436 748
748 291
291 761
761 707
707 351
351 194
590 597 628
628 597
597 590
53 94 111 290 323 471 554
471 323
323 94
94 554
554 111
111 290
290 53
600 611 759 88
600 759
759 611
611 88
102 140 176
176 140
140 102
184 406 595
184 595
595 406
604 697 714 21 28
714 697
697 604
604 21
21 28
139 283 284 629 642 710 795 107 248 352 462 588 671 690
671 248
248 107
107 690
690 462
462 352
352 588
588 139
139 284
284 642
642 795
795 629
629 283
283 710
729 777 145 195
195 145
145 777
777 729
252 474 555
555 474
474 252
673 725 740 783 25 75 173 271 320 347 376
740 673
673 725
725 783
783 25
25 75
75 376
376 320
320 347
347 271
271 173
569 610 106 177 329 430 536 583 651 733 746 112 185 230
430 583
583 536
536 177
177 106
106 329
329 651
651 733
733 746
746 112
112 185
185 569
569 230
230 610
262 298
298 262
316 341
316 341
393 752 19 30 108 143 217 281 496 589
496 30
30 217
217 281
281 19
19 143
143 108
108 589
589 393
393 752
727 245 387 497
727 245
245 387
387 497
564
638 649 705 722
649 705
705 638
638 722
724 129 241 275 484 510 577 591 659 735 124 207 380 417 432 490 519 547 739 95 110 273 384
95 273
273 384
384 110
110 519
519 124
124 207
207 432
432 490
490 547
547 417
417 739
739 380
380 724
724 735
735 484
484 275
275 577
577 241
241 591
591 510
510 129
129 659
410 512 584 640 644 55 81 146 358
640 644
644 410
410 512
512 584
584 55
55 358
358 81
81 146
378 379 421 508 41 47 56 302 312 492 670 754 39 79 153
47 312
312 56
56 754
754 41
41 670
670 492
492 302
302 39
39 79
79 153
153 421
421 379
379 378
378 508
171 266 460 586 618
460 618
618 266
266 586
586 171
169 198 303 453 521 657 763 782 23 100 288 334 437 550
763 303
303 453
453 198
198 782
782 169
169 521
521 657
657 23
23 550
550 334
334 100
100 288
288 437
643 750 38 96 201 309 442 514
442 201
201 514
514 96
96 38
38 309
309 643
643 750
712 794 16
712 794
794 16
52 305 326 445 454 635 788 17 212 220 239 405 472 534 619 3 85
85 3
3 239
239 220
220 619
619 305
305 212
212 534
534 635
635 17
17 405
405 326
326 454
454 472
472 788
788 52
52 445
192 441 450 473 559 637 15 120
637 473
473 192
192 559
559 441
441 450
450 15
15 120
209 411 461 548 720
411 209
209 461
461 720
720 548
778 152 156 367 397 408 558 756 785
397 156
156 785
785 152
152 558
558 408
408 756
756 367
367 778
76 148 270 515 587
148 76
76 587
587 515
515 270
665 679 755 57 200 233 301 418
679 755
755 665
665 418
418 200
200 233
233 301
301 57
464 716 753
716 753
753 464
154
356 429 533
533 356
356 429
541 576 655 776 69 319
541 776
776 576
576 655
655 69
69 319
478
489 527 530 667 703 51 186
51 186
186 703
703 527
527 489
489 530
530 667
295 385 457 504 713 786 4
4 786
786 504
504 457
457 713
713 385
385 295
97 208 633 645
208 645
645 97
97 633
706 728 772
772 728
728 706
70 74 299 346 357 416 621
74 346
346 416
416 299
299 70
70 357
357 621
126
181
268 325 336
325 336
336 268
365 742 45 232
365 742
742 45
45 232
254 493 549 718 765 9 77 338 377 434 449 481 122 226
9 449
449 338
338 77
77 377
377 481
481 434
434 226
226 122
122 254
254 493
493 718
718 549
549 765
315
585 627 662 674 37 99 132 180 223 516 792 238 255 292 487 502 526 535 86
502 535
535 255
255 526
526 487
487 238
238 292
292 99
99 132
132 792
792 516
516 180
180 223
223 37
37 674
674 662
662 585
585 627
627 86
142 235 349 525 698 744 89 91 383 463 572 608 682 128 206 412 447 613
89 91
91 608
608 383
383 572
572 682
682 463
463 447
447 412
412 128
128 613
613 206
206 235
235 698
698 349
349 142
142 744
744 525
691 771 63 188 310
771 691
691 63
63 310
310 188
488 507 571 686 249
571 686
686 507
507 249
249 488
360 363 404 563 730 791 161 402 420 539 579 654 701
563 791
791 363
363 360
360 404
404 730
730 161
161 420
420 579
579 701
701 539
539 654
654 402
82
144 187
144 187
280 286 609 696 22 48
48 22
22 286
286 280
280 609
609 696
250 475 518 545 155 213 274 409 592
155 213
213 274
274 409
409 592
592 250
250 545
545 518
518 475
614 125 261 427 556 596
261 125
125 556
556 427
427 596
596 614
664
60 90 403 431 506 575 73 190 193
190 193
193 73
73 90
90 575
575 60
60 431
431 506
506 403
247 257 702 64 67 131 211 231 551 29 574 676 704 745 762 121 523 598 606 694
231 64
64 67
67 211
211 131
131 551
551 702
702 745
745 247
247 676
676 29
29 704
704 762
762 257
257 574
574 523
523 606
606 694
694 598
598 121
732
35
133 253 392 630 715 92 345 370
345 370
370 92
92 253
253 715
715 392
392 630
630 133
477 615 672 243 269 443 498 692 734 452 459 500 578 641 769 258 361 368
258 361
361 368
368 452
452 578
578 459
459 500
500 769
769 641
641 269
269 692
692 615
615 443
443 734
734 498
498 243
243 672
672 477
455 666 719 147 158 170 540 566 687 321 389 479 529 531
147 540
540 158
158 566
566 170
170 687
687 666
666 455
455 719
719 531
531 529
529 389
389 479
479 321
699 304 344 425 568 648 787 159
344 304
304 159
159 425
425 787
787 648
648 568
568 699
199 294 362 428 688
362 428
428 199
199 294
294 688
13 83 339 340 439 647
439 340
340 83
83 339
339 647
647 13
216 324 337 675 717 736 72
72 675
675 337
337 216
216 717
717 324
324 736
246 546
246 546
599 639 681 1 27 62 480 538 798 203
203 639
639 599
599 681
681 62
62 798
798 480
480 1
1 27
27 538
440 513 625 757 799 44 115
513 625
625 799
799 440
440 757
757 44
44 115
163 580 593 683 342 382 413 602 751 11 118
342 382
382 413
413 602
602 751
751 163
163 683
683 580
580 593
593 118
118 11
251 520 723
723 520
520 251
458 482 603
603 482
482 458
790 796 127 260 366 660 760 8 32 375 685 773 49 311 601 636 784 264 277 282 373 415 24
796 790
790 660
660 127
127 760
760 260
260 311
311 366
366 784
784 601
601 636
636 49
49 264
264 277
277 282
282 373
373 415
415 685
685 8
8 375
375 773
773 32
32 24
157 182
157 182
240 330 293 308
293 308
308 240
240 330
419 495 680 101 105 335
335 105
105 101
101 495
495 419
419 680
726 741 65 178 205 399 511 7 10
726 741
741 7
7 10
10 178
178 511
511 205
205 399
399 65
570 623 54
623 570
570 54
138 221
221 138
565 2
2 565
465
632 653 58 150 656 738 219 407 552 770 0 224 278 306 66 137 451 499 31 658 695 708 33 348 435
348 435
435 33
33 632
632 653
653 66
66 499
499 451
451 137
137 708
708 695
695 658
658 31
31 738
738 656
656 150
150 58
58 224
224 0
0 407
407 278
278 552
552 219
219 770
770 306
737 119 234 582 789 114 333 543 721 136 350 456 567 12
737 12
12 456
456 136
136 567
567 350
350 234
234 582
582 119
119 789
789 543
543 114
114 721
721 333
215 401 634
634 401
401 215
343 524 631 46 242 767 50 179 424 68 388 617
617 46
46 767
767 343
343 242
242 424
424 631
631 50
50 524
524 179
179 388
388 68
