!
451 46 107 274 375 348 281 278 361 219 159 170 678 783 658 198 586 62 735 23 629 165 422 156 478 457 767 777 261 111 134 452 668 
198 658
658 783
783 170
170 678
678 274
274 348
348 452
452 668
668 375
375 219
219 361
361 46
46 107
107 159
159 278
278 451
451 281
281 457
457 735
735 62
62 586
586 23
23 629
629 165
165 111
111 261
261 422
422 777
777 156
156 767
767 478
478 134
463 694 500 68 409 786 
463 409
409 500
500 68
68 694
694 786
26 385 185 186 605 364 538 647 417 383 296 467 112 204 310 225 146 785 137 720 256 433 790 637 
790 433
433 720
720 256
256 137
137 785
785 146
146 225
225 204
204 310
310 467
467 112
112 538
538 364
364 647
647 605
605 385
385 26
26 417
417 185
185 383
383 637
637 296
296 186
443 359 231 497 167 548 24 169 302 341 81 719 652 384 373 104 541 332 33 396 142 207 293 550 456 277 
332 541
541 33
33 293
293 104
104 396
396 719
719 207
207 142
142 81
81 341
341 550
550 277
277 456
456 231
231 359
359 443
443 302
302 497
497 167
167 548
548 169
169 24
24 652
652 384
384 373
8 212 337 338 502 247 476 45 235 209 102 353 9 527 504 595 239 585 106 135 79 76 587 706 679 429 464 381 512 700 352 648 90 624 
527 700
700 595
595 502
502 338
338 504
504 512
512 381
381 239
239 9
9 337
337 212
212 585
585 352
352 648
648 8
8 106
106 353
353 79
79 135
135 587
587 247
247 76
76 102
102 476
476 706
706 679
679 45
45 90
90 235
235 429
429 464
464 209
209 624
228 356 603 
356 228
228 603
683 692 183 469 105 42 314 29 344 326 372 173 61 551 485 121 484 424 674 554 
674 424
424 551
551 485
485 61
61 173
173 121
121 484
484 372
372 326
326 692
692 183
183 29
29 683
683 314
314 469
469 105
105 42
42 344
344 554
695 379 35 313 327 27 394 229 664 444 74 365 330 69 494 430 718 
718 430
430 494
494 69
69 330
330 365
365 74
74 444
444 664
664 229
229 394
394 313
313 327
327 35
35 27
27 695
695 379
631 725 604 601 590 449 276 158 339 232 267 58 264 712 184 153 732 489 446 682 749 188 400 626 727 
264 339
339 232
232 158
158 267
267 276
276 590
590 604
604 58
58 449
449 601
601 631
631 725
725 188
188 727
727 749
749 712
712 400
400 184
184 489
489 446
446 626
626 682
682 153
153 732
421 120 734 710 399 499 287 174 408 32 
32 408
408 174
174 287
287 499
499 734
734 710
710 120
120 399
399 421
131 481 328 653 312 
328 131
131 481
481 653
653 312
510 690 140 189 537 414 91 386 770 
770 386
386 91
91 414
414 510
510 189
189 690
690 140
140 537
748 473 369 545 191 625 221 73 280 
545 748
748 369
369 191
191 473
473 625
625 221
221 73
73 280
233 284 345 34 334 362 132 403 461 200 492 566 788 393 536 130 181 39 
334 34
34 345
345 284
284 233
233 132
132 362
362 403
403 130
130 536
536 181
181 566
566 492
492 461
461 393
393 200
200 39
39 788
784 707 366 641 309 236 119 92 118 576 413 
236 309
309 641
641 366
366 784
784 707
707 576
576 119
119 92
92 118
118 413
454 419 436 89 661 272 754 116 765 360 387 731 395 425 534 215 251 99 688 179 350 3 781 124 520 774 567 755 265 162 644 
425 89
89 454
454 419
419 436
436 179
179 688
688 3
3 661
661 116
116 781
781 272
272 350
350 754
754 774
774 395
395 99
99 124
124 765
765 251
251 360
360 567
567 520
520 755
755 215
215 387
387 731
731 534
534 644
644 265
265 162
471 55 490 611 210 704 752 509 620 288 
509 752
752 471
471 620
620 704
704 55
55 288
288 490
490 611
611 210
405 795 442 136 
136 442
442 795
795 405
286 505 21 416 82 48 
21 505
505 82
82 286
286 416
416 48
561 614 392 
392 561
561 614
623 733 535 50 600 
50 600
600 535
535 623
623 733
123 531 557 638 382 349 197 579 656 195 721 684 376 67 
349 579
579 531
531 123
123 197
197 557
557 638
638 382
382 656
656 376
376 721
721 684
684 195
195 67
78 649 6 630 565 97 697 
697 97
97 630
630 565
565 78
78 649
649 6
634 164 77 745 321 744 354 411 199 747 571 406 546 398 300 
747 406
406 546
546 300
300 398
398 571
571 199
199 411
411 354
354 744
744 634
634 164
164 77
77 745
745 321
347 453 273 368 11 12 728 577 
368 273
273 453
453 11
11 728
728 347
347 12
12 577
19 374 154 358 564 726 117 351 218 552 657 789 15 227 470 53 530 343 168 40 319 450 794 496 420 
40 168
168 530
530 343
343 53
53 374
374 19
19 319
319 154
154 450
450 358
358 470
470 794
794 227
227 564
564 496
496 117
117 351
351 726
726 420
420 552
552 657
657 218
218 789
789 15
323 152 663 303 589 553 2 687 750 570 598 696 427 316 75 680 322 493 698 445 346 65 650 138 193 363 477 407 716 458 357 253 640 196 730 202 686 297 714 671 670 428 660 114 172 639 370 180 243 317 655 222 147 507 636 594 769 298 617 66 151 56 28 779 
316 493
493 427
427 696
696 222
222 655
655 303
303 323
323 663
663 317
317 243
243 152
152 147
147 507
507 180
180 570
570 639
639 750
750 370
370 594
594 589
589 172
172 553
553 769
769 687
687 636
636 114
114 322
322 598
598 660
660 2
2 670
670 428
428 779
779 56
56 28
28 671
671 75
75 66
66 298
298 617
617 680
680 151
151 698
698 445
445 714
714 297
297 650
650 686
686 346
346 65
65 138
138 407
407 477
477 193
193 363
363 458
458 716
716 357
357 253
253 202
202 640
640 196
196 730
163 632 
163 632
591 31 101 582 544 258 88 
591 31
31 101
101 582
582 544
544 258
258 88
480 38 148 705 84 702 764 506 
506 702
702 764
764 38
38 480
480 148
148 705
705 84
100 558 205 282 759 691 486 543 217 324 160 437 793 
217 543
543 100
100 558
558 205
205 486
486 759
759 282
282 691
691 793
793 160
160 437
437 324
129 669 563 10 434 
10 129
129 669
669 563
563 434
711 532 724 206 176 539 17 201 572 547 619 122 757 13 275 515 717 
547 201
201 572
572 17
17 539
539 122
122 206
206 176
176 711
711 619
619 532
532 724
724 757
757 13
13 275
275 717
717 515
782 190 
190 782
439 41 472 4 245 216 722 259 556 93 501 654 723 
723 93
93 501
501 654
654 4
4 41
41 472
472 439
439 722
722 245
245 216
216 259
259 556
85 574 736 315 16 178 796 175 285 71 438 194 325 301 675 667 426 431 713 95 742 758 224 773 
85 16
16 574
574 178
178 315
315 175
175 736
736 796
796 285
285 71
71 325
325 438
438 194
194 301
301 773
773 675
675 431
431 713
713 224
224 667
667 426
426 95
95 758
758 742
262 342 448 580 555 335 271 43 588 83 787 633 441 171 7 389 602 491 336 737 331 597 798 214 63 0 568 54 103 681 260 
588 43
43 271
271 335
335 555
555 580
580 448
448 83
83 342
342 7
7 262
262 787
787 389
389 633
633 602
602 336
336 737
737 441
441 171
171 331
331 491
491 681
681 597
597 54
54 103
103 798
798 260
260 63
63 0
0 568
568 214
37 475 689 208 283 410 763 340 
763 340
340 410
410 37
37 283
283 475
475 208
208 689
646 144 524 573 141 596 792 575 415 460 483 738 455 25 150 371 80 583 701 622 115 760 307 762 693 213 479 390 18 699 508 635 465 246 126 516 584 86 94 756 182 488 279 249 523 581 133 569 528 109 149 578 708 474 768 440 
693 762
762 390
390 635
635 584
584 479
479 465
465 213
213 246
246 307
307 508
508 699
699 760
760 126
126 86
86 516
516 523
523 701
701 583
583 94
94 622
622 115
115 249
249 756
756 279
279 80
80 371
371 182
182 596
596 581
581 768
768 488
488 133
133 141
141 149
149 569
569 18
18 440
440 109
109 738
738 528
528 573
573 646
646 144
144 578
578 474
474 708
708 524
524 483
483 792
792 415
415 575
575 460
460 455
455 150
150 25
676 388 263 269 391 20 226 329 64 294 685 378 615 
615 378
378 685
685 64
64 226
226 263
263 294
294 388
388 676
676 329
329 20
20 269
269 391
608 526 22 715 305 643 628 240 333 521 
333 521
521 305
305 715
715 22
22 643
643 628
628 240
240 526
526 608
673 740 529 108 404 791 562 57 797 110 540 1 299 778 746 743 96 
110 562
562 797
797 540
540 57
57 791
791 404
404 108
108 778
778 1
1 673
673 299
299 529
529 740
740 746
746 743
743 96
157 592 799 223 143 609 487 503 593 5 244 665 51 127 311 290 495 498 549 606 599 766 753 772 44 250 525 542 659 621 367 739 709 666 401 412 
157 592
592 487
487 609
609 143
143 799
799 223
223 503
503 593
593 244
244 5
5 665
665 51
51 127
127 311
311 290
290 495
495 498
498 606
606 549
549 599
599 766
766 753
753 772
772 44
44 250
250 621
621 367
367 525
525 739
739 542
542 709
709 659
659 666
666 401
401 412
59 377 468 304 308 559 187 113 642 380 295 672 155 616 30 613 662 459 257 248 220 447 241 98 729 560 514 462 237 519 522 128 234 60 
522 128
128 519
519 560
560 462
462 514
514 237
237 241
241 60
60 234
234 729
729 459
459 672
672 220
220 662
662 248
248 613
613 257
257 30
30 616
616 304
304 308
308 447
447 155
155 468
468 59
59 377
377 559
559 187
187 295
295 642
642 113
113 380
380 98
252 677 36 432 87 306 627 
627 306
306 87
87 432
432 36
36 677
677 252
533 761 268 618 775 
268 761
761 533
533 618
618 775
612 161 292 703 70 610 254 125 435 423 139 402 166 482 52 651 318 607 741 517 255 645 751 780 211 192 518 320 14 776 291 230 771 466 513 238 72 355 47 242 177 49 
49 177
177 242
242 355
355 72
72 238
238 47
47 466
466 513
513 230
230 776
776 320
320 14
14 771
771 518
518 291
291 780
780 651
651 751
751 645
645 211
211 402
402 482
482 517
517 318
318 52
52 741
741 166
166 125
125 610
610 255
255 139
139 607
607 703
703 423
423 70
70 192
192 292
292 435
435 612
612 254
254 161
511 203 418 145 397 270 289 266 
266 418
418 203
203 511
511 145
145 397
397 270
270 289
