!
434 523 
523 434
73 352 552 219 501 
219 501
501 352
352 552
552 73
435 312 417 100 554 212 775 539 472 582 652 422 329 548 150 
554 100
100 582
582 422
422 652
652 312
312 548
548 539
539 329
329 435
435 212
212 472
472 417
417 150
150 775
381 603 
603 381
384 465 368 748 530 681 717 427 
427 717
717 681
681 530
530 368
368 748
748 465
465 384
638 298 90 273 536 782 617 358 50 337 116 649 152 191 527 194 436 566 182 492 581 606 115 439 
606 115
115 581
581 492
492 182
182 436
436 566
566 527
527 439
439 191
191 152
152 194
194 116
116 337
337 50
50 358
358 649
649 617
617 782
782 536
536 273
273 90
90 638
638 298
754 195 531 476 360 114 737 30 576 641 459 170 110 154 316 520 519 493 
110 170
170 154
154 459
459 316
316 641
641 520
520 576
576 493
493 519
519 30
30 737
737 114
114 360
360 476
476 195
195 754
754 531
615 185 612 103 348 293 291 537 172 215 253 2 672 148 390 725 447 355 437 33 405 720 
720 405
405 33
33 355
355 437
437 390
390 725
725 447
447 148
148 348
348 672
672 2
2 612
612 185
185 615
615 103
103 253
253 172
172 293
293 215
215 291
291 537
102 468 516 63 686 246 535 213 184 389 680 503 441 
503 441
441 184
184 213
213 535
535 246
246 686
686 63
63 516
516 468
468 102
102 389
389 680
367 164 122 123 24 78 249 500 378 629 288 174 403 
403 174
174 78
78 249
249 24
24 164
164 367
367 122
122 123
123 288
288 500
500 378
378 629
733 666 3 404 721 569 421 109 87 271 372 
271 87
87 666
666 733
733 421
421 109
109 569
569 3
3 404
404 721
721 372
760 480 418 284 143 192 357 248 560 547 208 562 781 315 610 58 568 
568 58
58 610
610 781
781 192
192 315
315 760
760 143
143 547
547 480
480 418
418 284
284 357
357 560
560 248
248 208
208 562
144 167 732 431 201 356 263 648 593 153 589 426 757 
732 431
431 167
167 144
144 356
356 201
201 648
648 263
263 589
589 153
153 593
593 426
426 757
228 511 70 588 220 577 136 200 694 505 65 756 334 668 180 678 224 495 338 571 639 118 415 
338 495
495 224
224 70
70 588
588 511
511 220
220 228
228 136
136 577
577 639
639 415
415 200
200 694
694 118
118 571
571 505
505 334
334 668
668 65
65 180
180 678
678 756
53 700 247 326 375 448 420 259 509 573 223 264 362 485 45 388 198 752 147 251 290 261 304 591 281 738 692 768 
692 281
281 738
738 591
591 304
304 752
752 261
261 147
147 768
768 198
198 388
388 290
290 251
251 45
45 53
53 264
264 375
375 362
362 700
700 485
485 448
448 223
223 247
247 573
573 326
326 420
420 259
259 509
691 728 131 256 
256 131
131 728
728 691
97 411 643 454 518 
518 454
454 643
643 411
411 97
320 684 107 28 322 452 391 442 9 676 91 513 670 635 295 561 
635 513
513 670
670 676
676 91
91 9
9 442
442 561
561 295
295 391
391 452
452 322
322 28
28 107
107 684
684 320
478 491 54 206 
491 478
478 54
54 206
574 714 707 361 181 559 
574 714
714 361
361 707
707 181
181 559
380 575 27 799 747 730 335 587 642 242 4 688 266 42 653 558 31 49 36 130 111 373 
36 130
130 111
111 49
49 558
558 373
373 653
653 42
42 31
31 242
242 642
642 587
587 747
747 799
799 27
27 575
575 380
380 335
335 730
730 4
4 688
688 266
309 449 424 19 366 328 602 621 190 80 57 658 645 209 586 225 299 396 726 66 341 239 770 788 394 671 289 419 473 450 51 578 464 286 461 773 727 583 792 
792 583
583 727
727 341
341 239
239 773
773 461
461 394
394 788
788 286
286 770
770 464
464 671
671 66
66 289
289 419
419 473
473 726
726 450
450 51
51 578
578 396
396 299
299 328
328 366
366 19
19 424
424 602
602 309
309 449
449 80
80 621
621 658
658 190
190 57
57 645
645 209
209 586
586 225
34 303 158 425 446 685 244 265 81 40 323 406 183 740 656 545 62 354 108 93 430 604 651 627 218 772 175 165 457 718 342 301 600 324 776 715 149 71 22 636 
149 715
715 22
22 71
71 636
636 776
776 600
600 165
165 324
324 342
342 718
718 301
301 175
175 772
772 218
218 457
457 651
651 627
627 93
93 604
604 108
108 430
430 354
354 62
62 545
545 656
656 740
740 183
183 81
81 244
244 685
685 40
40 323
323 406
406 446
446 265
265 34
34 303
303 158
158 425
196 52 731 177 797 287 169 207 69 285 88 585 764 590 
169 287
287 797
797 177
177 207
207 731
731 69
69 196
196 285
285 52
52 88
88 764
764 585
585 590
490 565 121 277 60 601 89 729 336 43 347 453 657 716 521 557 750 12 549 252 210 168 486 74 120 67 786 282 370 423 235 599 392 364 529 10 556 723 467 744 524 690 751 159 383 257 489 14 664 487 540 499 128 783 563 743 365 444 564 572 463 138 709 460 469 507 75 779 330 484 416 701 470 660 217 141 705 79 633 101 104 533 763 673 787 254 369 767 37 350 38 451 99 279 712 546 270 625 306 525 32 780 13 6 713 541 475 526 753 769 325 778 579 774 761 351 68 696 203 455 318 683 623 156 699 132 140 611 762 
330 486
486 556
556 392
392 75
75 779
779 10
10 529
529 168
168 364
364 210
210 470
470 507
507 723
723 484
484 252
252 701
701 549
549 467
467 416
416 460
460 709
709 744
744 89
89 524
524 138
138 60
60 336
336 463
463 43
43 729
729 601
601 469
469 660
660 277
277 217
217 159
159 121
121 347
347 565
565 141
141 453
453 490
490 690
690 705
705 716
716 657
657 751
751 79
79 12
12 633
633 101
101 521
521 750
750 557
557 282
282 712
712 774
774 351
351 546
546 74
74 763
763 761
761 104
104 120
120 563
563 370
370 533
533 579
579 423
423 783
783 67
67 270
270 778
778 128
128 786
786 499
499 743
743 235
235 787
787 673
673 599
599 325
325 487
487 625
625 664
664 540
540 257
257 254
254 383
383 14
14 489
489 769
769 369
369 38
38 279
279 572
572 767
767 564
564 444
444 365
365 350
350 37
37 451
451 99
99 306
306 525
525 713
713 6
6 32
32 13
13 780
780 611
611 541
541 475
475 526
526 132
132 699
699 140
140 203
203 68
68 753
753 455
455 696
696 318
318 683
683 623
623 156
156 762
171 510 245 443 41 759 85 517 
85 517
517 759
759 41
41 510
510 171
171 443
443 245
704 584 77 189 553 675 
77 704
704 584
584 189
189 553
553 675
412 145 777 
412 145
145 777
278 542 139 550 626 677 687 654 0 595 16 76 240 711 359 765 229 157 178 399 237 18 134 274 92 719 162 179 
237 18
18 399
399 229
229 765
765 359
359 711
711 162
162 179
179 178
178 240
240 76
76 157
157 719
719 16
16 92
92 134
134 595
595 274
274 0
0 654
654 278
278 687
687 677
677 542
542 139
139 550
550 626
514 333 458 268 616 798 127 
127 798
798 616
616 268
268 458
458 514
514 333
628 597 
628 597
488 655 
655 488
39 483 385 482 8 607 46 538 21 199 230 
230 199
199 21
21 39
39 483
483 607
607 385
385 8
8 482
482 46
46 538
669 297 202 310 260 
260 310
310 202
202 297
297 669
83 474 343 702 161 555 250 613 280 796 698 
83 474
474 343
343 702
702 161
161 555
555 250
250 613
613 280
280 796
796 698
592 296 1 95 243 462 29 497 20 227 708 311 313 637 790 620 317 
637 313
313 311
311 462
462 243
243 29
29 95
95 1
1 708
708 497
497 296
296 20
20 592
592 227
227 790
790 620
620 317
82 176 504 632 594 466 321 216 646 735 125 661 124 624 662 532 741 221 300 397 231 86 736 682 697 445 205 151 47 305 506 332 496 630 634 742 793 
176 82
82 445
445 205
205 504
504 151
151 682
682 632
632 86
86 736
736 594
594 466
466 697
697 735
735 300
300 397
397 321
321 231
231 216
216 646
646 221
221 125
125 661
661 741
741 624
624 124
124 662
662 532
532 47
47 305
305 506
506 332
332 496
496 793
793 630
630 742
742 634
605 255 706 795 105 15 234 119 106 371 112 515 409 96 522 398 269 283 340 710 567 512 236 502 598 
598 502
502 236
236 512
512 605
605 255
255 409
409 515
515 706
706 112
112 795
795 371
371 105
105 106
106 96
96 15
15 269
269 234
234 119
119 522
522 398
398 710
710 340
340 283
283 567
294 494 551 163 7 353 377 339 401 407 534 471 11 
407 401
401 494
494 294
294 377
377 163
163 551
551 353
353 7
7 471
471 339
339 11
11 534
543 160 794 386 308 146 276 
276 146
146 308
308 160
160 543
543 794
794 386
408 724 187 
408 724
724 187
789 349 382 98 693 314 608 166 393 126 222 
222 126
126 166
166 393
393 608
608 789
789 349
349 382
382 98
98 693
693 314
745 55 376 64 59 48 665 758 5 25 292 395 137 186 327 
327 186
186 137
137 395
395 292
292 5
5 758
758 665
665 64
64 48
48 376
376 55
55 25
25 59
59 745
346 622 766 432 155 226 749 784 17 262 614 
749 622
622 784
784 346
346 226
226 155
155 766
766 432
432 262
262 17
17 614
580 319 307 238 413 746 659 508 379 
413 319
319 238
238 580
580 307
307 746
746 659
659 508
508 379
433 619 84 456 481 
481 433
433 84
84 456
456 619
142 
113 258 173 428 771 650 363 544 734 477 618 117 596 374 232 44 410 302 739 528 438 
374 596
596 117
117 618
618 477
477 734
734 44
44 544
544 232
232 410
410 173
173 113
113 258
258 739
739 302
302 428
428 528
528 771
771 438
438 650
650 363
135 414 647 94 214 402 56 674 26 722 204 188 387 
204 722
722 402
402 26
26 214
214 56
56 414
414 135
135 188
188 647
647 94
94 674
674 387
689 275 679 72 703 400 241 331 663 640 
689 275
275 679
679 72
72 703
703 241
241 400
400 331
331 663
663 640
267 211 197 
197 211
211 267
233 440 570 61 344 609 785 272 129 667 193 644 429 345 479 791 755 133 23 498 695 35 631 
631 35
35 133
133 755
755 695
695 23
23 345
345 429
429 498
498 193
193 644
644 667
667 129
129 479
479 791
791 272
272 785
785 609
609 344
344 61
61 570
570 233
233 440
