!
793 
235 
466 756 733 139 346 726 354 668 
139 733
733 346
346 726
726 466
466 756
756 354
354 668
142 57 788 580 666 
57 142
142 788
788 580
580 666
677 123 237 650 
650 237
237 123
123 677
390 322 400 
390 322
322 400
453 377 211 635 387 
453 377
377 387
387 211
211 635
716 92 313 391 136 544 584 
584 544
544 716
716 92
92 136
136 313
313 391
309 582 266 186 555 295 484 618 
266 186
186 295
295 555
555 309
309 618
618 484
484 582
572 230 
230 572
234 358 368 164 124 531 749 104 
104 368
368 164
164 124
124 531
531 749
749 234
234 358
284 194 432 759 565 769 770 288 699 
699 288
288 770
770 565
565 432
432 769
769 194
194 759
759 284
534 72 536 
534 72
72 536
263 
624 338 83 
624 338
338 83
504 657 289 
657 289
289 504
274 34 492 495 81 
81 492
492 34
34 274
274 495
722 
181 
511 
728 163 135 250 
250 135
135 728
728 163
485 483 721 526 58 634 
526 721
721 483
483 485
485 58
58 634
152 692 302 731 
152 302
302 692
692 731
556 405 
405 556
333 
499 518 275 660 654 440 
440 654
654 660
660 275
275 518
518 499
737 619 297 401 352 774 412 8 386 16 215 
412 774
774 386
386 352
352 8
8 401
401 297
297 737
737 619
619 16
16 215
204 332 
204 332
500 114 
500 114
187 175 183 337 159 2 
183 337
337 159
159 175
175 187
187 2
351 430 396 626 455 366 40 399 532 
532 399
399 40
40 366
366 455
455 351
351 626
626 430
430 396
178 708 488 273 
273 488
488 178
178 708
157 546 596 334 418 516 529 545 
516 418
418 546
546 545
545 157
157 596
596 334
334 529
609 33 300 161 
300 33
33 609
609 161
632 304 461 655 389 82 757 
82 389
389 632
632 757
757 304
304 461
461 655
398 576 614 335 662 69 
69 614
614 398
398 576
576 335
335 662
695 606 67 
67 606
606 695
646 28 291 27 454 633 718 564 581 434 588 567 258 168 605 78 671 224 244 593 647 487 96 222 643 24 411 
96 222
222 671
671 487
487 643
643 78
78 24
24 647
647 411
411 593
593 244
244 224
224 605
605 168
168 258
258 646
646 567
567 28
28 588
588 434
434 581
581 564
564 291
291 718
718 27
27 454
454 633
19 293 725 
725 293
293 19
49 503 
49 503
151 53 422 653 11 551 
653 422
422 11
11 551
551 53
53 151
519 469 
469 519
690 202 312 766 697 227 262 735 
735 262
262 697
697 766
766 312
312 227
227 690
690 202
393 
578 373 402 778 137 680 271 240 542 436 480 607 316 
607 542
542 436
436 240
240 680
680 373
373 578
578 271
271 402
402 778
778 137
137 480
480 316
359 192 472 429 319 76 521 739 617 154 199 209 554 13 278 444 720 506 478 678 193 298 762 184 
472 506
506 192
192 76
76 444
444 720
720 359
359 478
478 429
429 319
319 521
521 739
739 678
678 617
617 193
193 154
154 298
298 184
184 762
762 199
199 554
554 13
13 209
209 278
110 482 767 206 210 713 107 100 777 760 598 150 268 615 
100 777
777 210
210 206
206 767
767 482
482 713
713 110
110 107
107 760
760 598
598 615
615 150
150 268
630 147 307 538 552 591 570 683 601 505 116 648 85 102 144 10 
144 10
10 552
552 570
570 683
683 538
538 102
102 630
630 307
307 147
147 85
85 601
601 648
648 505
505 591
591 116
245 
48 407 226 
48 226
226 407
659 314 167 141 
167 141
141 314
314 659
558 119 349 
558 119
119 349
311 
372 320 586 
586 372
372 320
12 35 182 15 
182 15
15 12
12 35
686 259 684 442 108 310 428 127 431 644 798 
431 798
798 644
644 108
108 127
127 428
428 686
686 442
442 684
684 259
259 310
496 29 602 799 
799 602
602 496
496 29
600 
785 130 523 41 
41 523
523 785
785 130
236 675 
236 675
160 353 420 62 
62 353
353 160
160 420
296 355 775 797 691 450 191 261 52 336 
336 52
52 191
191 261
261 450
450 691
691 797
797 775
775 296
296 355
566 112 758 437 113 212 
113 437
437 758
758 566
566 112
112 212
95 408 
408 95
42 703 789 39 
789 42
42 703
703 39
31 318 
318 31
597 610 
597 610
125 776 239 218 750 
750 218
218 239
239 776
776 125
247 290 272 464 515 129 301 
301 129
129 272
272 515
515 464
464 290
290 247
165 509 651 133 280 
165 509
509 133
133 651
651 280
747 
265 560 553 287 751 547 
547 751
751 553
553 265
265 560
560 287
3 
639 384 376 664 317 321 51 195 
321 317
317 664
664 376
376 51
51 639
639 195
195 384
696 672 638 
672 638
638 696
623 748 243 171 
623 748
748 243
243 171
530 
627 66 
627 66
61 543 
61 543
792 663 783 755 86 254 
86 755
755 783
783 663
663 254
254 792
326 285 217 641 577 446 381 97 681 153 233 
233 577
577 153
153 285
285 217
217 326
326 641
641 446
446 381
381 97
97 681
382 479 629 590 
590 479
479 382
382 629
232 
176 734 603 
176 734
734 603
585 162 340 549 143 501 241 80 196 628 395 128 782 270 
270 782
782 143
143 80
80 585
585 128
128 241
241 162
162 549
549 395
395 628
628 340
340 196
196 501
457 711 17 207 539 689 419 475 77 723 773 738 299 
207 738
738 17
17 711
711 457
457 539
539 689
689 299
299 419
419 77
77 475
475 723
723 773
64 
269 
174 636 763 673 188 47 439 517 476 248 255 604 109 221 498 694 611 
611 694
694 221
221 498
498 109
109 439
439 517
517 476
476 604
604 188
188 673
673 174
174 763
763 636
636 47
47 248
248 255
257 528 
528 257
587 73 
73 587
306 
216 669 665 467 687 30 397 21 91 497 370 736 50 260 180 409 468 415 537 
409 260
260 50
50 497
497 370
370 736
736 91
91 21
21 397
397 180
180 537
537 687
687 468
468 467
467 415
415 665
665 30
30 216
216 669
75 74 710 60 510 369 365 
365 510
510 369
369 60
60 710
710 74
74 75
791 784 727 229 433 375 371 361 413 213 
229 727
727 784
784 791
791 361
361 213
213 371
371 433
433 413
413 375
425 228 
228 425
548 
292 303 707 
707 303
303 292
25 
790 126 43 251 649 742 103 574 38 383 264 465 89 568 277 561 0 676 200 522 414 331 357 764 166 347 
465 568
568 264
264 347
347 166
166 649
649 742
742 126
126 383
383 357
357 790
790 331
331 251
251 43
43 414
414 561
561 103
103 574
574 38
38 89
89 277
277 0
0 764
764 676
676 200
200 522
342 
388 514 443 203 5 557 
557 5
5 203
203 443
443 388
388 514
494 59 90 688 404 201 286 
286 494
494 201
201 59
59 90
90 688
688 404
513 752 
752 513
779 772 93 132 724 367 620 
367 724
724 132
132 779
779 772
772 93
93 620
406 158 294 
406 294
294 158
345 486 550 796 661 205 533 490 
205 345
345 486
486 533
533 490
490 550
550 796
796 661
780 356 658 177 
780 356
356 658
658 177
70 541 276 146 94 189 410 753 223 
276 541
541 146
146 70
70 94
94 189
189 410
410 753
753 223
743 44 
44 743
452 426 
452 426
36 706 
706 36
781 714 573 
573 781
781 714
642 562 122 
122 562
562 642
421 
208 459 
208 459
712 520 
520 712
87 
693 667 46 249 
46 667
667 693
693 249
705 473 14 256 
256 14
14 705
705 473
575 56 267 172 308 508 99 325 717 
267 56
56 575
575 172
172 325
325 99
99 308
308 508
508 717
32 441 
32 441
435 594 348 599 7 
7 599
599 348
348 594
594 435
238 140 786 
238 140
140 786
329 709 134 79 
134 79
79 709
709 329
392 787 631 670 246 20 115 198 
787 392
392 115
115 20
20 631
631 246
246 670
670 198
702 328 682 569 22 471 344 220 595 423 608 477 
22 702
702 569
569 328
328 471
471 682
682 344
344 595
595 220
220 423
423 608
608 477
37 
795 
327 18 
327 18
190 
170 674 622 98 378 283 360 214 470 197 
197 470
470 360
360 283
283 170
170 674
674 622
622 214
214 378
378 98
746 592 
592 746
343 252 765 
765 252
252 343
701 
794 379 652 
794 379
379 652
323 118 449 621 111 489 363 179 571 616 771 253 315 105 
253 771
771 616
616 179
179 489
489 363
363 571
571 111
111 449
449 621
621 315
315 105
105 118
118 323
445 563 
563 445
121 242 185 403 71 507 493 612 447 502 451 525 120 416 
451 120
120 525
525 502
502 447
447 416
416 612
612 493
493 403
403 71
71 507
507 185
185 121
121 242
88 362 527 540 394 281 524 
524 527
527 394
394 540
540 362
362 88
88 281
305 729 282 768 131 458 
768 729
729 131
131 282
282 458
458 305
698 
339 
4 364 679 138 68 149 
364 4
4 679
679 138
138 68
68 149
374 45 637 1 380 
374 45
45 637
637 1
1 380
341 231 625 55 117 279 63 225 
225 63
63 279
279 117
117 341
341 231
231 625
625 55
719 
145 
704 65 
65 704
535 761 
761 535
583 
754 
448 
744 
84 324 54 491 
54 491
491 324
324 84
106 
740 456 350 700 438 9 26 424 685 559 
559 685
685 424
424 26
26 9
9 740
740 438
438 350
350 700
700 456
462 589 730 101 
462 589
589 730
730 101
481 330 155 
155 330
330 481
474 
579 640 219 156 385 148 
148 385
385 219
219 156
156 640
640 579
512 613 6 
613 512
512 6
463 645 745 
463 645
645 745
741 460 173 417 732 656 715 427 23 169 
715 732
732 417
417 741
741 460
460 173
173 656
656 427
427 23
23 169
