!
791 492 
791 492
250 152 788 479 
788 250
250 152
152 479
420 775 308 
308 420
420 775
457 
0 724 156 517 773 212 734 347 
773 517
517 156
156 734
734 212
212 724
724 0
0 347
298 
136 2 291 
291 2
2 136
39 93 440 
39 93
93 440
15 489 553 
15 489
489 553
76 625 447 652 11 5 14 602 380 58 204 367 544 10 654 395 
395 380
380 58
58 204
204 367
367 602
602 14
14 5
5 652
652 11
11 447
447 625
625 76
76 544
544 10
10 654
378 796 527 55 480 
480 527
527 55
55 796
796 378
383 677 372 470 201 584 170 376 665 
665 584
584 170
170 376
376 201
201 470
470 677
677 372
372 383
749 
306 
121 547 22 777 660 729 471 62 18 631 
547 121
121 22
22 471
471 777
777 660
660 62
62 729
729 18
18 631
454 
748 781 
781 748
28 
763 691 387 162 
162 387
387 691
691 763
41 699 300 799 70 233 
233 70
70 799
799 300
300 699
699 41
149 17 680 456 668 709 278 780 
456 680
680 149
149 668
668 17
17 278
278 709
709 780
570 
99 
486 761 694 753 292 413 103 
753 413
413 292
292 761
761 694
694 486
486 103
316 164 727 
727 164
164 316
608 679 798 47 46 702 169 346 113 
798 679
679 608
608 47
47 46
46 702
702 346
346 169
169 113
360 118 408 426 
360 118
118 408
408 426
435 
266 
634 750 74 36 756 701 138 326 231 686 518 558 25 64 
64 518
518 686
686 231
231 558
558 25
25 326
326 138
138 756
756 36
36 750
750 701
701 634
634 74
120 718 221 38 322 559 303 
303 559
559 322
322 38
38 221
221 120
120 718
24 469 606 650 
24 469
469 650
650 606
127 404 587 375 640 
127 587
587 375
375 404
404 640
307 554 483 228 244 
307 554
554 228
228 483
483 244
711 161 669 548 568 94 575 
161 548
548 711
711 669
669 575
575 568
568 94
247 79 616 472 63 461 688 388 615 340 191 339 176 425 
472 616
616 247
247 340
340 79
79 63
63 191
191 461
461 339
339 688
688 388
388 615
615 176
176 425
538 442 101 
538 442
442 101
44 658 484 
484 658
658 44
180 770 
180 770
659 722 703 
703 659
659 722
765 732 649 259 268 52 352 122 624 
352 52
52 268
268 122
122 259
259 624
624 765
765 732
732 649
523 774 576 130 61 
774 523
523 61
61 576
576 130
717 641 737 318 230 299 211 
211 299
299 318
318 641
641 230
230 737
737 717
16 
536 205 
536 205
605 507 592 213 73 338 503 267 290 754 490 27 655 146 241 797 638 493 792 80 126 35 656 171 670 56 362 782 
362 782
782 56
56 171
171 656
656 670
670 35
35 493
493 80
80 792
792 638
638 126
126 605
605 290
290 507
507 592
592 213
213 73
73 338
338 503
503 241
241 146
146 267
267 797
797 754
754 490
490 655
655 27
745 
458 451 131 452 258 700 374 34 195 421 96 49 414 
421 258
258 34
34 195
195 700
700 451
451 131
131 96
96 458
458 414
414 452
452 49
49 374
610 256 731 531 453 402 
531 731
731 610
610 256
256 453
453 402
112 627 178 37 140 465 370 
178 112
112 627
627 37
37 370
370 465
465 140
72 512 285 184 566 
184 566
566 285
285 512
512 72
365 166 382 589 357 53 329 588 390 104 262 31 82 21 
365 166
166 31
31 262
262 382
382 104
104 588
588 390
390 357
357 21
21 589
589 329
329 53
53 82
281 
134 209 342 398 102 645 578 
102 578
578 645
645 398
398 209
209 134
134 342
551 280 151 657 611 549 153 
153 549
549 551
551 611
611 280
280 151
151 657
681 311 630 706 687 1 705 644 535 
311 681
681 687
687 706
706 630
630 1
1 705
705 644
644 535
541 
597 40 771 295 368 363 401 
40 771
771 597
597 295
295 368
368 401
401 363
270 
91 698 327 767 663 124 586 710 194 232 246 620 97 294 444 159 160 325 251 581 30 193 
294 444
444 97
97 159
159 620
620 586
586 160
160 246
246 767
767 325
325 710
710 327
327 698
698 194
194 124
124 91
91 232
232 663
663 581
581 251
251 30
30 193
391 48 
48 391
683 393 716 
683 716
716 393
89 26 574 
26 89
89 574
516 400 68 95 434 
434 68
68 95
95 400
400 516
487 614 6 297 141 793 719 515 288 768 653 779 32 279 
279 288
288 32
32 515
515 779
779 719
719 793
793 141
141 768
768 6
6 614
614 487
487 653
653 297
766 
776 673 585 689 
673 776
776 689
689 585
240 373 57 345 519 406 500 20 446 242 
519 345
345 406
406 500
500 20
20 57
57 446
446 242
242 373
373 240
54 293 245 
54 293
293 245
545 460 546 
546 545
545 460
418 167 110 75 416 337 217 794 468 148 427 
148 468
468 427
427 794
794 217
217 75
75 337
337 110
110 416
416 418
418 167
157 328 86 
157 328
328 86
154 397 740 66 317 309 
154 397
397 740
740 66
66 317
317 309
43 147 385 324 7 502 751 269 431 410 738 618 100 187 
100 751
751 269
269 502
502 7
7 187
187 738
738 385
385 324
324 147
147 43
43 431
431 410
410 618
51 296 359 177 354 622 227 384 320 263 83 744 
177 296
296 51
51 359
359 227
227 384
384 354
354 622
622 320
320 744
744 83
83 263
540 596 685 
685 540
540 596
405 92 462 
405 92
92 462
671 77 145 743 741 9 
741 9
9 145
145 77
77 743
743 671
448 
174 450 514 42 198 496 
514 174
174 42
42 198
198 450
450 496
332 315 428 189 790 676 
676 790
790 189
189 315
315 428
428 332
277 715 582 
715 277
277 582
181 661 757 
757 661
661 181
429 599 183 488 192 682 78 690 562 498 623 
183 429
429 599
599 488
488 192
192 682
682 78
78 690
690 562
562 498
498 623
591 603 129 81 
129 591
591 81
81 603
163 
394 760 261 45 455 132 475 386 565 249 284 4 525 98 65 168 593 319 520 707 506 
261 394
394 45
45 760
760 455
455 132
132 475
475 386
386 565
565 249
249 284
284 4
4 525
525 98
98 168
168 65
65 593
593 707
707 520
520 319
319 506
200 
128 
746 695 513 607 381 
381 746
746 607
607 513
513 695
675 411 636 
636 411
411 675
633 
537 109 255 90 144 629 524 697 736 667 206 3 692 
667 736
736 90
90 255
255 537
537 109
109 144
144 524
524 629
629 697
697 3
3 206
206 692
772 521 229 693 
229 772
772 521
521 693
85 504 725 
504 725
725 85
223 336 613 190 590 234 115 632 371 283 139 467 626 726 785 499 377 572 155 
377 499
499 572
572 139
139 283
283 371
371 155
155 632
632 115
115 626
626 467
467 785
785 190
190 613
613 336
336 726
726 223
223 590
590 234
501 433 491 135 769 50 
135 491
491 433
433 501
501 769
769 50
214 412 752 674 220 248 758 505 330 742 125 133 424 243 530 477 
477 530
530 243
243 424
424 133
133 125
125 742
742 330
330 214
214 674
674 412
412 752
752 220
220 248
248 758
758 505
302 422 481 628 439 158 13 595 617 210 225 598 708 186 637 564 
595 13
13 158
158 637
637 564
564 617
617 302
302 186
186 708
708 481
481 422
422 210
210 439
439 598
598 628
628 225
348 
150 
430 
795 407 301 787 735 273 789 264 733 528 
301 795
795 407
407 735
735 787
787 273
273 789
789 528
528 264
264 733
436 730 764 522 
522 730
730 764
764 436
714 272 
714 272
666 356 23 252 747 464 556 117 111 550 783 696 534 323 759 366 
759 323
323 366
366 534
534 696
696 23
23 356
356 666
666 252
252 747
747 464
464 556
556 117
117 111
111 550
550 783
635 712 314 265 561 723 720 271 275 
271 275
275 720
720 723
723 561
561 265
265 314
314 712
712 635
208 482 8 619 114 353 84 289 639 
482 208
208 353
353 619
619 8
8 114
114 639
639 289
289 84
274 569 557 
274 569
569 557
239 286 571 87 107 312 351 474 203 12 664 361 137 67 594 419 197 721 511 331 
67 571
571 361
361 137
137 239
239 664
664 87
87 12
12 203
203 286
286 312
312 474
474 351
351 107
107 594
594 419
419 721
721 511
511 331
331 197
432 580 
432 580
207 510 
207 510
379 173 778 389 583 573 713 662 604 179 485 175 33 369 236 542 
236 369
369 485
485 33
33 379
379 175
175 713
713 604
604 573
573 179
179 542
542 173
173 778
778 389
389 662
662 583
310 
254 142 762 648 341 473 647 304 
304 647
647 473
473 254
254 142
142 762
762 648
648 341
106 
643 423 
423 643
438 358 344 219 334 567 466 60 437 
466 219
219 344
344 334
334 567
567 60
60 437
437 358
358 438
543 59 784 612 
784 612
612 59
59 543
235 494 409 333 495 287 508 478 445 609 188 651 509 672 497 459 165 257 224 69 19 555 563 529 123 786 415 343 621 
497 672
672 509
509 651
651 609
609 445
445 188
188 478
478 508
508 287
287 333
333 409
409 494
494 495
495 235
235 257
257 459
459 165
165 224
224 69
69 343
343 19
19 415
415 555
555 563
563 786
786 621
621 529
529 123
350 539 
539 350
260 238 704 29 392 202 71 403 728 560 216 755 678 321 222 533 417 441 215 335 143 305 199 364 349 601 
601 349
349 364
364 199
199 202
202 305
305 143
143 704
704 29
29 238
238 678
678 392
392 755
755 216
216 321
321 560
560 222
222 728
728 533
533 403
403 71
71 260
260 335
335 215
215 441
441 417
105 
526 642 182 196 172 449 
449 642
642 526
526 182
182 196
196 172
463 
282 684 600 355 646 313 116 577 88 108 185 476 237 
237 600
600 684
684 282
282 577
577 355
355 116
116 313
313 88
88 646
646 476
476 108
108 185
443 
276 579 
276 579
253 
119 218 532 739 226 552 
552 226
226 739
739 532
532 119
119 218
396 399 
399 396
