!
556 598 434 242 398 588 689 42 168 
556 598
598 434
434 242
242 398
398 689
689 588
588 42
42 168
82 95 71 239 240 23 139 384 547 28 260 198 
240 239
239 23
23 71
71 95
95 139
139 82
82 198
198 384
384 547
547 28
28 260
303 253 18 620 695 714 526 
714 695
695 526
526 620
620 18
18 253
253 303
565 428 533 
533 428
428 565
686 
456 293 465 329 75 718 763 474 396 
763 396
396 75
75 474
474 329
329 465
465 456
456 293
293 718
338 684 619 652 289 497 
684 338
338 497
497 619
619 289
289 652
27 263 
27 263
144 166 453 521 
521 166
166 453
453 144
131 
213 485 
213 485
138 578 631 508 125 
508 578
578 138
138 125
125 631
771 
400 
150 
210 
706 319 
319 706
105 
55 496 232 
496 232
232 55
786 
112 506 692 
692 506
506 112
537 671 635 184 54 613 415 536 461 
537 461
461 671
671 635
635 184
184 613
613 54
54 415
415 536
798 167 628 241 577 32 97 643 678 437 116 484 46 
798 167
167 116
116 628
628 437
437 484
484 46
46 241
241 643
643 577
577 678
678 32
32 97
717 
794 87 644 283 375 377 704 316 381 498 
375 283
283 377
377 644
644 87
87 704
704 316
316 498
498 381
381 794
546 279 551 793 
793 279
279 546
546 551
734 
441 520 365 180 650 559 636 309 222 730 235 299 313 
222 636
636 180
180 441
441 520
520 299
299 730
730 235
235 365
365 650
650 559
559 309
309 313
264 388 94 45 661 645 
264 388
388 94
94 45
45 661
661 645
37 35 
37 35
782 149 442 41 148 142 470 
782 470
470 149
149 442
442 148
148 41
41 142
647 716 361 649 404 352 570 208 261 685 
208 352
352 570
570 361
361 647
647 649
649 716
716 261
261 404
404 685
193 6 
193 6
371 514 165 128 4 2 103 120 632 691 505 611 110 535 
535 371
371 165
165 514
514 110
110 505
505 611
611 128
128 691
691 632
632 4
4 120
120 2
2 103
795 308 438 
308 795
795 438
444 259 
259 444
783 480 712 
712 480
480 783
583 270 195 
195 583
583 270
286 358 604 
286 358
358 604
477 66 
66 477
93 623 
623 93
47 640 
47 640
667 96 
667 96
768 
100 373 
100 373
739 486 
739 486
163 202 334 738 427 476 618 390 152 203 
390 618
618 152
152 476
476 203
203 163
163 427
427 738
738 202
202 334
107 723 345 
107 345
345 723
40 291 529 478 
478 529
529 291
291 40
468 407 13 721 70 688 725 24 698 780 231 729 541 132 416 160 273 522 233 300 392 553 625 
698 721
721 24
24 13
13 468
468 725
725 688
688 407
407 70
70 780
780 231
231 729
729 541
541 416
416 132
132 160
160 522
522 273
273 233
233 300
300 392
392 553
553 625
482 772 
772 482
379 282 265 196 215 185 448 
379 448
448 185
185 282
282 265
265 196
196 215
79 
109 594 186 302 
186 594
594 302
302 109
227 449 143 248 680 586 648 369 642 333 26 72 266 421 617 
617 26
26 72
72 421
421 333
333 266
266 680
680 642
642 586
586 248
248 227
227 648
648 369
369 449
449 143
285 305 
285 305
229 342 770 513 51 173 
342 229
229 51
51 770
770 513
513 173
666 626 664 
666 626
626 664
659 609 
609 659
226 354 247 589 378 490 744 194 145 25 562 411 710 
194 145
145 378
378 25
25 411
411 354
354 562
562 710
710 226
226 247
247 490
490 744
744 589
225 431 707 
225 431
431 707
656 
355 340 797 576 665 
576 665
665 797
797 340
340 355
30 
709 
1 188 207 
207 1
1 188
22 99 430 
22 99
99 430
237 
350 201 
201 350
118 376 
118 376
668 337 256 726 284 741 
741 284
284 726
726 256
256 337
337 668
711 362 745 646 
362 711
711 745
745 646
641 310 581 89 17 614 690 224 314 267 
641 310
310 89
89 581
581 17
17 614
614 224
224 690
690 314
314 267
187 106 
106 187
206 728 
206 728
121 462 569 269 439 697 731 394 190 651 489 754 713 297 
462 569
569 121
121 269
269 439
439 731
731 697
697 394
394 190
190 651
651 297
297 489
489 754
754 713
243 601 
601 243
258 124 
124 258
409 295 317 493 463 494 119 422 92 402 
295 409
409 317
317 493
493 92
92 422
422 402
402 463
463 494
494 119
727 171 399 113 573 
727 171
171 399
399 113
113 573
360 
446 591 722 0 724 633 250 
591 446
446 724
724 722
722 0
0 633
633 250
599 592 249 86 679 
86 599
599 249
249 592
592 679
694 80 140 81 540 328 774 761 742 615 
774 761
761 328
328 742
742 540
540 615
615 80
80 694
694 140
140 81
776 155 336 
336 776
776 155
554 8 
8 554
374 
699 192 
699 192
134 76 766 500 747 290 
747 290
290 766
766 76
76 500
500 134
634 339 523 445 344 
523 634
634 445
445 344
344 339
223 475 
475 223
347 605 487 503 673 67 693 
693 67
67 673
673 347
347 605
605 487
487 503
11 
499 777 220 20 294 91 12 752 
20 220
220 91
91 752
752 12
12 294
294 777
777 499
425 572 126 602 327 519 154 39 606 550 
154 519
519 327
327 550
550 602
602 39
39 606
606 572
572 126
126 425
534 
630 211 417 114 464 50 
114 211
211 417
417 630
630 464
464 50
366 182 281 254 98 424 69 
366 281
281 182
182 254
254 98
98 424
424 69
452 796 15 367 405 16 
452 405
405 796
796 16
16 15
15 367
705 773 737 332 
332 705
705 773
773 737
653 393 751 566 597 746 532 257 78 674 262 510 147 616 217 
217 532
532 147
147 616
616 510
510 566
566 653
653 751
751 393
393 597
597 78
78 746
746 257
257 674
674 262
413 587 
413 587
10 458 56 251 
56 10
10 458
458 251
488 9 84 757 63 515 
9 757
757 488
488 84
84 63
63 515
435 403 331 
435 331
331 403
372 
501 759 321 571 277 607 579 382 156 
156 382
382 501
501 607
607 277
277 571
571 759
759 321
321 579
454 518 
518 454
356 181 117 
356 181
181 117
764 414 359 172 136 395 320 701 517 364 682 
764 414
414 359
359 517
517 172
172 701
701 364
364 136
136 395
395 320
320 682
115 14 324 
14 324
324 115
304 
676 318 451 432 575 
575 432
432 676
676 318
318 451
584 
662 603 197 531 5 
662 603
603 5
5 197
197 531
596 380 170 108 238 784 719 629 789 
719 784
784 789
789 629
629 596
596 380
380 170
170 238
238 108
228 
663 383 762 758 146 516 386 191 
516 386
386 146
146 383
383 758
758 663
663 191
191 762
179 130 61 669 660 561 
561 130
130 179
179 61
61 660
660 669
538 
64 756 792 
64 756
756 792
558 52 326 687 670 127 
687 326
326 52
52 127
127 670
670 558
349 564 542 509 31 323 385 85 175 102 733 151 450 357 457 298 574 122 199 
457 298
298 574
574 122
122 199
199 450
450 357
357 151
151 349
349 564
564 323
323 385
385 542
542 509
509 31
31 85
85 175
175 102
102 733
162 68 549 159 
162 549
549 159
159 68
504 563 137 492 177 272 62 471 59 530 555 
177 272
272 62
62 471
471 504
504 492
492 563
563 137
137 555
555 59
59 530
481 3 778 622 
622 778
778 481
481 3
426 696 543 244 436 703 153 276 58 288 791 312 610 
426 791
791 696
696 610
610 436
436 244
244 703
703 543
543 312
312 153
153 276
276 288
288 58
73 544 
73 544
419 
183 325 
183 325
306 315 189 502 472 
306 315
315 189
189 502
502 472
423 
753 57 236 639 418 406 
418 753
753 57
57 639
639 236
236 406
368 567 447 677 176 348 278 557 708 
708 278
278 557
557 348
348 176
176 677
677 447
447 567
567 368
60 760 
60 760
209 44 408 346 
408 209
209 44
44 346
765 7 624 683 580 785 
624 7
7 683
683 580
580 785
785 765
65 545 34 
65 545
545 34
255 681 216 
216 255
255 681
21 743 19 412 
412 21
21 743
743 19
590 363 637 
637 363
363 590
732 38 
38 732
287 657 654 
287 657
657 654
157 101 246 164 
164 246
246 157
157 101
483 512 389 750 36 141 271 370 702 135 790 29 83 740 491 351 443 178 735 296 755 672 473 
750 36
36 83
83 483
483 512
512 389
389 740
740 29
29 491
491 141
141 370
370 271
271 702
702 790
790 135
135 178
178 351
351 443
443 735
735 755
755 296
296 672
672 473
275 280 161 675 252 174 
275 280
280 161
161 675
675 174
174 252
397 
775 
528 736 292 466 53 460 781 799 343 440 212 524 655 525 353 593 787 158 600 560 467 479 638 218 129 
528 292
292 736
736 781
781 460
460 799
799 53
53 466
466 129
129 218
218 638
638 343
343 525
525 524
524 440
440 353
353 655
655 593
593 212
212 467
467 787
787 158
158 600
600 560
560 479
387 
595 230 322 582 527 420 621 
595 527
527 582
582 230
230 322
322 420
420 621
341 221 311 391 200 88 
88 200
200 221
221 341
341 311
311 391
335 
204 205 788 307 627 268 769 
204 788
788 307
307 205
205 769
769 627
627 268
748 
429 43 219 
43 219
219 429
401 658 
658 401
715 767 111 104 274 
274 104
104 111
111 767
767 715
90 548 
548 90
511 33 
33 511
410 455 612 214 74 720 
612 455
455 410
410 214
214 74
74 720
77 700 245 469 133 48 433 539 568 585 123 330 
133 469
469 48
48 77
77 700
700 433
433 245
245 539
539 568
568 585
585 330
330 123
749 
495 608 779 507 552 49 169 
495 608
608 779
779 507
507 552
552 49
49 169
301 234 
234 301
459 
