!
414 656 470 181 38 711 120 741 653 374 686 431 150 480 703 213 578 467 140 111 565 485 97 393 272 251 584 84 404 556 270 249 244 526 681 714 479 725 328 782 227 313 348 450 268 412 754 582 666 551 723 314 58 139 645 322 222 659 238 325 230 75 47 594 63 514 283 449 232 598 354 19 455 185 212 618 375 517 369 622 334 82 773 86 127 229 155 631 739 254 746 764 202 493 742 0 482 61 60 194 651 164 117 308 201 307 710 356 6 665 464 794 491 574 619 736 777 592 740 187 520 98 716 765 305 432 85 331 558 465 31 724 385 136 511 699 178 14 515 512 654 83 70 585 350 572 720 390 379 445 318 93 609 279 91 166 569 471 637 664 163 672 1 271 193 297 162 655 357 670 539 386 550 293 149 138 346 629 362 490 295 205 42 399 624 475 781 209 405 744 411 154 552 525 424 778 457 78 435 418 626 192 437 727 423 641 617 289 528 468 263 508 285 360 109 228 255 99 329 121 45 278 604 632 434 262 570 142 770 101 715 466 581 388 39 734 668 627 219 320 587 649 28 40 398 81 483 206 421 693 67 769 170 643 383 646 358 368 327 182 722 506 779 425 605 302 477 66 144 459 661 243 547 775 24 530 553 748 400 95 644 71 396 499 397 110 364 171 146 713 191 380 583 504 344 680 451 69 52 586 330 516 447 708 446 239 684 183 730 245 241 90 233 286 625 79 216 324 678 799 540 343 264 153 721 780 351 633 165 12 355 401 700 112 257 500 381 341 281 26 599 231 557 184 543 394 560 326 168 395 762 502 338 759 237 208 108 590 719 776 538 107 595 361 473 542 160 790 104 317 204 46 147 747 635 159 591 210 601 579 701 524 234 679 372 309 495 501 371 41 694 510 671 43 792 33 223 535 57 573 132 555 87 486 188 577 29 735 50 54 236 315 122 133 576 337 488 494 751 145 798 35 717 522 640 698 203 88 554 503 214 200 156 4 382 476 116 519 73 568 11 391 513 94 785 275 415 259 215 44 180 683 226 492 370 767 478 256 772 688 319 72 706 131 696 685 760 175 745 224 509 77 597 756 733 174 796 677 2 56 118 458 537 49 444 652 589 797 602 669 436 420 248 311 365 787 217 728 378 610 23 287 429 190 428 481 129 141 675 469 345 266 235 616 115 788 333 37 729 103 416 731 657 623 406 636 211 761 676 48 157 648 55 100 124 529 549 288 712 487 544 292 743 620 220 663 753 22 27 173 726 463 472 580 137 261 304 413 274 606 335 340 199 532 732 403 419 422 240 667 433 567 389 53 32 5 242 128 757 707 634 65 705 755 407 452 186 119 392 536 752 152 691 176 349 417 143 521 377 198 312 366 250 74 62 172 130 76 339 113 291 296 135 608 548 300 687 768 662 749 692 18 660 533 269 600 410 387 253 593 709 588 448 7 273 531 650 306 628 59 20 682 461 376 30 258 647 284 718 301 613 282 564 34 64 367 460 169 177 336 456 158 8 409 260 534 789 737 562 497 440 615 13 106 347 642 21 575 690 151 125 16 80 189 614 453 299 603 545 704 474 402 783 430 51 786 359 9 596 658 496 443 774 276 546 795 763 561 373 161 489 771 225 673 784 630 674 10 252 134 15 316 523 303 196 105 246 123 25 441 427 310 352 518 738 197 207 290 17 527 563 221 438 323 353 68 126 267 426 280 566 148 559 277 689 92 342 612 793 408 384 695 611 750 507 363 638 621 607 766 791 484 294 541 332 639 462 298 439 36 96 758 167 321 702 454 102 505 218 571 442 265 179 247 498 195 697 89 3 114 
494 783
783 554
554 269
269 402
402 751
751 488
488 391
391 474
474 749
749 430
430 130
130 172
172 88
88 51
51 94
94 692
692 11
11 145
145 660
660 18
18 662
662 62
62 513
513 600
600 315
315 786
786 122
122 250
250 640
640 337
337 236
236 568
568 74
74 533
533 798
798 698
698 366
366 339
339 792
792 410
410 113
113 73
73 519
519 312
312 203
203 387
387 54
54 576
576 35
35 198
198 300
300 768
768 687
687 33
33 717
717 735
735 50
50 43
43 116
116 671
671 76
76 133
133 510
510 291
291 333
333 296
296 135
135 29
29 522
522 382
382 788
788 524
524 476
476 253
253 7
7 545
545 377
377 608
608 577
577 679
679 495
495 188
188 548
548 345
345 503
503 593
593 701
701 521
521 200
200 309
309 234
234 266
266 486
486 501
501 616
616 156
156 469
469 214
214 709
709 235
235 115
115 372
372 275
275 588
588 371
371 579
579 41
41 448
448 4
4 675
675 415
415 691
691 152
152 176
176 87
87 349
349 555
555 694
694 752
752 601
601 210
210 785
785 259
259 428
428 237
237 756
756 704
704 208
208 215
215 44
44 597
597 132
132 453
453 683
683 573
573 77
77 299
299 108
108 603
603 536
536 226
226 417
417 223
223 143
143 759
759 287
287 180
180 591
591 509
509 772
772 119
119 745
745 159
159 688
688 429
429 392
392 590
590 535
535 190
190 224
224 175
175 635
635 492
492 696
696 338
338 610
610 26
26 57
57 599
599 290
290 319
319 706
706 370
370 72
72 131
131 281
281 705
705 685
685 634
634 341
341 23
23 128
128 776
776 65
65 747
747 378
378 401
401 231
231 755
755 700
700 767
767 728
728 217
217 17
17 633
633 760
760 527
527 719
719 557
557 381
381 707
707 757
757 787
787 165
165 355
355 37
37 365
365 12
12 351
351 438
438 46
46 478
478 256
256 184
184 540
540 780
780 790
790 563
563 274
274 413
413 394
394 24
24 500
500 543
543 112
112 323
323 147
147 775
775 160
160 311
311 104
104 257
257 606
606 542
542 733
733 796
796 174
174 595
595 353
353 221
221 248
248 560
560 721
721 317
317 677
677 243
243 204
204 107
107 56
56 458
458 118
118 538
538 398
398 326
326 28
28 537
537 40
40 264
264 2
2 361
361 444
444 649
649 693
693 168
168 421
421 153
153 49
49 395
395 762
762 502
502 473
473 67
67 652
652 587
587 352
352 454
454 39
39 436
436 170
170 81
81 343
343 589
589 420
420 769
769 310
310 388
388 729
729 734
734 459
459 320
320 581
581 219
219 483
483 643
643 797
797 669
669 518
518 770
770 466
466 668
668 427
427 101
101 186
186 196
196 602
602 738
738 505
505 715
715 206
206 661
661 103
103 142
142 368
368 434
434 303
303 632
632 481
481 407
407 327
327 547
547 105
105 452
452 144
144 627
627 604
604 383
383 722
722 182
182 246
246 523
523 646
646 129
129 262
262 15
15 506
506 316
316 570
570 123
123 416
416 134
134 358
358 100
100 252
252 161
161 141
141 55
55 121
121 25
25 329
329 99
99 657
657 306
306 731
731 549
549 489
489 346
346 441
441 779
779 529
529 629
629 302
302 45
45 712
712 648
648 10
10 763
763 795
795 255
255 288
288 531
531 674
674 650
650 425
425 561
561 605
605 623
623 373
373 477
477 567
567 406
406 211
211 228
228 278
278 273
273 357
357 667
667 636
636 655
655 335
335 109
109 670
670 546
546 539
539 487
487 630
630 162
162 93
93 774
774 66
66 609
609 340
340 297
297 83
83 276
276 532
532 544
544 193
193 199
199 732
732 496
496 48
48 761
761 654
654 360
360 70
70 676
676 771
771 515
515 512
512 279
279 318
318 443
443 784
784 271
271 403
403 658
658 422
422 225
225 572
572 157
157 124
124 419
419 14
14 596
596 673
673 664
664 292
292 585
585 178
178 91
91 9
9 720
720 166
166 379
379 350
350 240
240 242
242 163
163 195
195 293
293 433
433 672
672 386
386 390
390 511
511 550
550 743
743 5
5 53
53 136
136 32
32 699
699 1
1 620
620 359
359 789
789 562
562 27
27 389
389 637
637 471
471 263
263 31
31 22
22 534
534 508
508 465
465 445
445 385
385 558
558 285
285 737
737 724
724 569
569 331
331 663
663 220
220 456
456 173
173 85
85 260
260 726
726 753
753 684
684 739
739 440
440 497
497 239
239 183
183 336
336 463
463 520
520 468
468 615
615 656
656 432
432 149
149 229
229 470
470 187
187 472
472 409
409 289
289 13
13 138
138 730
730 374
374 516
516 155
155 446
446 8
8 741
741 177
177 414
414 686
686 137
137 347
347 330
330 261
261 708
708 642
642 447
447 631
631 431
431 181
181 580
580 617
617 169
169 727
727 304
304 528
528 106
106 158
158 716
716 245
245 305
305 746
746 254
254 437
437 765
765 711
711 38
38 21
21 653
653 127
127 423
423 744
744 120
120 86
86 233
233 59
59 764
764 641
641 628
628 460
460 241
241 205
205 286
286 90
90 455
455 405
405 773
773 202
202 150
150 295
295 280
280 34
34 20
20 690
690 490
490 63
63 367
367 485
485 82
82 493
493 682
682 564
564 362
362 594
594 480
480 334
334 625
625 613
613 64
64 598
598 399
399 232
232 151
151 19
19 799
799 42
42 185
185 282
282 126
126 703
703 622
622 426
426 30
30 369
369 376
376 79
79 267
267 216
216 354
354 258
258 678
678 75
75 624
624 647
647 213
213 618
618 461
461 324
324 517
517 68
68 125
125 475
475 284
284 212
212 230
230 325
325 575
575 578
578 16
16 375
375 80
80 301
301 467
467 781
781 52
52 47
47 718
718 645
645 189
189 139
139 222
222 614
614 209
209 272
272 140
140 58
58 559
559 192
192 566
566 449
449 680
680 148
148 69
69 314
314 723
723 393
393 418
418 247
247 322
322 451
451 111
111 586
586 97
97 626
626 197
197 565
565 659
659 238
238 551
551 179
179 526
526 435
435 666
666 766
766 277
277 92
92 251
251 742
742 89
89 689
689 78
78 681
681 552
552 621
621 584
584 313
313 697
697 265
265 754
754 442
442 525
525 0
0 482
482 218
218 498
498 638
638 553
553 84
84 457
457 424
424 791
791 462
462 61
61 450
450 348
348 244
244 411
411 530
530 412
412 778
778 639
639 342
342 582
582 270
270 571
571 404
404 556
556 363
363 268
268 298
298 308
308 249
249 194
194 484
484 748
748 307
307 60
60 201
201 612
612 793
793 400
400 514
514 750
750 154
154 479
479 714
714 321
321 408
408 665
665 6
6 384
384 95
95 710
710 464
464 725
725 439
439 695
695 294
294 380
380 207
207 794
794 651
651 191
191 396
396 167
167 164
164 782
782 110
110 397
397 364
364 607
607 36
36 328
328 644
644 611
611 114
114 356
356 71
71 504
504 96
96 507
507 227
227 583
583 702
702 146
146 117
117 592
592 491
491 740
740 713
713 541
541 619
619 758
758 171
171 499
499 574
574 3
3 777
777 102
102 332
332 344
344 283
283 736
736 98
