!
646 526 159 84 527 482 41 321 212 446 610 734 778 98 753 424 233 697 275 42 147 714 599 640 770 182 609 515 376 700 62 564 756 115 149 318 389 72 313 445 473 549 595 197 356 166 189 478 360 672 90 435 604 576 372 229 557 530 607 499 742 225 679 102 491 31 304 123 731 790 775 480 81 687 572 259 111 393 384 261 169 257 27 475 290 336 381 139 605 234 635 402 780 642 175 561 547 164 798 61 675 96 3 494 129 106 
61 798
798 164
164 547
547 494
494 3
3 561
561 642
642 175
175 129
129 106
106 675
675 780
780 96
96 402
402 635
635 234
234 605
605 169
169 381
381 159
159 149
149 261
261 318
318 115
115 360
360 473
473 445
445 389
389 384
384 526
526 753
753 197
197 646
646 549
549 72
72 98
98 84
84 257
257 595
595 734
734 778
778 321
321 313
313 27
27 482
482 212
212 672
672 610
610 527
527 189
189 336
336 356
356 446
446 424
424 166
166 478
478 41
41 233
233 714
714 147
147 225
225 475
475 697
697 599
599 42
42 290
290 275
275 679
679 182
182 609
609 640
640 102
102 515
515 700
700 770
770 731
731 123
123 775
775 376
376 491
491 31
31 62
62 790
790 564
564 756
756 480
480 304
304 139
139 90
90 393
393 604
604 111
111 259
259 435
435 572
572 557
557 607
607 576
576 687
687 372
372 229
229 530
530 81
81 499
499 742
674 323 673 133 750 720 144 656 440 430 696 689 362 1 460 379 224 559 523 308 306 249 314 127 134 69 749 221 706 277 113 342 551 448 418 245 479 55 668 286 51 365 232 409 597 303 558 19 650 348 710 414 289 136 727 240 747 755 11 760 466 368 788 239 654 125 587 199 786 785 14 132 349 665 254 647 699 271 315 758 444 586 244 220 398 187 206 624 577 771 94 410 583 711 53 567 116 596 441 310 578 324 75 231 156 390 636 238 620 152 38 616 608 613 97 241 486 537 653 520 78 
673 306
306 133
133 674
674 323
323 720
720 379
379 245
245 308
308 418
418 144
144 479
479 750
750 224
224 448
448 460
460 1
1 551
551 362
362 559
559 656
656 342
342 689
689 696
696 523
523 440
440 249
249 277
277 430
430 314
314 706
706 136
136 69
69 221
221 127
127 749
749 348
348 78
78 286
286 134
134 668
668 113
113 520
520 289
289 55
55 303
303 653
653 558
558 19
19 51
51 650
650 710
710 409
409 38
38 537
537 616
616 365
365 597
597 414
414 486
486 232
232 620
620 238
238 152
152 727
727 97
97 240
240 608
608 636
636 613
613 231
231 368
368 156
156 241
241 75
75 583
583 410
410 390
390 747
747 94
94 11
11 755
755 624
624 577
577 578
578 760
760 310
310 466
466 187
187 206
206 116
116 441
441 398
398 567
567 596
596 771
771 788
788 53
53 324
324 132
132 239
239 711
711 654
654 587
587 14
14 786
786 199
199 785
785 125
125 220
220 699
699 271
271 349
349 665
665 647
647 254
254 315
315 758
758 244
244 586
586 444
516 615 463 582 126 33 351 298 386 122 217 322 287 68 562 702 442 236 176 777 612 584 457 793 574 591 465 438 399 
702 562
562 68
68 217
217 322
322 287
287 122
122 386
386 351
351 298
298 516
516 582
582 615
615 399
399 463
463 126
126 438
438 465
465 442
442 33
33 591
591 574
574 236
236 176
176 584
584 457
457 612
612 777
777 793
514 555 521 192 191 25 143 56 89 216 181 265 258 341 128 355 524 52 403 274 92 757 626 685 178 204 796 12 214 260 488 208 88 429 453 437 455 54 380 387 568 198 748 474 120 752 248 611 541 703 
143 191
191 521
521 192
192 25
25 555
555 514
514 88
88 56
56 208
208 488
488 260
260 181
181 265
265 214
214 12
12 89
89 204
204 216
216 248
248 429
429 453
453 796
796 437
437 455
455 258
258 748
748 128
128 474
474 54
54 355
355 380
380 524
524 341
341 568
568 387
387 752
752 198
198 52
52 611
611 120
120 703
703 541
541 403
403 274
274 92
92 757
757 626
626 685
685 178
226 332 726 397 284 325 517 553 273 428 676 247 739 649 354 769 538 645 109 167 215 168 
517 553
553 325
325 215
215 167
167 226
226 168
168 332
332 726
726 397
397 109
109 645
645 284
284 273
273 354
354 769
769 538
538 247
247 649
649 428
428 739
739 676
141 621 340 585 278 774 637 469 74 37 425 200 554 207 293 533 188 729 552 458 369 767 683 715 65 618 497 602 4 91 395 754 57 400 112 124 218 569 173 528 686 690 630 451 174 185 459 660 449 307 59 154 302 423 783 765 773 334 719 66 691 600 370 718 431 
497 293
293 618
618 91
91 715
715 207
207 767
767 4
4 683
683 65
65 554
554 395
395 533
533 200
200 369
369 528
528 729
729 188
188 278
278 458
458 74
74 425
425 621
621 469
469 141
141 552
552 37
37 637
637 340
340 585
585 774
774 451
451 754
754 174
174 185
185 630
630 112
112 400
400 602
602 57
57 459
459 124
124 660
660 691
691 154
154 218
218 449
449 686
686 569
569 59
59 302
302 690
690 307
307 173
173 783
783 423
423 765
765 773
773 334
334 719
719 66
66 600
600 370
370 718
718 431
339 401 531 82 237 327 309 468 320 291 603 180 743 374 745 363 638 443 433 511 601 85 471 407 47 296 651 536 766 375 634 412 6 209 117 
433 117
117 209
209 443
443 6
6 634
634 375
375 412
412 363
363 766
766 651
651 296
296 47
47 237
237 745
745 374
374 536
536 82
82 327
327 743
743 638
638 309
309 339
339 471
471 291
291 531
531 401
401 601
601 468
468 407
407 603
603 180
180 85
85 320
320 511
30 518 581 484 280 792 153 46 655 534 205 99 263 
792 280
280 484
484 153
153 655
655 46
46 534
534 581
581 205
205 99
99 263
263 518
518 30
496 566 288 67 797 623 508 648 652 7 492 39 172 464 746 539 63 784 343 114 383 593 262 619 510 631 235 661 83 203 627 267 504 252 411 121 678 622 513 666 196 535 76 202 64 364 227 108 436 70 301 44 721 371 45 667 598 617 292 373 345 35 684 242 79 789 32 297 222 268 329 80 22 724 705 193 592 762 659 87 328 713 163 253 483 385 347 633 145 40 544 420 299 49 270 391 255 787 712 269 427 532 456 9 589 5 24 312 23 157 481 560 8 625 
288 67
67 648
648 797
797 652
652 496
496 623
623 7
7 566
566 508
508 49
49 492
492 39
39 299
299 746
746 172
172 63
63 539
539 464
464 114
114 343
343 784
784 383
383 222
222 593
593 633
633 544
544 40
40 347
347 145
145 262
262 297
297 32
32 253
253 420
420 242
242 268
268 631
631 619
619 79
79 510
510 659
659 235
235 789
789 329
329 87
87 22
22 328
328 193
193 684
684 661
661 713
713 80
80 705
705 504
504 203
203 163
163 724
724 83
83 592
592 762
762 45
45 627
627 385
385 267
267 667
667 371
371 598
598 483
483 721
721 252
252 560
560 35
35 617
617 622
622 411
411 678
678 292
292 481
481 121
121 513
513 535
535 270
270 157
157 76
76 666
666 196
196 108
108 373
373 436
436 345
345 202
202 227
227 364
364 5
5 64
64 44
44 391
391 70
70 301
301 532
532 255
255 24
24 9
9 427
427 456
456 787
787 712
712 589
589 269
269 312
312 23
23 625
625 8
477 184 281 246 
281 477
477 246
246 184
751 501 
751 501
670 130 337 319 10 162 86 272 194 408 439 119 417 190 
190 417
417 408
408 119
119 439
439 272
272 319
319 86
86 670
670 337
337 130
130 162
162 10
10 194
346 503 101 476 579 283 493 447 161 454 138 331 641 629 525 146 71 735 13 782 556 452 730 405 575 506 570 545 542 48 179 565 505 744 776 490 28 165 489 736 550 416 15 502 300 95 305 367 693 507 2 366 669 725 688 470 628 671 73 353 295 733 279 135 594 183 392 546 781 522 394 60 294 764 105 573 170 243 213 698 682 344 421 276 
573 243
243 105
105 213
213 764
764 60
60 394
394 294
294 170
170 628
628 671
671 73
73 353
353 470
470 682
682 688
688 725
725 295
295 279
279 733
733 135
135 693
693 367
367 305
305 300
300 594
594 507
507 522
522 502
502 183
183 421
421 95
95 392
392 579
579 276
276 2
2 546
546 344
344 476
476 366
366 503
503 346
346 101
101 781
781 283
283 575
575 405
405 493
493 454
454 447
447 556
556 506
506 452
452 730
730 698
698 138
138 545
545 161
161 669
669 570
570 735
735 331
331 629
629 641
641 71
71 782
782 525
525 542
542 146
146 416
416 13
13 15
15 505
505 48
48 179
179 565
565 489
489 28
28 736
736 744
744 776
776 165
165 550
550 490
211 512 250 171 333 588 644 256 150 519 759 768 509 415 707 462 311 694 529 467 219 50 228 728 118 16 799 795 722 406 210 741 359 657 326 131 142 563 498 772 404 330 422 21 230 93 103 639 34 717 43 350 104 663 590 264 160 155 158 77 382 732 723 0 413 357 266 285 543 29 761 338 692 708 540 107 100 681 500 701 223 614 251 737 26 110 695 186 495 450 388 419 358 58 662 148 20 704 485 137 487 377 
43 34
34 717
717 663
663 160
160 639
639 264
264 590
590 350
350 104
104 230
230 103
103 93
93 21
21 422
422 330
330 772
772 404
404 512
512 211
211 142
142 498
498 563
563 326
326 131
131 250
250 741
741 359
359 210
210 406
406 657
657 519
519 171
171 150
150 333
333 256
256 588
588 644
644 509
509 759
759 768
768 338
338 16
16 118
118 415
415 266
266 692
692 707
707 311
311 285
285 462
462 357
357 413
413 219
219 467
467 694
694 155
155 529
529 228
228 158
158 50
50 728
728 377
377 382
382 77
77 737
737 732
732 799
799 723
723 543
543 795
795 487
487 722
722 137
137 0
0 251
251 704
704 29
29 450
450 708
708 695
695 388
388 186
186 485
485 419
419 495
495 148
148 662
662 20
20 761
761 26
26 540
540 358
358 58
58 100
100 681
681 701
701 110
110 107
107 500
500 223
223 614
177 396 282 335 606 632 18 432 643 791 17 201 740 716 434 794 317 378 779 580 151 548 461 195 664 316 658 140 426 472 352 677 738 36 571 763 680 361 709 
36 571
571 677
677 738
738 740
740 140
140 794
794 472
472 201
201 426
426 434
434 17
17 352
352 716
716 791
791 643
643 580
580 378
378 317
317 779
779 432
432 18
18 632
632 606
606 335
335 282
282 396
396 177
177 151
151 548
548 461
461 658
658 316
316 195
195 664
664 709
709 361
361 763
763 680
