!
255 506 740 119 297 606 248 477 450 712 538 594 186 779 408 689 687 630 72 461 430 416 785 417 563 198 732 168 97 458 466 403 597 664 611 700 691 748 658 452 733 304 391 464 407 246 638 259 555 348 559 404 245 324 393 737 201 799 449 617 83 763 352 554 699 402 651 10 427 577 370 63 153 287 743 346 45 669 56 564 548 208 242 637 109 378 336 544 455 437 276 710 486 525 647 698 296 327 587 138 729 406 290 0 191 123 684 419 159 108 366 714 298 220 150 116 369 709 503 783 772 462 231 542 140 187 143 131 409 
638 259
259 246
246 700
700 594
594 611
611 477
477 691
691 248
248 664
664 297
297 606
606 119
119 597
597 748
748 403
403 506
506 712
712 740
740 538
538 255
255 450
450 779
779 408
408 417
417 689
689 687
687 416
416 186
186 785
785 563
563 461
461 430
430 630
630 458
458 198
198 732
732 72
72 97
97 466
466 658
658 409
409 168
168 452
452 637
637 245
245 242
242 208
208 555
555 733
733 559
559 404
404 348
348 109
109 304
304 651
651 201
201 324
324 737
737 402
402 83
83 378
378 544
544 391
391 437
437 393
393 617
617 336
336 464
464 108
108 799
799 698
698 276
276 710
710 763
763 352
352 407
407 449
449 455
455 159
159 486
486 296
296 419
419 684
684 525
525 554
554 699
699 647
647 220
220 587
587 714
714 327
327 729
729 298
298 138
138 10
10 150
150 56
56 191
191 123
123 231
231 462
462 669
669 427
427 548
548 45
45 564
564 542
542 406
406 290
290 116
116 0
0 287
287 140
140 743
743 577
577 346
346 369
369 143
143 366
366 370
370 187
187 63
63 153
153 709
709 503
503 131
131 772
772 783
578 152 257 200 505 206 705 4 789 122 360 536 625 517 632 106 273 515 278 445 20 550 158 580 742 85 484 724 69 59 591 649 608 736 667 89 260 221 715 125 71 117 142 288 185 36 524 104 756 400 261 21 540 565 533 643 549 341 446 362 429 263 54 338 316 
591 59
59 649
649 69
69 724
724 484
484 580
580 158
158 742
742 85
85 524
524 550
550 608
608 20
20 71
71 36
36 445
445 185
185 517
517 278
278 625
625 715
715 515
515 632
632 89
89 106
106 260
260 536
536 273
273 142
142 288
288 221
221 360
360 125
125 122
122 104
104 705
705 4
4 117
117 789
789 206
206 756
756 540
540 400
400 261
261 152
152 21
21 578
578 200
200 362
362 505
505 446
446 565
565 257
257 533
533 341
341 643
643 549
549 667
667 736
736 429
429 338
338 263
263 54
54 316
265 291 29 672 343 605 38 634 752 665 497 326 
605 343
343 672
672 29
29 38
38 634
634 752
752 291
291 665
665 265
265 326
326 497
454 227 551 516 509 382 522 67 86 590 386 243 136 118 180 646 308 644 164 624 115 502 169 147 332 707 66 766 129 623 
623 766
766 66
66 129
129 707
707 169
169 147
147 502
502 332
332 115
115 624
624 164
164 136
136 644
644 243
243 590
590 386
386 86
86 516
516 67
67 522
522 551
551 509
509 118
118 180
180 454
454 382
382 646
646 227
227 308
601 490 151 64 
64 151
151 601
601 490
782 264 478 480 598 361 87 212 15 312 487 613 132 256 738 1 39 233 207 363 610 318 411 340 48 755 694 310 453 335 
207 233
233 48
48 39
39 755
755 340
340 411
411 487
487 312
312 694
694 212
212 613
613 15
15 318
318 87
87 264
264 361
361 782
782 478
478 132
132 480
480 738
738 598
598 256
256 453
453 335
335 1
1 310
310 363
363 610
425 387 269 666 77 422 380 334 214 277 33 581 471 671 281 394 339 420 438 628 696 359 23 107 50 357 759 443 531 
581 33
33 277
277 214
214 334
334 269
269 387
387 380
380 425
425 666
666 77
77 422
422 420
420 696
696 359
359 339
339 471
471 628
628 23
23 531
531 443
443 438
438 107
107 671
671 394
394 50
50 357
357 281
281 759
713 111 195 270 749 182 181 18 102 751 602 433 44 662 202 176 133 682 781 619 431 739 130 668 120 347 188 501 688 302 52 317 224 518 609 95 70 27 412 570 532 631 675 661 467 693 482 205 592 170 166 149 797 596 676 571 498 725 345 217 463 488 504 144 679 746 541 622 718 426 91 527 2 162 711 146 75 796 588 98 579 572 35 267 539 253 702 8 250 65 410 576 520 323 127 31 636 177 
412 317
317 75
75 570
570 532
532 631
631 120
120 130
130 52
52 668
668 675
675 739
739 347
347 431
431 188
188 501
501 619
619 688
688 302
302 781
781 682
682 482
482 133
133 693
693 205
205 467
467 713
713 661
661 195
195 111
111 518
518 609
609 95
95 181
181 749
749 182
182 224
224 270
270 662
662 27
27 70
70 18
18 102
102 751
751 602
602 202
202 176
176 520
520 592
592 797
797 433
433 166
166 127
127 65
65 323
323 410
410 44
44 31
31 149
149 250
250 2
2 170
170 576
576 527
527 162
162 541
541 596
596 8
8 718
718 676
676 622
622 426
426 679
679 702
702 91
91 746
746 253
253 571
571 504
504 144
144 711
711 488
488 498
498 539
539 146
146 725
725 267
267 217
217 572
572 345
345 463
463 588
588 35
35 579
579 98
98 796
796 636
636 177
475 372 241 329 690 384 53 593 192 319 161 413 603 216 137 210 266 780 557 311 607 134 375 396 735 6 469 16 442 686 556 218 778 11 677 307 604 720 645 
677 307
307 11
11 778
778 604
604 218
218 556
556 686
686 720
720 645
645 442
442 16
16 372
372 475
475 329
329 241
241 690
690 134
134 384
384 469
469 6
6 780
780 735
735 557
557 53
53 319
319 593
593 161
161 192
192 396
396 413
413 216
216 311
311 210
210 603
603 266
266 607
607 375
375 137
32 374 301 708 786 470 562 397 589 727 734 289 330 481 648 777 42 385 728 615 747 537 745 697 451 114 500 193 695 230 238 57 492 681 204 258 68 377 674 14 225 46 465 43 701 655 496 240 183 331 390 353 314 535 19 235 262 721 494 660 303 654 511 767 568 683 784 135 61 173 773 388 189 415 239 534 292 368 124 519 229 268 439 17 215 282 81 656 175 112 163 160 561 28 157 51 179 128 376 
648 289
289 734
734 561
561 330
330 727
727 175
175 481
481 589
589 397
397 160
160 656
656 81
81 282
282 163
163 470
470 112
112 777
777 786
786 708
708 301
301 42
42 562
562 128
128 385
385 374
374 568
568 728
728 615
615 32
32 537
537 439
439 157
157 767
767 51
51 28
28 747
747 179
179 114
114 17
17 193
193 215
215 388
388 390
390 183
183 745
745 331
331 240
240 697
697 173
173 376
376 451
451 500
500 660
660 773
773 695
695 377
377 46
46 230
230 494
494 68
68 238
238 258
258 681
681 674
674 225
225 721
721 57
57 353
353 14
14 204
204 368
368 314
314 492
492 465
465 43
43 303
303 534
534 239
239 654
654 124
124 701
701 292
292 535
535 519
519 655
655 415
415 511
511 496
496 235
235 61
61 262
262 683
683 19
19 784
784 189
189 135
135 229
229 268
626 274 349 491 673 414 13 560 275 178 485 121 139 283 790 793 350 79 300 769 764 41 448 80 507 196 24 271 252 476 547 719 543 512 432 704 99 776 479 351 529 226 447 685 612 567 247 367 309 398 473 762 650 228 716 526 25 423 197 692 586 171 441 641 757 306 618 575 285 383 105 76 760 499 165 566 616 100 126 194 94 110 582 320 280 765 546 381 627 792 599 315 456 787 286 190 741 640 717 731 629 639 771 337 88 436 209 678 722 621 489 62 530 156 521 424 223 552 508 514 614 468 272 483 493 440 184 726 545 373 680 761 569 222 60 794 295 405 723 584 73 620 322 730 90 788 670 758 148 313 219 333 703 321 434 379 371 795 428 770 744 354 12 40 101 659 528 495 
373 545
545 726
726 560
560 184
184 13
13 90
90 673
673 483
483 414
414 730
730 468
468 272
272 614
614 491
491 178
178 514
514 493
493 110
110 440
440 223
223 94
94 566
566 769
769 275
275 552
552 424
424 349
349 165
165 764
764 322
322 196
196 274
274 41
41 507
507 521
521 508
508 485
485 80
80 126
126 156
156 121
121 448
448 530
530 423
423 626
626 197
197 680
680 788
788 526
526 25
25 24
24 194
194 758
758 620
620 252
252 139
139 650
650 447
447 716
716 73
73 271
271 62
62 723
723 762
762 489
489 228
228 761
761 283
283 793
793 790
790 350
350 473
473 79
79 719
719 584
584 476
476 547
547 12
12 405
405 398
398 621
621 543
543 309
309 300
300 569
569 367
367 60
60 512
512 776
776 222
222 432
432 99
99 794
794 354
354 704
704 295
295 479
479 744
744 722
722 678
678 209
209 247
247 351
351 337
337 612
612 436
436 567
567 529
529 685
685 692
692 226
226 640
640 771
771 586
586 190
190 741
741 757
757 629
629 641
641 88
88 286
286 546
546 381
381 639
639 171
171 765
765 792
792 582
582 787
787 315
315 599
599 306
306 320
320 441
441 627
627 456
456 280
280 731
731 717
717 499
499 618
618 575
575 760
760 285
285 383
383 670
670 105
105 76
76 616
616 100
100 148
148 313
313 219
219 101
101 40
40 321
321 434
434 428
428 659
659 770
770 379
379 333
333 371
371 703
703 795
795 528
528 495
213 199 211 460 47 768 358 251 558 653 3 154 364 635 141 389 652 82 305 344 249 172 510 49 325 459 26 457 365 399 585 342 392 583 7 775 9 203 145 5 595 356 93 574 78 663 474 444 774 37 254 472 633 58 234 523 753 513 103 55 421 294 92 74 284 279 791 155 232 600 84 395 642 355 553 34 244 706 113 293 174 328 299 754 401 30 435 750 657 236 798 237 22 96 573 167 418 
251 392
392 459
459 234
234 706
706 523
523 58
58 96
96 47
47 595
595 460
460 342
342 199
199 22
22 5
5 585
585 213
213 399
399 211
211 325
325 244
244 775
775 7
7 583
583 768
768 558
558 9
9 355
355 203
203 365
365 553
553 358
358 34
34 657
657 642
642 653
653 154
154 145
145 113
113 457
457 356
356 3
3 174
174 93
93 293
293 774
774 791
791 26
26 328
328 279
279 435
435 444
444 299
299 364
364 92
92 284
284 574
574 294
294 474
474 754
754 663
663 155
155 78
78 635
635 236
236 103
103 254
254 633
633 401
401 472
472 37
37 421
421 237
237 141
141 513
513 798
798 30
30 55
55 753
753 389
389 750
750 74
74 652
652 305
305 82
82 573
573 344
344 84
84 232
232 249
249 172
172 395
395 600
600 510
510 49
49 167
167 418
