!
23 172 212 224 257 260 313 335 422
224 260
260 422
422 257
257 172
172 313
313 23
23 212
212 335
437
450 469 529 570 586 654 667 757 759 797 6 21 68
586 469
469 757
757 797
797 759
759 667
667 570
570 654
654 529
529 450
450 21
21 6
6 68
89 149 164 231 243 269 292 321 357
292 149
149 243
243 321
321 269
269 164
164 89
89 231
231 357
372 410 579 624 732 781 118 155 200 211
200 211
211 118
118 155
155 624
624 579
579 372
372 732
732 410
410 781
244 283 341 443 581 592 630 634 698 746 748 792 795 208 230 312 330 504 527 547 593 600 601 666 683 711 730 765 787 796 26 32 47 65 251 354 369 378 393
634 393
393 581
581 251
251 354
354 283
283 592
592 792
792 47
47 65
65 630
630 748
748 746
746 369
369 378
378 341
341 795
795 443
443 32
32 698
698 244
244 26
26 765
765 208
208 504
504 796
796 527
527 730
730 600
600 330
330 601
601 683
683 787
787 547
547 666
666 711
711 312
312 593
593 230
404 491 503 544 606 719 729 740 1 7 70 178 206 364 465 488 530 546 589 612 647 739 762 771 69 86 142
142 491
491 86
86 740
740 719
719 729
729 544
544 69
69 503
503 404
404 606
606 589
589 546
546 739
739 465
465 1
1 7
7 178
178 70
70 762
762 647
647 530
530 612
612 206
206 771
771 364
364 488
189 196 264
196 189
189 264
280 340 374 409 416 423 429 498 625 754 88
625 409
409 429
429 754
754 374
374 88
88 423
423 498
498 416
416 340
340 280
104 122 184 216
104 122
122 184
184 216
345 358 585 668 682 701 705 725 751 761 769 2 43 94 144 166 255 274 307 319
751 668
668 701
701 682
682 345
345 358
358 761
761 725
725 585
585 769
769 705
705 274
274 255
255 94
94 144
144 2
2 43
43 166
166 319
319 307
397 398 448 460 580 613 676 58 132 153 188 248 380 486 489 506 561 635 643 664 687 696 35 40
676 398
398 613
613 397
397 580
580 448
448 460
460 643
643 40
40 35
35 506
506 561
561 58
58 380
380 132
132 489
489 635
635 188
188 696
696 687
687 486
486 664
664 248
248 153
90 110 148 167
110 90
90 148
148 167
290 449 492 512 532 541 631 690 764 20 41 241 348 360 414 424 441 457 484 515
457 424
424 348
348 20
20 41
41 414
414 515
515 241
241 441
441 484
484 360
360 512
512 690
690 541
541 532
532 290
290 764
764 449
449 631
631 492
522 670 693
522 693
693 670
716 107 147 201 234 324 480 493 523 556 583 675 715 724 752 791 177 277 286 308 444 497 518 535 628 655 742 743 750
716 444
444 518
518 750
750 655
655 286
286 743
743 177
177 480
480 715
715 147
147 791
791 497
497 201
201 583
583 628
628 277
277 742
742 234
234 535
535 675
675 308
308 752
752 324
324 556
556 724
724 107
107 493
493 523
767 13 27 105 176 186 198 205 318 442 452 464 599 649 793 24 141 158 175 271 327 359 365 420 472 574 587 598 659 87 117 162 272 328 482 496 594 605 627 681
158 587
587 420
420 574
574 365
365 659
659 359
359 141
141 271
271 598
598 24
24 175
175 327
327 472
472 176
176 105
105 649
649 452
452 464
464 599
599 793
793 186
186 442
442 27
27 198
198 205
205 13
13 318
318 767
767 328
328 681
681 594
594 496
496 605
605 627
627 162
162 117
117 87
87 272
272 482
726 772 37 92 127 138 185 242 296 510 678 712 734 758 766 279 338
127 296
296 712
712 138
138 766
766 758
758 185
185 678
678 510
510 242
242 37
37 734
734 92
92 338
338 279
279 726
726 772
362 454 558 608
362 558
558 454
454 608
661 714 738 744 756 760 768 56 126 140 285 347 412 434
140 126
126 285
285 434
434 56
56 347
347 412
412 714
714 744
744 661
661 760
760 738
738 756
756 768
435 487 651 686 720 119 263 268 278 388 428 584 663
435 686
686 720
720 487
487 651
651 584
584 278
278 119
119 663
663 388
388 428
428 263
263 268
695 699 723 747 3 233
3 233
233 723
723 699
699 747
747 695
237 394 400
237 400
400 394
417 509 521 548 603 648 700 38 83 165 258
417 509
509 700
700 648
648 521
521 548
548 603
603 38
38 258
258 165
165 83
389 461 525 542 618 653 665 776 61 303 339 373 470 502 511 554
389 653
653 776
776 525
525 618
618 542
542 665
665 461
461 511
511 470
470 554
554 373
373 502
502 339
339 61
61 303
571 576 645 737 53 102
737 645
645 576
576 102
102 53
53 571
202 239 256 386 440 563 578 735 736 770
770 578
578 386
386 239
239 736
736 440
440 256
256 735
735 202
202 563
14 113 139 182 207 293
14 182
182 293
293 113
113 139
139 207
332
456 507
456 507
708 777 798
777 798
798 708
39 159
39 159
190 191 261 282 295 371 385
385 371
371 190
190 191
191 282
282 295
295 261
528
550 564 34 135
135 34
34 550
550 564
168 301 346 451 473
473 301
301 168
168 451
451 346
526 604 609 672 753
753 609
609 672
672 604
604 526
33 81 101 391 418 481 534 591 610 702 731
610 101
101 81
81 481
481 591
591 391
391 731
731 702
702 534
534 33
33 418
49 129
49 129
222 273 281 361 396 411 692
273 411
411 361
361 222
222 396
396 692
692 281
706 778 75 131 154 161
706 778
778 154
154 131
131 161
161 75
229 323 356 425 483 596 639
596 483
483 356
356 229
229 425
425 639
639 323
112 152 180
112 180
180 152
220 384 462 539 656 704 718 794 63 91
384 794
794 718
718 656
656 462
462 539
539 704
704 220
220 91
91 63
215 352 395 468 477 552 623 650 755 210 310 322 376 432 514 577 673 763 782 9 66
432 322
322 310
310 673
673 376
376 782
782 577
577 210
210 763
763 514
514 9
9 66
66 477
477 650
650 468
468 215
215 552
552 623
623 352
352 755
755 395
123 266 270 287
287 270
270 266
266 123
436 439 565 646
565 439
439 436
436 646
108 226 284 300 390 459 499 540 555 602
300 284
284 540
540 390
390 602
602 459
459 226
226 108
108 499
499 555
57 120 195 238 387 399 438 629 636 774
57 120
120 636
636 387
387 438
438 774
774 629
629 399
399 195
195 238
137 151 245 246 297
245 297
297 246
246 137
137 151
325 370
370 325
413 466 684 16 55 84 173 232 478 680 697 733 799 93 124 179 228 320 379 490 537 745 780 5 51
232 16
16 733
733 478
478 697
697 55
55 680
680 84
84 799
799 173
173 5
5 51
51 413
413 466
466 684
684 179
179 490
490 537
537 93
93 228
228 379
379 780
780 124
124 745
745 320
73 97 314 349 355 447 538 710 17 78 221 382 513 536 551 566 611 788 50 267 299 342 344
513 78
78 611
611 221
221 551
551 788
788 382
382 536
536 566
566 17
17 267
267 299
299 344
344 73
73 50
50 447
447 355
355 342
342 349
349 97
97 314
314 710
710 538
431 445 644 709
644 431
431 709
709 445
45 64 116 265 430 567 607 616 689 48 130 156 214 329 334
265 567
567 116
116 45
45 689
689 64
64 616
616 607
607 430
430 329
329 156
156 48
48 214
214 130
130 334
519 520 531
531 520
520 519
136 219 227 305 467 485 633 660 741 29 59 121 217 235 453 657 658 789 19 114 194 366 375
121 59
59 453
453 658
658 235
235 657
657 29
29 217
217 789
789 305
305 227
227 467
467 633
633 660
660 741
741 485
485 136
136 219
219 375
375 114
114 366
366 194
194 19
455 615 619 786 10 67 187 204
67 204
204 187
187 10
10 619
619 455
455 615
615 786
259 408 640 722 785 22 125 183 326
640 722
722 785
785 408
408 259
259 125
125 22
22 183
183 326
401 421 471 524
421 471
471 524
524 401
749 79 145 174 247
174 247
247 145
145 79
79 749
262 407 543 614 784 4 74 291 317 476
4 476
476 317
317 291
291 74
74 262
262 614
614 784
784 543
543 407
495 505 617 679 11
505 679
679 495
495 617
617 11
52
96 128 170 351 392 463 662 18
392 351
351 128
128 662
662 170
170 96
96 463
463 18
76 85 169 181 315 500
315 169
169 181
181 76
76 85
85 500
685 703 0 54 143 252 276
54 143
143 685
685 703
703 0
0 276
276 252
353 458 590 669 12 209
209 12
12 590
590 669
669 353
353 458
236 306 620 626 688 713 721 46 223 309 381 533 588 595 632 72 337 403 405 479 637 694 790 171 249 250 298 367 573 638 727 8 15 95
533 588
588 171
171 250
250 46
46 309
309 249
249 381
381 223
223 632
632 573
573 727
727 638
638 367
367 595
595 298
298 626
626 721
721 713
713 306
306 688
688 236
236 620
620 637
637 694
694 337
337 403
403 790
790 479
479 405
405 72
72 8
8 95
95 15
203 350 474 494 641 30 275 304 402 562 622 642 677 31 240 253 427 569 621 691 773 62 77 106 115 289 331 707 783 103 111 163 197 288 311 419 717 71 133 150 192 475 559 568 28 80 213 383 553 728 775
383 213
213 775
775 80
80 553
553 728
728 28
28 62
62 707
707 289
289 77
77 331
331 115
115 783
783 106
106 163
163 288
288 197
197 111
111 717
717 103
103 311
311 419
419 427
427 569
569 31
31 773
773 240
240 621
621 253
253 691
691 275
275 642
642 562
562 71
71 192
192 677
677 402
402 30
30 304
304 475
475 559
559 568
568 622
622 150
150 133
133 350
350 494
494 203
203 474
474 641
100
157 199 333 516 560 575 44 415 426 501 517 582 671 36 60 82 99 109 146 572 134 160 193 343 363 557 652 98
99 146
146 36
36 60
60 572
572 82
82 109
109 98
98 44
44 517
517 199
199 415
415 671
671 426
426 560
560 575
575 501
501 516
516 582
582 157
157 333
333 652
652 160
160 557
557 343
343 193
193 363
363 134
225 254 377 433 549 302 316 368 674 779 25 42 294 406 446 218 336 508
406 446
446 25
25 294
294 42
42 433
433 377
377 549
549 225
225 254
254 218
218 508
508 368
368 302
302 316
316 336
336 674
674 779
545 597
597 545
