!
713 437 427 782 453 322 135 426 776 688 503 59 172 134 230 663 33 153 458 242 405 239 10 364 345 383 565 622 31 396 240 323 305 624 597 656 235 274 5 99 616 296 495 47 683 466 792 630 329 755 783 3 645 247 67 433 617 267 280 198 430 397 380 227 448 629 516 736 724 404 176 382 8 461 109 140 481 199 593 435 73 113 749 487 111 524 300 451 130 234 644 772 705 146 545 436 124 105 584 9 507 718 45 585 741 535 22 15 619 360 55 496 41 395 62 13 640 421 142 275 385 500 515 226 595 401 547 90 413 431 313 795 793 19 281 278 662 379 220 410 533 536 30 625 482 185 372 165 312 98 715 74 561 39 658 38 604 11 474 171 518 751 605 504 260 399 308 16 271 221 408 414 771 660 685 788 539 575 670 69 317 202 258 602 612 324 652 136 587 335 156 510 649 158 709 276 137 348 434 205 162 676 53 470 292 464 191 558 188 208 170 525 330 491 378 532 147 177 35 301 552 476 216 512 419 255 174 66 609 79 511 509 34 236 769 306 6 486 194 389 647 44 373 569 232 737 626 765 310 550 521 618 556 279 508 375 297 248 690 82 567 125 91 615 119 777 563 175 0 598 778 544 343 332 748 351 354 606 467 263 237 363 611 331 288 112 264 603 490 477 664 578 442 224 103 126 256 181 213 94 728 610 387 731 370 566 667 394 286 412 522 251 761 549 60 209 668 517 642 212 93 699 24 527 249 531 735 468 250 68 64 759 498 361 700 356 548 555 339 417 154 492 450 272 225 553 114 767 479 333 151 366 231 228 180 473 353 25 358 223 708 641 582 132 739 719 167 51 157 81 754 229 745 631 391 195 537 325 572 661 730 344 568 424 551 493 576 757 374 684 530 168 577 717 786 798 392 589 319 27 475 207 559 393 627 28 712 187 95 40 599 100 655 106 463 122 423 465 489 54 632 418 289 428 217 734 342 270 720 14 672 469 23 483 746 152 678 148 318 581 781 586 299 687 309 638 71 102 115 129 694 108 753 439 562 18 273 726 440 673 121 691 400 471 671 143 756 571 63 651 665 178 128 282 321 462 411 32 386 204 591 686 579 574 529 245 101 173 96 77 666 75 484 164 698 573 750 540 650 542 381 425 403 246 352 192 774 291 623 290 150 639 406 50 83 284 592 110 127 233 285 716 197 409 790 554 87 703 17 791 443 674 721 85 608 441 480 416 478 613 182 159 349 155 336 485 497 648 163 520 89 488 528 298 794 523 438 328 570 646 37 429 201 78 710 732 210 43 460 420 376 580 797 368 785 340 7 499 502 506 422 294 729 384 768 243 449 538 681 257 222 796 97 26 457 259 253 262 104 775 693 369 371 138 452 58 179 341 183 141 680 161 725 316 766 455 29 780 762 337 596 20 304 303 42 620 80 657 696 215 675 92 334 621 357 752 501 120 494 311 733 679 61 76 541 36 711 704 546 701 196 764 118 432 327 203 444 560 677 697 636 770 190 365 689 706 218 359 519 186 367 320 56 302 637 265 447 388 244 779 86 692 472 534 293 659 628 607 362 70 643 295 117 760 347 446 283 52 407 564 346 21 88 254 402 166 557 543 635 799 149 84 4 57 48 740 1 123 682 723 633 590 315 355 277 350 526 326 377 454 193 695 139 773 189 758 200 49 133 654 789 445 743 415 116 763 314 787 211 669 738 107 241 398 214 513 594 219 261 600 742 269 72 131 252 456 46 707 307 505 727 583 614 588 184 722 287 784 514 169 160 459 144 744 338 634 145 2 747 601 714 238 
238 341
341 219
219 178
178 179
179 128
128 58
58 714
714 594
594 601
601 478
478 282
282 85
85 277
277 321
321 386
386 416
416 721
721 665
665 513
513 398
398 747
747 480
480 608
608 138
138 651
651 337
337 214
214 441
441 204
204 462
462 377
377 614
614 696
696 674
674 241
241 411
411 443
443 657
657 693
693 371
371 107
107 32
32 215
215 775
775 369
369 273
273 7
7 104
104 18
18 197
197 262
262 738
738 716
716 80
80 620
620 726
726 259
259 409
409 211
211 253
253 505
505 340
340 2
2 787
787 785
785 457
457 694
694 669
669 727
727 634
634 26
26 285
285 562
562 108
108 675
675 554
554 790
790 440
440 314
314 145
145 753
753 621
621 368
368 129
129 742
742 796
796 87
87 763
763 116
116 97
97 338
338 269
269 72
72 415
415 357
357 797
797 257
257 17
17 334
334 791
791 92
92 703
703 691
691 115
115 400
400 600
600 57
57 681
681 743
743 71
71 445
445 580
580 131
131 48
48 309
309 538
538 638
638 102
102 261
261 252
252 222
222 789
789 307
307 376
376 687
687 707
707 439
439 613
613 471
471 143
143 671
671 210
210 710
710 1
1 384
384 182
182 740
740 456
456 732
732 768
768 46
46 469
469 583
583 729
729 756
756 355
355 506
506 422
422 654
654 483
483 672
672 574
574 591
591 23
23 499
499 294
294 762
762 121
121 686
686 502
502 243
243 571
571 159
159 133
133 43
43 780
780 746
746 123
123 579
579 349
349 14
14 682
682 336
336 678
678 460
460 152
152 63
63 723
723 29
29 720
720 183
183 148
148 155
155 449
449 420
420 200
200 455
455 318
318 485
485 633
633 586
586 758
758 189
189 588
588 581
581 49
49 163
163 590
590 781
781 428
428 766
766 680
680 452
452 596
596 141
141 299
299 497
497 42
42 315
315 289
289 520
520 418
418 161
161 632
632 54
54 623
623 403
403 648
648 246
246 303
303 20
20 139
139 773
773 425
425 89
89 774
774 695
695 217
217 489
489 519
519 725
725 290
290 192
192 77
77 342
342 666
666 352
352 96
96 734
734 291
291 150
150 302
302 218
218 359
359 316
316 488
488 52
52 304
304 465
465 270
270 706
706 639
639 101
101 365
365 689
689 245
245 423
423 798
798 173
173 673
673 528
528 320
320 406
406 122
122 529
529 319
319 56
56 27
27 786
786 392
392 117
117 298
298 589
589 463
463 190
190 186
186 265
265 770
770 447
447 697
697 367
367 655
655 75
75 599
599 607
607 100
100 106
106 195
195 388
388 636
636 717
717 86
86 643
643 244
244 692
692 362
362 391
391 677
677 475
475 472
472 88
88 484
484 779
779 540
540 557
557 70
70 293
293 577
577 543
543 254
254 760
760 659
659 745
745 534
534 631
631 560
560 164
164 444
444 684
684 698
698 203
203 635
635 132
132 446
446 21
21 628
628 402
402 295
295 750
750 207
207 374
374 283
283 347
347 424
424 573
573 51
51 564
564 559
559 127
127 346
346 166
166 757
757 576
576 582
582 568
568 157
157 493
493 81
81 327
327 650
650 432
432 344
344 358
358 730
730 83
83 637
637 754
754 223
223 708
708 592
592 739
739 407
407 50
50 799
799 542
542 284
284 530
530 110
110 641
641 84
84 4
4 381
381 551
551 764
764 353
353 25
25 494
494 719
719 167
167 149
149 311
311 473
473 752
752 118
118 120
120 495
495 168
168 744
744 501
501 144
144 711
711 233
233 231
231 366
366 572
572 196
196 296
296 733
733 5
5 679
679 393
393 537
537 151
151 99
99 187
187 430
430 274
274 235
235 40
40 541
541 325
325 397
397 36
36 656
656 95
95 380
380 661
661 184
184 227
227 597
597 305
305 28
28 47
47 61
61 701
701 712
712 76
76 767
767 683
683 333
333 627
627 616
616 180
180 228
228 466
466 546
546 704
704 114
114 794
794 448
448 230
230 134
134 426
426 622
622 792
792 479
479 565
565 453
453 172
172 229
229 553
553 78
78 31
31 523
523 135
135 663
663 630
630 322
322 383
383 629
629 427
427 201
201 364
364 435
435 503
503 239
239 782
782 10
10 516
516 437
437 713
713 33
33 345
345 438
438 624
624 328
328 429
429 225
225 329
329 755
755 688
688 37
37 570
570 308
308 593
593 646
646 153
153 458
458 776
776 724
724 16
16 242
242 271
271 405
405 354
354 783
783 199
199 247
247 606
606 645
645 59
59 459
459 67
67 323
323 667
667 396
396 3
3 394
394 433
433 404
404 332
332 748
748 240
240 504
504 109
109 605
605 566
566 176
176 351
351 454
454 617
617 73
73 8
8 461
461 442
442 382
382 343
343 224
224 103
103 715
715 350
350 736
736 193
193 731
731 267
267 544
544 526
526 98
98 55
55 578
578 237
237 387
387 370
370 140
140 287
287 481
481 126
126 74
74 784
784 94
94 610
610 360
360 113
113 256
256 263
263 312
312 467
467 185
185 561
561 749
749 363
363 280
280 326
326 728
728 611
611 39
39 793
793 664
664 482
482 619
619 181
181 487
487 658
658 514
514 38
38 625
625 111
111 13
13 160
160 372
372 30
30 198
198 286
286 213
213 741
741 535
535 585
585 412
412 165
165 604
604 524
524 331
331 11
11 264
264 9
9 169
169 62
62 603
603 474
474 536
536 300
300 15
15 410
410 22
22 533
533 112
112 288
288 401
401 522
522 45
45 584
584 515
515 171
171 518
518 640
640 718
718 761
761 662
662 251
251 751
751 451
451 477
477 60
60 278
278 226
226 500
500 105
105 385
385 275
275 421
421 490
490 220
220 496
496 130
130 221
221 549
549 41
41 232
232 373
373 209
209 569
569 379
379 142
142 595
595 234
234 413
413 598
598 395
395 408
408 772
772 545
545 436
436 778
778 705
705 468
468 68
68 547
547 250
250 644
644 431
431 313
313 0
0 668
668 647
647 90
90 735
735 124
124 517
517 531
531 146
146 389
389 795
795 737
737 575
575 175
175 44
44 699
699 194
194 563
563 260
260 777
777 281
281 700
700 642
642 212
212 19
19 486
486 24
24 527
527 361
361 64
64 306
306 507
507 660
660 414
414 626
626 771
771 498
498 249
249 93
93 759
759 399
399 419
419 685
685 765
765 356
356 788
788 297
297 512
512 6
6 216
216 91
91 539
539 125
125 255
255 615
615 272
272 552
552 532
532 310
310 548
548 470
470 491
491 301
301 525
525 339
339 555
555 670
670 53
53 330
330 567
567 550
550 476
476 170
170 177
177 188
188 147
147 558
558 378
378 35
35 276
276 521
521 348
348 136
136 191
191 417
417 69
69 434
434 676
676 137
137 609
609 649
649 205
205 556
556 248
248 174
174 510
510 79
79 587
587 154
154 618
618 162
162 317
317 509
509 690
690 511
511 66
66 335
335 324
324 508
508 202
202 279
279 612
612 119
119 34
34 492
492 82
82 158
158 450
450 709
709 464
464 208
208 722
722 236
236 769
769 375
375 292
292 652
652 258
258 156
156 602
653 206 12 268 266 702 390 65 
702 390
390 268
268 266
266 12
12 653
653 206
206 65
