!
331 265 352 443 661 618 589 335 644 329 86 328 172 351 9 238 778 159 457 293 198 479 477 791 508 327 767 301 310 555 289 
301 310
310 767
767 791
791 555
555 289
289 477
477 479
479 198
198 327
327 508
508 457
457 328
328 9
9 159
159 329
329 86
86 644
644 172
172 335
335 293
293 351
351 618
618 589
589 661
661 352
352 331
331 238
238 443
443 265
265 778
469 312 114 670 544 735 39 224 345 281 248 237 719 357 13 633 702 382 326 584 42 119 342 628 240 25 245 308 725 120 
240 308
308 245
245 628
628 342
342 119
119 25
25 725
725 42
42 120
120 326
326 584
584 702
702 382
382 633
633 13
13 357
357 670
670 312
312 469
469 114
114 544
544 735
735 39
39 224
224 345
345 281
281 248
248 719
719 237
28 89 140 
28 89
89 140
646 309 695 455 
455 695
695 646
646 309
137 158 
137 158
16 92 370 568 478 599 
92 370
370 16
16 568
568 478
478 599
762 402 793 475 658 67 122 447 769 105 307 
307 105
105 769
769 762
762 447
447 402
402 658
658 67
67 793
793 122
122 475
538 284 
284 538
274 3 216 368 285 509 375 679 481 515 167 777 565 271 30 94 418 256 734 610 744 651 567 716 780 400 583 7 
509 285
285 368
368 3
3 565
565 777
777 274
274 167
167 216
216 375
375 515
515 481
481 679
679 271
271 30
30 94
94 418
418 256
256 734
734 744
744 610
610 651
651 780
780 567
567 400
400 716
716 7
7 583
208 707 437 38 566 383 319 560 138 521 191 333 410 27 587 56 699 214 
587 27
27 410
410 56
56 699
699 333
333 214
214 383
383 566
566 38
38 191
191 437
437 707
707 208
208 319
319 560
560 138
138 521
694 742 740 685 721 139 593 255 41 286 615 37 464 758 232 306 480 320 336 171 750 497 123 380 73 
685 740
740 694
694 742
742 721
721 139
139 593
593 255
255 286
286 615
615 41
41 37
37 464
464 758
758 232
232 306
306 320
320 480
480 336
336 171
171 750
750 497
497 380
380 123
123 73
358 573 772 760 452 765 595 696 648 534 194 473 64 31 715 169 337 577 100 488 505 
100 577
577 337
337 715
715 31
31 64
64 169
169 505
505 488
488 473
473 648
648 696
696 765
765 595
595 534
534 194
194 452
452 760
760 772
772 358
358 573
441 763 525 135 162 290 125 636 401 404 55 62 365 510 376 253 785 687 91 233 408 474 639 6 393 165 415 379 
6 687
687 636
636 401
401 125
125 404
404 55
55 379
379 290
290 365
365 62
62 510
510 441
441 415
415 162
162 763
763 165
165 639
639 393
393 525
525 135
135 376
376 474
474 253
253 91
91 408
408 233
233 785
413 
193 131 653 788 500 323 124 222 143 367 200 272 556 207 727 623 
272 727
727 556
556 200
200 207
207 623
623 367
367 222
222 143
143 193
193 131
131 788
788 653
653 500
500 323
323 124
596 242 363 168 768 571 297 247 748 635 266 126 
596 571
571 768
768 168
168 297
297 242
242 363
363 247
247 748
748 635
635 266
266 126
450 202 23 689 391 712 786 673 704 634 490 526 95 598 173 299 397 178 529 394 
178 397
397 529
529 394
394 299
299 704
704 634
634 673
673 95
95 490
490 526
526 450
450 202
202 23
23 786
786 598
598 689
689 712
712 173
173 391
656 
205 399 
399 205
83 594 654 354 779 40 440 445 36 507 279 298 398 436 782 732 108 403 102 269 770 218 113 96 522 190 192 132 12 249 487 384 146 241 647 283 693 797 451 343 35 690 528 579 641 338 29 349 513 614 432 590 
343 29
29 451
451 693
693 283
283 797
797 647
647 241
241 146
146 338
338 384
384 35
35 487
487 249
249 579
579 690
690 641
641 528
528 192
192 132
132 445
445 440
440 12
12 190
190 40
40 83
83 594
594 522
522 96
96 654
654 782
782 36
36 354
354 732
732 269
269 779
779 507
507 770
770 108
108 403
403 279
279 218
218 102
102 298
298 113
113 398
398 436
436 349
349 513
513 614
614 432
432 590
412 622 665 115 98 620 231 219 176 17 377 180 471 184 154 65 540 625 4 627 601 630 260 741 221 150 107 63 757 663 470 789 484 133 250 50 512 675 428 19 291 390 602 466 212 160 
757 107
107 789
789 63
63 741
741 50
50 221
221 260
260 150
150 630
630 484
484 133
133 627
627 250
250 665
665 154
154 65
65 622
622 412
412 601
601 115
115 184
184 470
470 663
663 180
180 98
98 471
471 377
377 620
620 176
176 17
17 231
231 219
219 540
540 512
512 675
675 625
625 4
4 428
428 291
291 19
19 390
390 602
602 466
466 212
212 160
608 736 609 304 387 666 629 45 682 637 426 80 561 697 752 314 578 69 667 794 10 417 147 318 5 21 407 677 554 409 604 616 20 99 442 59 626 378 674 355 68 225 759 745 199 416 691 2 686 698 
10 682
682 45
45 666
666 80
80 629
629 314
314 561
561 417
417 752
752 697
697 387
387 578
578 69
69 304
304 426
426 667
667 736
736 609
609 608
608 637
637 794
794 147
147 318
318 5
5 21
21 616
616 407
407 677
677 554
554 409
409 20
20 59
59 604
604 442
442 626
626 99
99 378
378 674
674 759
759 225
225 68
68 745
745 355
355 416
416 691
691 199
199 2
2 686
686 698
576 722 550 781 46 592 439 703 657 429 257 235 652 655 706 787 111 733 728 619 761 514 493 280 270 710 664 459 542 15 217 535 774 252 799 134 751 251 419 773 170 52 103 0 575 118 128 229 48 236 18 792 101 11 585 350 414 
236 103
103 101
101 52
52 170
170 792
792 11
11 414
414 18
18 773
773 350
350 585
585 419
419 703
703 657
657 251
251 514
514 761
761 576
576 722
722 619
619 111
111 655
655 550
550 706
706 787
787 575
575 652
652 0
0 493
493 781
781 733
733 46
46 439
439 429
429 280
280 592
592 728
728 270
270 257
257 235
235 217
217 710
710 15
15 664
664 542
542 459
459 799
799 134
134 535
535 751
751 774
774 252
252 118
118 128
128 229
229 48
489 482 680 163 61 558 795 22 325 381 81 226 93 547 239 541 88 182 369 564 796 195 581 54 557 461 747 453 746 157 276 632 313 766 210 206 645 603 294 106 
206 195
195 210
210 796
796 766
766 453
453 581
581 54
54 564
564 747
747 106
106 645
645 313
313 294
294 603
603 557
557 461
461 182
182 369
369 632
632 88
88 541
541 746
746 276
276 157
157 239
239 547
547 226
226 81
81 381
381 325
325 93
93 22
22 680
680 558
558 61
61 482
482 795
795 489
489 163
47 421 234 688 372 411 227 87 756 423 701 287 311 292 24 723 597 492 8 361 574 523 
87 227
227 756
756 411
411 311
311 372
372 423
423 701
701 234
234 47
47 688
688 421
421 597
597 287
287 492
492 292
292 8
8 723
723 24
24 361
361 574
574 523
700 332 305 775 254 152 339 296 570 496 462 112 506 718 246 586 302 433 
496 570
570 462
462 112
112 433
433 339
339 296
296 302
302 246
246 586
586 775
775 305
305 506
506 332
332 700
700 254
254 152
152 718
359 278 669 678 288 724 389 726 504 275 26 642 164 580 605 485 563 223 600 300 491 430 364 344 213 186 553 684 532 420 511 104 295 650 117 72 755 374 465 467 708 668 454 518 179 422 44 353 486 717 392 606 460 517 562 34 458 
511 288
288 275
275 420
420 504
504 359
359 278
278 724
724 669
669 726
726 553
553 364
364 344
344 186
186 213
213 678
678 389
389 755
755 684
684 430
430 26
26 374
374 532
532 642
642 164
164 104
104 708
708 295
295 580
580 465
465 467
467 650
650 605
605 117
117 300
300 668
668 485
485 491
491 563
563 600
600 223
223 460
460 458
458 34
34 72
72 517
517 606
606 562
562 486
486 353
353 717
717 44
44 454
454 422
422 179
179 392
392 518
197 582 643 662 395 220 739 141 127 631 783 424 
424 783
783 127
127 631
631 141
141 395
395 220
220 739
739 662
662 643
643 197
197 582
501 
386 53 136 84 203 569 348 14 181 153 166 524 185 209 549 211 588 548 672 621 660 446 714 671 79 244 49 559 
660 181
181 671
671 714
714 14
14 49
49 559
559 244
244 79
79 446
446 348
348 53
53 203
203 386
386 136
136 569
569 153
153 84
84 166
166 524
524 185
185 209
209 549
549 211
211 672
672 588
588 621
621 548
776 638 201 187 315 743 174 476 43 317 
317 43
43 476
476 174
174 743
743 315
315 776
776 201
201 638
638 187
204 71 362 435 
435 71
71 362
362 204
692 
764 70 264 613 
70 764
764 264
264 613
798 268 273 730 737 
268 798
798 273
273 730
730 737
373 790 183 334 612 277 130 431 531 683 503 74 303 90 607 519 624 617 552 109 97 148 215 659 57 434 611 
334 183
183 790
790 277
277 612
612 373
373 130
130 74
74 503
503 683
683 531
531 431
431 303
303 90
90 519
519 624
624 607
607 617
617 215
215 552
552 97
97 109
109 148
148 659
659 434
434 57
57 611
771 543 189 388 76 243 731 385 448 711 539 82 533 713 316 551 640 258 60 449 502 
711 502
502 60
60 449
449 640
640 189
189 731
731 771
771 713
713 448
448 388
388 551
551 385
385 543
543 316
316 533
533 243
243 82
82 539
539 76
76 258
754 161 321 77 405 58 483 324 498 340 116 427 527 175 156 494 
156 494
494 527
527 427
427 324
324 498
498 483
483 754
754 161
161 340
340 116
116 175
175 321
321 58
58 77
77 405
188 259 121 520 78 468 
468 78
78 520
520 121
121 259
259 188
729 495 341 346 230 572 406 155 360 262 438 347 591 129 356 738 
129 591
591 347
347 438
438 356
356 738
738 155
155 360
360 406
406 346
346 262
262 230
230 572
572 495
495 729
729 341
51 530 676 546 66 85 261 228 649 75 705 537 151 516 330 196 371 472 753 110 
753 110
110 472
472 371
371 196
196 330
330 530
530 51
51 676
676 546
546 261
261 85
85 66
66 537
537 151
151 228
228 649
649 75
75 705
705 516
720 267 545 322 709 784 177 444 463 33 149 282 425 366 536 144 145 1 263 
263 536
536 366
366 425
425 784
784 709
709 444
444 177
177 720
720 545
545 267
267 322
322 463
463 33
33 282
282 149
149 145
145 144
144 1
32 499 681 396 456 142 749 
749 456
456 499
499 681
681 32
32 396
396 142
