!
385 403 88 662 
662 88
88 385
385 403
615 569 543 506 600 273 144 566 584 1 527 
566 527
527 569
569 615
615 144
144 1
1 543
543 273
273 506
506 600
600 584
553 129 621 
621 129
129 553
620 650 239 175 111 517 402 72 149 558 712 522 234 715 534 765 457 150 265 280 223 771 785 786 483 37 99 340 351 293 361 78 358 780 115 502 485 316 220 433 343 445 623 436 319 353 34 
37 340
340 99
99 483
483 361
361 78
78 351
351 293
293 786
786 502
502 115
115 785
785 485
485 316
316 771
771 220
220 358
358 280
280 433
433 223
223 265
265 150
150 343
343 234
234 522
522 445
445 457
457 175
175 239
239 715
715 623
623 436
436 712
712 534
534 319
319 620
620 558
558 765
765 353
353 650
650 34
34 111
111 517
517 402
402 149
149 72
72 780
587 309 104 649 375 421 564 278 366 155 429 245 251 528 531 27 10 299 205 626 216 510 796 652 211 791 60 745 
510 652
652 796
796 299
299 216
216 10
10 211
211 791
791 27
27 626
626 60
60 205
205 745
745 528
528 531
531 429
429 155
155 245
245 366
366 278
278 564
564 251
251 649
649 104
104 375
375 421
421 309
309 587
533 151 224 667 
667 224
224 151
151 533
378 413 521 93 
378 93
93 413
413 521
419 405 20 595 473 187 388 127 100 246 
246 100
100 127
127 388
388 187
187 473
473 595
595 20
20 405
405 419
263 386 490 
386 263
263 490
430 335 218 336 414 213 755 410 382 381 338 389 568 503 314 573 321 242 743 565 585 6 294 704 347 793 154 371 710 726 453 
389 338
338 381
381 410
410 382
382 755
755 213
213 414
414 336
336 335
335 430
430 218
218 242
242 321
321 568
568 503
503 314
314 6
6 743
743 573
573 565
565 704
704 585
585 294
294 347
347 154
154 793
793 371
371 710
710 726
726 453
169 271 733 633 48 75 797 80 513 477 588 695 61 577 685 508 136 339 666 779 287 237 617 444 775 459 787 426 738 170 446 32 119 352 683 550 458 196 380 376 73 735 640 387 233 692 760 728 
426 738
738 170
170 787
787 446
446 775
775 444
444 459
459 617
617 119
119 352
352 32
32 550
550 80
80 683
683 797
797 508
508 376
376 237
237 458
458 75
75 685
685 380
380 196
196 136
136 169
169 339
339 728
728 666
666 287
287 779
779 733
733 633
633 271
271 760
760 513
513 73
73 48
48 735
735 640
640 233
233 387
387 692
692 61
61 477
477 588
588 577
577 695
49 55 638 284 529 33 356 326 756 320 152 782 678 349 398 769 448 176 59 262 781 166 547 599 41 323 39 109 661 277 148 699 
41 398
398 769
769 152
152 356
356 33
33 756
756 448
448 326
326 320
320 529
529 176
176 782
782 678
678 49
49 55
55 349
349 638
638 59
59 284
284 262
262 661
661 599
599 781
781 166
166 547
547 109
109 39
39 323
323 277
277 148
148 699
186 289 597 44 532 342 267 629 45 752 207 474 774 325 578 24 268 665 179 85 647 442 
442 647
647 85
85 179
179 578
578 774
774 325
325 24
24 597
597 267
267 474
474 186
186 289
289 268
268 342
342 44
44 665
665 532
532 629
629 45
45 752
752 207
241 54 614 607 518 724 130 470 86 747 560 455 468 451 653 616 118 777 720 188 799 655 181 121 507 377 311 418 185 324 69 303 117 749 108 784 789 
789 108
108 518
518 607
607 724
724 749
749 54
54 614
614 241
241 784
784 86
86 117
117 470
470 130
130 303
303 69
69 747
747 560
560 720
720 455
455 468
468 324
324 188
188 616
616 185
185 451
451 181
181 777
777 655
655 653
653 118
118 418
418 799
799 121
121 507
507 377
377 311
741 308 355 269 70 141 668 480 
480 355
355 308
308 141
141 741
741 70
70 269
269 668
717 330 461 11 525 63 465 367 657 252 625 425 334 610 28 694 64 264 706 768 570 261 764 83 
83 764
764 28
28 610
610 334
334 367
367 261
261 768
768 465
465 63
63 570
570 706
706 525
525 425
425 625
625 330
330 264
264 657
657 11
11 694
694 64
64 717
717 252
252 461
331 50 275 312 659 272 605 648 501 67 160 259 406 19 4 81 171 698 18 672 538 680 362 422 184 420 87 795 298 766 516 481 286 295 491 643 168 140 586 767 357 763 230 98 36 92 391 475 201 635 192 486 463 195 443 290 736 158 250 722 762 217 227 318 512 580 670 611 427 656 
486 762
762 192
192 463
463 201
201 475
475 635
635 443
443 195
195 391
391 290
290 318
318 656
656 736
736 217
217 158
158 36
36 250
250 227
227 722
722 98
98 512
512 230
230 357
357 92
92 580
580 767
767 670
670 611
611 140
140 168
168 491
491 586
586 643
643 763
763 295
295 427
427 286
286 259
259 406
406 160
160 19
19 4
4 272
272 81
81 312
312 275
275 605
605 648
648 171
171 331
331 659
659 50
50 481
481 698
698 501
501 67
67 362
362 680
680 18
18 538
538 795
795 516
516 672
672 298
298 87
87 422
422 766
766 184
184 420
646 555 541 658 16 56 676 162 247 489 231 178 467 494 583 183 594 673 208 229 120 628 131 761 552 97 137 792 601 62 754 365 182 399 29 592 400 758 
494 467
467 489
489 231
231 646
646 555
555 178
178 541
541 16
16 56
56 658
658 583
583 673
673 594
594 183
183 676
676 792
792 137
137 162
162 247
247 97
97 552
552 208
208 229
229 761
761 120
120 601
601 62
62 628
628 131
131 399
399 182
182 400
400 754
754 365
365 758
758 29
29 592
562 333 639 674 401 203 697 297 613 159 559 302 122 636 471 112 701 576 509 200 788 707 90 244 395 390 243 536 281 415 65 206 322 364 542 101 582 404 504 135 332 359 757 310 379 746 651 
746 379
379 135
135 651
651 757
757 90
90 310
310 636
636 359
359 504
504 332
332 707
707 471
471 415
415 404
404 281
281 536
536 122
122 582
582 701
701 243
243 112
112 302
302 401
401 65
65 206
206 576
576 395
395 101
101 674
674 559
559 322
322 333
333 509
509 390
390 297
297 364
364 639
639 613
613 788
788 542
542 200
200 244
244 159
159 562
562 697
697 203
472 253 
472 253
369 705 2 226 548 198 596 637 164 238 368 545 520 240 300 493 95 116 254 664 236 66 630 441 511 689 146 535 89 688 783 778 505 46 487 750 567 22 669 723 
22 669
669 567
567 487
487 750
750 723
723 46
46 505
505 778
778 688
688 783
783 89
89 535
535 689
689 511
511 441
441 630
630 146
146 116
116 493
493 66
66 95
95 254
254 300
300 664
664 236
236 240
240 520
520 545
545 238
238 164
164 705
705 637
637 369
369 198
198 596
596 2
2 548
548 226
226 368
52 
718 496 435 732 58 82 167 751 225 301 5 279 711 708 702 
718 496
496 435
435 167
167 58
58 82
82 732
732 751
751 225
225 301
301 5
5 279
279 711
711 708
708 702
161 215 282 328 138 304 13 354 374 145 627 645 450 423 313 776 153 17 51 345 434 363 47 498 393 106 469 424 679 123 8 734 12 438 35 677 202 373 197 53 204 417 
53 197
197 373
373 417
417 204
204 12
12 438
438 734
734 8
8 35
35 123
123 677
677 202
202 679
679 498
498 47
47 434
434 345
345 363
363 627
627 145
145 374
374 354
354 645
645 450
450 17
17 13
13 153
153 776
776 424
424 282
282 215
215 469
469 328
328 161
161 138
138 393
393 313
313 304
304 423
423 51
51 106
618 341 753 221 690 177 306 9 142 337 790 110 492 91 428 714 292 288 199 397 700 255 256 102 209 737 103 687 360 654 561 581 270 671 249 0 773 191 296 132 409 572 74 372 190 460 222 719 317 327 579 798 462 452 172 394 68 524 174 133 232 3 574 449 554 57 248 350 557 612 497 660 539 124 593 454 
454 593
593 124
124 497
497 660
660 612
612 557
557 68
68 394
394 172
172 452
452 462
462 798
798 360
360 687
687 327
327 103
103 654
654 317
317 719
719 222
222 350
350 561
561 460
460 190
190 581
581 737
737 102
102 209
209 270
270 372
372 579
579 256
256 572
572 671
671 248
248 409
409 249
249 74
74 132
132 554
554 0
0 449
449 574
574 524
524 57
57 191
191 174
174 3
3 133
133 773
773 232
232 397
397 700
700 296
296 199
199 288
288 292
292 255
255 539
539 714
714 428
428 91
91 492
492 790
790 110
110 142
142 337
337 9
9 690
690 753
753 221
221 341
341 177
177 306
306 618
464 556 165 134 632 598 71 329 642 634 523 228 266 727 476 43 173 526 128 544 416 622 96 514 346 276 693 478 31 631 274 38 307 709 260 439 571 285 608 696 546 25 21 725 212 79 383 396 219 180 479 283 193 716 619 105 530 663 156 740 113 644 412 682 606 731 210 549 344 
210 344
344 731
731 606
606 549
549 682
682 412
412 644
644 113
113 740
740 156
156 283
283 479
479 180
180 396
396 383
383 219
219 530
530 105
105 212
212 619
619 79
79 716
716 193
193 21
21 663
663 25
25 546
546 696
696 608
608 725
725 285
285 571
571 228
228 622
622 523
523 173
173 416
416 43
43 544
544 128
128 476
476 329
329 526
526 266
266 71
71 727
727 598
598 134
134 634
634 632
632 642
642 165
165 556
556 464
464 439
439 96
96 514
514 346
346 276
276 307
307 274
274 38
38 693
693 260
260 31
31 631
631 478
478 709
742 408 456 537 729 759 515 675 94 730 157 466 348 641 519 713 392 432 488 42 703 
515 675
675 42
42 703
703 432
432 759
759 488
488 729
729 408
408 742
742 537
537 456
456 519
519 94
94 641
641 466
466 730
730 348
348 157
157 713
713 392
305 14 499 291 235 686 147 
235 14
14 147
147 305
305 291
291 499
499 686
411 
495 551 484 431 500 447 563 744 540 437 
437 540
540 551
551 484
484 431
431 495
495 744
744 500
500 447
447 563
589 
76 77 591 482 30 590 40 257 407 603 26 748 624 440 384 189 770 15 315 143 794 604 107 575 194 126 681 114 739 609 125 258 684 7 602 139 23 214 84 370 163 772 691 721 
143 370
370 794
794 214
214 194
194 23
23 107
107 604
604 384
384 748
748 624
624 189
189 84
84 575
575 26
26 139
139 603
603 770
770 15
15 126
126 257
257 315
315 40
40 681
681 114
114 590
590 407
407 739
739 30
30 609
609 440
440 684
684 125
125 258
258 7
7 482
482 602
602 591
591 76
76 77
77 772
772 691
691 163
163 721
