!
399 
560 498 593 272 
272 593
593 560
560 498
433 429 456 448 144 688 
688 448
448 456
456 429
429 144
144 433
349 115 533 747 590 454 
590 454
454 349
349 115
115 747
747 533
64 303 611 95 795 731 401 774 
95 611
611 795
795 731
731 303
303 401
401 64
64 774
45 715 88 519 316 589 98 493 111 268 653 
653 493
493 98
98 111
111 589
589 316
316 519
519 268
268 45
45 715
715 88
27 
661 423 510 658 388 764 
388 658
658 423
423 661
661 510
510 764
156 365 322 
322 365
365 156
143 36 247 90 289 
90 247
247 36
36 143
143 289
238 207 
238 207
728 368 78 48 217 224 118 765 595 521 675 254 703 271 776 350 
48 675
675 521
521 595
595 78
78 350
350 217
217 118
118 271
271 776
776 765
765 728
728 254
254 224
224 368
368 703
42 592 147 631 669 346 614 523 222 403 267 17 430 730 
730 430
430 17
17 42
42 267
267 592
592 631
631 147
147 669
669 614
614 346
346 523
523 222
222 403
154 378 
378 154
644 
741 489 262 20 520 97 
97 520
520 20
20 262
262 741
741 489
541 263 
263 541
117 709 465 634 
709 634
634 117
117 465
65 792 366 
65 792
792 366
391 734 
391 734
708 547 383 513 771 665 264 
383 547
547 665
665 708
708 771
771 513
513 264
749 277 
749 277
758 646 284 
758 646
646 284
274 367 16 213 685 628 
685 628
628 213
213 274
274 367
367 16
444 
694 528 320 185 600 417 739 525 507 782 463 297 
463 297
297 782
782 507
507 525
525 739
739 528
528 320
320 694
694 185
185 600
600 417
19 82 231 435 
19 82
82 231
231 435
707 639 486 630 648 
630 648
648 486
486 639
639 707
51 22 176 8 278 587 
587 278
278 8
8 176
176 51
51 22
437 44 286 210 
286 44
44 437
437 210
404 86 778 235 50 353 796 508 676 
676 508
508 796
796 353
353 50
50 235
235 778
778 404
404 86
696 
586 652 145 276 791 544 
276 652
652 586
586 145
145 791
791 544
455 
347 
577 799 579 166 265 566 767 382 689 160 87 356 392 752 680 556 402 770 4 420 56 
752 356
356 392
392 87
87 767
767 160
160 4
4 770
770 566
566 556
556 402
402 382
382 680
680 265
265 420
420 689
689 166
166 56
56 579
579 577
577 799
291 236 161 79 339 138 38 
291 236
236 79
79 161
161 339
339 138
138 38
377 441 545 450 620 686 
686 450
450 620
620 545
545 441
441 377
318 270 343 121 
121 318
318 343
343 270
157 535 558 637 47 591 256 
591 637
637 558
558 157
157 535
535 47
47 256
684 282 253 475 281 
475 281
281 684
684 282
282 253
679 
726 
548 674 168 
674 168
168 548
655 208 
208 655
105 750 756 751 543 
105 750
750 756
756 751
751 543
96 345 704 621 645 
345 704
704 96
96 621
621 645
663 333 552 
333 663
663 552
355 
442 409 18 33 468 660 230 555 710 410 714 241 354 169 
230 33
33 660
660 468
468 409
409 18
18 442
442 555
555 710
710 410
410 714
714 241
241 354
354 169
189 279 319 643 373 233 293 370 471 
189 373
373 279
279 319
319 643
643 471
471 293
293 233
233 370
662 250 745 636 6 389 375 296 206 332 524 487 711 412 786 
786 412
412 711
711 487
487 296
296 375
375 6
6 389
389 636
636 206
206 332
332 524
524 250
250 745
745 662
218 227 248 431 325 
227 218
218 248
248 431
431 325
699 532 527 
532 699
699 527
418 
363 563 
563 363
155 453 0 651 386 61 133 205 
0 651
651 453
453 155
155 386
386 61
61 133
133 205
436 718 
436 718
280 12 57 358 772 275 
57 12
12 358
358 280
280 772
772 275
66 74 
74 66
740 
538 240 
240 538
732 447 
447 732
396 329 112 407 2 255 
255 329
329 396
396 112
112 407
407 2
21 
334 123 211 690 393 
334 123
123 690
690 211
211 393
503 440 
440 503
216 511 759 335 195 62 623 295 244 127 116 142 
623 216
216 759
759 195
195 335
335 511
511 62
62 295
295 244
244 127
127 116
116 142
380 408 310 326 
326 380
380 408
408 310
414 269 59 180 687 249 173 374 
414 374
374 180
180 59
59 269
269 687
687 249
249 173
697 604 
604 697
159 53 174 243 
174 53
53 159
159 243
305 629 784 553 405 219 246 146 369 483 641 481 114 777 283 622 317 1 351 495 149 120 14 425 610 459 336 569 682 755 197 63 186 769 288 509 461 23 
610 425
425 149
149 23
23 14
14 495
495 461
461 120
120 186
186 351
351 509
509 769
769 336
336 459
459 1
1 288
288 569
569 317
317 682
682 755
755 114
114 197
197 483
483 369
369 481
481 777
777 283
283 641
641 622
622 63
63 219
219 405
405 246
246 146
146 629
629 305
305 784
784 553
130 94 398 666 167 428 
130 94
94 167
167 398
398 666
666 428
191 457 314 
314 457
457 191
196 148 302 596 83 125 99 724 598 458 
196 148
148 302
302 598
598 596
596 724
724 83
83 458
458 125
125 99
199 787 299 748 449 
449 199
199 787
787 748
748 299
691 
472 202 615 497 390 311 
472 615
615 202
202 497
497 390
390 311
683 416 515 779 
683 416
416 515
515 779
150 754 605 68 
150 754
754 605
605 68
789 
342 667 539 721 294 203 41 
539 41
41 342
342 203
203 294
294 721
721 667
518 531 
531 518
617 394 446 702 209 797 561 581 290 103 649 484 562 232 257 526 607 307 183 285 
394 617
617 446
446 290
290 702
702 257
257 209
209 561
561 232
232 797
797 581
581 103
103 649
649 484
484 562
562 526
526 183
183 307
307 607
607 285
490 602 474 534 177 713 
534 177
177 713
713 474
474 602
602 490
576 672 327 701 485 712 
712 485
485 327
327 701
701 672
672 576
494 260 25 328 175 
328 175
175 25
25 260
260 494
113 
182 
228 443 
228 443
165 570 10 537 606 585 348 93 
585 537
537 165
165 348
348 606
606 570
570 10
10 93
179 650 
179 650
158 3 132 
132 158
158 3
395 546 
395 546
705 530 
530 705
140 529 
529 140
229 200 
229 200
201 122 
122 201
517 85 798 32 477 266 102 
102 266
266 477
477 32
32 798
798 85
85 517
29 499 194 583 119 92 220 40 76 
40 76
76 220
220 92
92 583
583 194
194 29
29 499
499 119
188 379 101 192 338 491 668 67 
67 668
668 338
338 491
491 192
192 101
101 188
188 379
788 
135 462 
462 135
360 671 642 300 424 567 344 781 502 237 341 551 557 785 473 647 129 501 575 376 330 37 
647 575
575 501
501 129
129 376
376 37
37 330
330 551
551 557
557 300
300 642
642 360
360 671
671 567
567 424
424 344
344 785
785 781
781 341
341 473
473 502
502 237
578 
625 763 719 214 321 678 716 727 
321 214
214 719
719 625
625 763
763 678
678 727
727 716
654 
612 720 60 7 
60 720
720 7
7 612
171 304 46 152 613 506 362 635 
171 46
46 304
304 152
152 362
362 613
613 635
635 506
28 638 627 760 619 608 470 624 426 298 292 584 673 107 
608 619
619 28
28 107
107 638
638 760
760 627
627 673
673 470
470 624
624 426
426 298
298 584
584 292
49 131 565 35 
35 49
49 131
131 565
128 725 308 385 134 
128 308
308 725
725 385
385 134
452 287 242 
452 287
287 242
141 722 
722 141
306 550 717 743 
306 550
550 717
717 743
588 84 371 
84 588
588 371
234 422 737 
737 234
234 422
52 
406 251 
406 251
139 744 
139 744
469 554 492 331 681 439 
439 331
331 681
681 469
469 492
492 554
104 80 89 384 
384 89
89 80
80 104
549 445 603 695 337 9 252 657 793 108 400 
657 337
337 9
9 252
252 695
695 603
603 549
549 445
445 793
793 108
108 400
522 204 387 478 352 582 
352 522
522 204
204 387
387 478
478 582
24 223 136 
136 223
223 24
790 
212 151 193 
212 151
151 193
568 427 411 
411 427
427 568
324 381 5 245 597 775 301 
597 324
324 245
245 381
381 5
5 301
301 775
31 753 421 536 466 221 571 315 258 190 75 480 357 
480 190
190 258
258 75
75 315
315 221
221 571
571 466
466 536
536 357
357 421
421 753
753 31
757 580 467 735 460 618 170 594 693 514 313 178 273 225 698 
698 225
225 273
273 178
178 313
313 467
467 580
580 757
757 735
735 460
460 618
618 514
514 693
693 170
170 594
616 181 664 738 
738 664
664 181
181 616
488 504 162 364 72 432 415 163 372 464 438 677 
464 438
438 677
677 372
372 163
163 415
415 162
162 504
504 488
488 72
72 432
432 364
633 340 482 198 413 729 153 77 559 15 226 768 259 106 26 794 780 312 73 
106 26
26 768
768 794
794 259
259 729
729 413
413 77
77 153
153 226
226 559
559 198
198 15
15 482
482 340
340 633
633 780
780 312
312 73
70 
500 
359 172 656 601 184 30 572 126 69 
184 126
126 30
30 359
359 172
172 572
572 656
656 601
601 69
723 100 670 496 323 109 434 564 540 692 
692 100
100 723
723 323
323 496
496 670
670 109
109 564
564 434
434 540
476 599 261 609 309 
309 261
261 599
599 476
476 609
58 746 11 516 215 187 239 505 733 91 640 71 81 573 
11 58
58 746
746 516
516 215
215 573
573 81
81 71
71 640
640 505
505 91
91 733
733 187
187 239
659 54 574 110 700 742 419 39 762 451 361 783 
110 39
39 419
419 742
742 574
574 659
659 700
700 54
54 762
762 451
451 783
783 361
512 397 479 43 736 124 626 
512 397
397 479
479 43
43 736
736 124
124 626
34 766 773 164 55 706 542 137 632 13 
13 55
55 706
706 632
632 542
542 137
137 164
164 34
34 766
766 773
761 
