!
5 85
5 85
148 270 361 449 521 540 589 762 191 267
270 449
449 361
361 148
148 762
762 540
540 521
521 589
589 267
267 191
341 455 492 508 563 584
563 492
492 584
584 455
455 508
508 341
618 634 113 249 293
113 293
293 249
249 618
618 634
385 441
441 385
463 470
463 470
552 724 776
552 776
776 724
90 100 122 329 330
330 122
122 329
329 100
100 90
535
614 627 734
627 734
734 614
128
223
236 502
502 236
519 571 690 735
571 519
519 735
735 690
340 415 423 482 682
340 482
482 415
415 682
682 423
687 717
717 687
754 37 118 276 298 434 579
37 118
118 276
276 298
298 579
579 434
434 754
694 759 212
759 694
694 212
487 575 633 651 704
651 487
487 575
575 633
633 704
721 30
30 721
301 348 356 631 700 733
700 348
348 733
733 631
631 356
356 301
23 97 259 371 680 737 741 109 216 245 678 727 752 799 27 257
27 257
257 678
678 752
752 216
216 727
727 245
245 799
799 109
109 371
371 741
741 680
680 97
97 23
23 737
737 259
486 517 551 553 637 47 67
517 486
486 553
553 637
637 551
551 47
47 67
154 369
154 369
475 625 766 289 370
766 625
625 475
475 289
289 370
443 610 697 705 764
764 705
705 443
443 610
610 697
63 215 240 251 488
251 63
63 215
215 488
488 240
570 681 15 103 456 595 622 701 780 178 299 332 435
595 701
701 103
103 622
622 15
15 780
780 456
456 570
570 681
681 435
435 299
299 178
178 332
630 795 91 504 511 652 773 788 188
788 652
652 773
773 504
504 511
511 91
91 188
188 630
630 795
241 483
241 483
484 565
484 565
654 89 147 413 668 692 725 3 107 151
3 151
151 107
107 147
147 725
725 692
692 89
89 668
668 413
413 654
344 404 527
527 344
344 404
69 108 193 199 310 395
69 310
310 108
108 395
395 193
193 199
124 137 319 382 529
382 124
124 529
529 319
319 137
782 205 277
205 277
277 782
397 454 699 702 66 225
66 225
225 397
397 702
702 699
699 454
439 485 489 607 59 135
485 439
439 489
489 607
607 59
59 135
458
531 596 719 305
305 719
719 596
596 531
396 410 418 646
418 396
396 646
646 410
781
156 164 407 409 493 679 106
164 106
106 409
409 156
156 493
493 679
679 407
272 325 373 476 619 0 222 398 411 499 730 6 20 62 335
335 62
62 20
20 6
6 325
325 619
619 373
373 272
272 476
476 222
222 730
730 0
0 398
398 411
411 499
376 513
513 376
280 328 346
346 328
328 280
427 468 522 92
522 468
468 427
427 92
269 437 534
534 437
437 269
620 713 68
68 713
713 620
260
357 528
357 528
578
581 51
51 581
117 132
117 132
624 648 786 53 237 364
786 648
648 624
624 53
53 237
237 364
525
592 755 87 111 256 337
337 87
87 256
256 111
111 592
592 755
611 778 38 74
778 611
611 74
74 38
155 284 783 789 34 392 466
392 466
466 34
34 789
789 284
284 783
783 155
501 509 594 17 526 602 606 667 787 41 339 461
509 501
501 594
594 17
17 787
787 461
461 602
602 526
526 667
667 606
606 41
41 339
495 628 743 4 210 254 264 279
254 279
279 210
210 264
264 4
4 495
495 628
628 743
282 40
40 282
194 291 366 588 623 21
21 366
366 291
291 194
194 623
623 588
43
355 433 477 300
477 433
433 355
355 300
505 597 785 796
785 597
597 505
505 796
10 183 202
183 10
10 202
324
723 31 65 121 320
320 31
31 121
121 65
65 723
464 115
464 115
167
292
345 516
345 516
184 206 674
206 674
674 184
726 770 110 129 163 218 248 35 585 673 774 784 18
726 35
35 770
770 673
673 774
774 585
585 784
784 248
248 218
218 110
110 129
129 163
163 18
235 358 390 524 252 313 457 566
457 566
566 313
313 252
252 390
390 358
358 524
524 235
745 22 26 175 247 558 16
745 247
247 175
175 558
558 26
26 22
22 16
316 391 642 757 96
757 316
316 642
642 391
391 96
145 220
220 145
333
590 49 79 198 368
198 49
49 368
368 79
79 590
689
19
258 431 561 676 86 375
375 86
86 431
431 561
561 676
676 258
543 703 744 9 46
703 543
543 744
744 9
9 46
422 481 639 78 119 359 657 772 290 363 417 546 736 139 182 377 432 640 153 176 569 685 696
359 119
119 772
772 78
78 657
657 417
417 432
432 182
182 640
640 139
139 363
363 546
546 377
377 290
290 736
736 176
176 685
685 569
569 696
696 153
153 481
481 422
422 639
58
354
421 660 728
421 728
728 660
227 465 506 613 615 2 12
2 12
12 615
615 613
613 227
227 506
506 465
342 550
342 550
797
60 428 520 729 748 13 81 150
729 60
60 520
520 428
428 748
748 150
150 81
81 13
214 711 133
214 711
711 133
185
586
718
769 265 445 490
769 265
265 445
445 490
560 609 39 262
39 262
262 609
609 560
302 467 591 242 274
302 467
467 591
591 274
274 242
287 331 444 7 33 88 181 612 158 171
33 88
88 612
612 181
181 7
7 171
171 158
158 331
331 287
287 444
573 644 655 24 104 478 539
573 644
644 655
655 478
478 24
24 104
104 539
739
187 322 378
322 378
378 187
406
753
56 315 318 365 684
315 318
318 56
56 684
684 365
44 45 123 664 767 208 353 537
208 45
45 353
353 537
537 44
44 767
767 123
123 664
670 675 149 165 351 722 775 204
204 670
670 675
675 722
722 149
149 775
775 351
351 165
480 564 635
635 564
564 480
162 268 306 533 309 598 659 686
306 162
162 533
533 268
268 686
686 659
659 598
598 309
55 296 401 672
672 55
55 296
296 401
286
294 350 554 101
101 294
294 350
350 554
304 503 582
304 503
503 582
400 450 572 632 177
450 400
400 632
632 572
572 177
497
556
671 77 99
99 77
77 671
102
523 273 343 601 663 403 557 658
601 663
663 273
273 343
343 557
557 658
658 403
403 523
740 380 402 548 559 112 138
402 559
559 548
548 380
380 740
740 138
138 112
231 629 73 424 472 765 209 394 608 661 71
209 608
608 661
661 394
394 231
231 71
71 629
629 424
424 765
765 472
472 73
451
568 749 75 180
75 180
180 749
749 568
261 761 116 281
261 761
761 116
116 281
381 496 70 160 232 530 82 244 555 677 233 275 460 500 285
677 244
244 555
555 82
82 70
70 160
160 530
530 232
232 381
381 496
496 500
500 275
275 233
233 460
460 285
383 393 436 195 219 405 576 142 336 649
576 405
405 195
195 219
219 336
336 649
649 393
393 142
142 436
436 383
738
84 379
379 84
716 798 420 430
430 420
420 716
716 798
621 695 50 213
213 50
50 621
621 695
228 469 141 224 452
469 228
228 452
452 224
224 141
768 130 250
768 250
250 130
731
758 32 83 278 720
758 83
83 278
278 720
720 32
134
143
201 545 599 691 742 763 217 303 512
545 201
201 512
512 303
303 217
217 691
691 742
742 763
763 599
790 200 311 650 710 140
140 790
790 710
710 650
650 200
200 311
157 425
157 425
479
255
491 669 712 131
131 712
712 669
669 491
374 447
374 447
653 42 419
653 419
419 42
446 587 263 312
446 587
587 263
263 312
603
693 234 412 515
234 412
412 515
515 693
532
295 498
498 295
698 746 307
746 698
698 307
317 665 750
750 665
665 317
61 152
152 61
207
308 8 246 326 384
308 326
326 384
384 8
8 246
203
473 514 577 29 120
514 473
473 577
577 29
29 120
189 238
189 238
98 221 471 593 159 161 179
161 179
179 159
159 221
221 593
593 471
471 98
323 360 426 600 756 144 266
323 266
266 144
144 600
600 756
756 426
426 360
562 72 127 617 105 574 643 567
127 617
617 72
72 105
105 574
574 643
643 567
567 562
641
715 226 388 541 126 347 352 429 510 709 136 372 647 438
541 226
226 388
388 438
438 136
136 647
647 352
352 126
126 347
347 372
372 715
715 709
709 510
510 429
459 544 80 549 747 239 714 771 211 327 760 11 166
166 11
11 459
459 544
544 549
549 80
80 747
747 714
714 771
771 239
239 760
760 327
327 211
174 28 36 321 57 542
174 36
36 28
28 321
321 57
57 542
547 146 243 453 414
414 547
547 146
146 243
243 453
518 794 125 172 440
518 794
794 172
172 125
125 440
94 580 732 271 494 536 197 442 507 389
442 197
197 507
507 389
389 494
494 271
271 536
536 732
732 94
94 580
416 706 114 169 230 25 605 792 583 604 708 616 638 666 196
230 114
114 666
666 638
638 616
616 169
169 706
706 416
416 708
708 604
604 196
196 583
583 605
605 25
25 792
448 791
791 448
1 186
1 186
283 253 288
283 253
253 288
190 636
636 190
48 386 64 229 387
386 48
48 387
387 64
64 229
662 462 751 14 777 192 626
777 14
14 751
751 462
462 662
662 626
626 192
688 707 95 173 314
173 95
95 707
707 688
688 314
338 170 656
338 656
656 170
297 779 538 793 52 645 408 683 54
297 779
779 408
408 683
683 538
538 793
793 54
54 52
52 645
362
93 349 76 474
76 93
93 349
349 474
367 399
367 399
168 334
168 334
