!
176 549 
176 549
477 294 342 205 336 678 
336 205
205 342
342 678
678 294
294 477
328 
680 246 654 502 643 431 
680 246
246 654
654 431
431 643
643 502
768 233 
768 233
88 661 157 379 
379 157
157 88
88 661
492 378 
378 492
144 393 
144 393
567 223 374 235 483 794 289 226 639 39 732 213 
213 374
374 235
235 567
567 39
39 639
639 223
223 226
226 289
289 483
483 794
794 732
772 
70 
676 
322 688 239 177 
322 688
688 239
239 177
318 173 196 
173 318
318 196
109 321 469 542 
542 469
469 321
321 109
309 402 43 612 742 
612 402
402 309
309 43
43 742
501 753 
753 501
186 
257 277 37 1 320 
320 1
1 37
37 277
277 257
495 663 
495 663
258 388 
258 388
247 145 679 
145 247
247 679
308 346 94 498 783 
783 498
498 346
346 94
94 308
640 482 595 
595 482
482 640
338 
468 652 
652 468
522 
386 282 
282 386
84 
20 457 437 
20 457
457 437
548 
355 166 
355 166
533 433 364 
533 433
433 364
440 
69 630 
630 69
372 135 60 
60 372
372 135
164 
56 295 725 597 264 452 708 
295 597
597 56
56 725
725 452
452 264
264 708
267 171 775 443 686 281 139 
139 267
267 281
281 686
686 171
171 775
775 443
274 
201 252 
252 201
313 541 649 478 
478 649
649 541
541 313
740 99 
740 99
275 671 611 550 
671 275
275 611
611 550
633 645 734 425 
645 425
425 633
633 734
462 188 219 631 670 357 50 
50 462
462 670
670 219
219 188
188 631
631 357
669 771 684 714 719 160 791 592 283 681 421 
719 160
160 714
714 669
669 771
771 791
791 684
684 592
592 681
681 283
283 421
167 142 198 411 
167 142
142 411
411 198
79 143 44 604 221 52 125 763 
79 143
143 44
44 221
221 604
604 52
52 763
763 125
141 580 
580 141
276 
515 137 290 23 407 593 746 576 465 
746 465
465 576
576 593
593 23
23 407
407 290
290 137
137 515
72 479 358 588 532 96 720 110 444 6 175 280 524 447 278 77 104 779 354 745 405 
280 524
524 405
405 175
175 479
479 354
354 72
72 745
745 358
358 720
720 110
110 444
444 6
6 532
532 588
588 77
77 278
278 96
96 447
447 104
104 779
227 156 
156 227
140 
570 615 54 
54 615
615 570
301 
154 770 
770 154
701 
40 
150 
509 
787 646 
787 646
163 409 169 159 
163 409
409 169
169 159
789 404 53 
53 789
789 404
733 
360 400 614 108 185 480 242 234 
242 360
360 400
400 480
480 614
614 108
108 185
185 234
412 19 337 459 124 461 330 101 
330 461
461 101
101 124
124 459
459 337
337 412
412 19
494 
577 428 
428 577
16 89 345 
345 89
89 16
636 305 727 
305 636
636 727
759 618 730 
730 759
759 618
573 695 
573 695
401 314 306 381 284 244 210 
401 210
210 244
244 314
314 284
284 306
306 381
184 189 
189 184
470 430 
430 470
80 621 516 128 292 756 
756 292
292 80
80 621
621 128
128 516
491 256 90 380 521 486 367 369 460 25 134 
134 25
25 460
460 369
369 367
367 521
521 486
486 491
491 380
380 256
256 90
260 574 
574 260
635 348 151 
151 635
635 348
666 385 
385 666
397 557 
557 397
288 
797 127 626 
797 127
127 626
273 382 
273 382
427 
333 558 
333 558
61 112 118 329 540 627 
627 540
540 329
329 118
118 61
61 112
63 
191 601 622 
191 601
601 622
296 343 
296 343
585 
546 
28 
41 726 120 
120 41
41 726
776 
291 774 
774 291
798 35 
35 798
754 71 474 
474 71
71 754
566 49 769 554 747 
554 747
747 769
769 49
49 566
4 3 168 
3 4
4 168
30 200 682 102 
102 682
682 200
200 30
18 87 
87 18
749 332 272 202 13 
332 749
749 272
272 202
202 13
265 5 
265 5
455 
384 
511 323 508 377 
377 508
508 511
511 323
713 83 610 728 436 
436 610
610 728
728 83
83 713
207 398 73 
398 207
207 73
449 
564 473 352 
352 473
473 564
506 544 785 222 
222 506
506 544
544 785
788 
586 750 182 279 
279 182
182 750
750 586
371 361 106 718 530 363 625 
371 361
361 106
106 625
625 363
363 718
718 530
224 475 703 100 603 131 722 172 497 624 132 
475 172
172 224
224 100
100 703
703 603
603 131
131 722
722 497
497 624
624 132
349 8 560 285 761 375 796 513 675 
675 761
761 513
513 285
285 560
560 8
8 349
349 375
375 796
334 162 
334 162
117 269 702 503 
269 117
117 702
702 503
29 
764 609 638 446 757 122 27 547 
609 27
27 764
764 547
547 638
638 446
446 757
757 122
435 126 251 777 197 537 395 212 32 293 9 507 
507 293
293 9
9 32
32 212
212 777
777 197
197 395
395 126
126 435
435 537
537 251
628 
36 
194 471 632 
632 194
194 471
692 568 565 527 
565 568
568 692
692 527
211 
114 
21 744 582 694 
744 21
21 582
582 694
711 65 
711 65
616 
179 
697 
432 85 
85 432
107 180 
180 107
218 113 579 
113 218
218 579
767 214 
214 767
57 331 
331 57
596 
91 778 115 
778 91
91 115
505 790 731 48 192 463 387 249 317 165 715 
505 731
731 790
790 48
48 192
192 463
463 165
165 249
249 387
387 317
317 715
448 
365 76 129 
365 129
129 76
225 690 581 696 464 243 499 383 
581 383
383 690
690 499
499 243
243 225
225 696
696 464
700 155 758 
758 155
155 700
741 773 
741 773
259 
268 620 600 
600 268
268 620
793 12 526 450 454 
454 450
450 526
526 793
793 12
161 
685 677 
677 685
130 
572 335 653 
572 335
335 653
417 351 
351 417
217 68 762 571 230 
217 68
68 762
762 230
230 571
415 92 642 426 51 315 484 231 
415 92
92 642
642 426
426 231
231 484
484 51
51 315
58 
147 240 220 
220 240
240 147
170 
312 253 327 
327 253
253 312
673 66 98 
673 66
66 98
710 410 721 453 
453 710
710 410
410 721
563 
229 489 206 
206 229
229 489
95 326 
326 95
204 738 683 
683 738
738 204
799 424 103 33 456 691 466 
799 466
466 103
103 424
424 33
33 456
456 691
146 
45 190 716 370 441 487 551 403 11 
487 551
551 403
403 11
11 441
441 190
190 45
45 716
716 370
545 
569 575 520 416 
569 416
416 575
575 520
500 97 
500 97
340 510 236 368 232 602 254 
236 340
340 510
510 232
232 602
602 368
368 254
270 659 539 311 648 178 519 
539 659
659 270
270 519
519 311
311 648
648 178
123 64 316 
316 123
123 64
10 438 116 458 245 650 149 
438 10
10 116
116 149
149 458
458 245
245 650
2 590 138 350 
138 590
590 2
2 350
394 
75 606 
606 75
31 250 
250 31
266 
698 
523 693 751 481 366 55 
693 751
751 523
523 481
481 366
366 55
723 668 613 699 
723 668
668 613
613 699
24 303 591 353 634 647 
303 24
24 591
591 634
634 353
353 647
241 
42 780 
42 780
490 594 248 605 
490 594
594 605
605 248
607 
419 209 216 792 657 672 
657 419
419 216
216 209
209 792
792 672
390 760 199 538 325 584 26 504 587 389 261 472 
760 325
325 199
199 538
538 390
390 584
584 587
587 26
26 504
504 389
389 261
261 472
82 
78 
442 
534 
493 
238 
413 
121 148 
121 148
755 
300 81 
300 81
617 391 
391 617
687 
665 765 737 373 
737 765
765 373
373 665
193 422 553 608 
553 608
608 422
422 193
262 
93 599 
599 93
22 667 339 392 14 
667 22
22 339
339 392
392 14
396 399 
396 399
429 
15 74 
74 15
660 
362 589 7 
589 362
362 7
488 
543 
655 
67 
656 467 423 451 
467 656
656 423
423 451
105 
347 644 528 420 307 356 
347 528
528 644
644 420
420 356
356 307
298 
485 555 637 
637 555
555 485
748 496 531 752 46 195 324 215 
195 46
46 496
496 748
748 531
531 752
752 324
324 215
786 
38 706 187 203 
203 187
187 706
706 38
556 795 
795 556
476 59 583 34 319 
583 34
34 59
59 476
476 319
512 
439 
181 
286 
86 561 781 552 183 119 766 299 
86 781
781 561
561 552
552 299
299 119
119 766
766 183
228 
536 717 174 111 208 658 735 
658 735
735 208
208 536
536 717
717 111
111 174
287 674 445 
445 287
287 674
518 
0 344 152 
152 0
0 344
784 304 
784 304
729 517 707 
707 517
517 729
271 664 619 
619 664
664 271
302 237 709 
709 237
237 302
629 712 297 705 158 434 17 525 782 
297 712
712 705
705 629
629 158
158 525
525 434
434 17
17 782
743 
559 
263 598 
598 263
578 408 529 341 704 651 
704 341
341 651
651 408
408 529
529 578
376 
406 
62 414 418 
418 414
414 62
736 133 
133 736
136 
623 
562 359 724 641 
359 562
562 724
724 641
255 153 739 47 662 
47 662
662 739
739 255
255 153
535 
514 
310 689 
310 689
