!
497 
725 580 66 708 115 634 643 
725 115
115 580
580 643
643 66
66 708
708 634
154 645 193 507 492 258 586 71 738 209 763 392 743 101 170 49 380 787 641 652 773 574 333 315 480 44 796 522 511 47 759 96 249 432 756 518 412 
49 392
392 258
258 763
763 209
209 193
193 507
507 743
743 71
71 492
492 586
586 154
154 738
738 652
652 380
380 645
645 101
101 170
170 641
641 787
787 574
574 773
773 756
756 511
511 47
47 333
333 522
522 796
796 44
44 315
315 480
480 759
759 96
96 249
249 432
432 518
518 412
560 203 251 364 792 539 243 369 478 657 162 647 324 588 34 17 556 702 90 14 459 656 57 425 111 213 370 554 119 28 10 559 718 732 791 712 698 388 69 156 54 
156 54
54 69
69 388
388 698
698 712
712 90
90 14
14 17
17 702
702 34
34 556
556 588
588 28
28 162
162 647
647 10
10 324
324 559
559 657
657 478
478 369
369 459
459 243
243 425
425 539
539 119
119 656
656 111
111 57
57 213
213 792
792 370
370 554
554 560
560 718
718 732
732 203
203 364
364 251
251 791
545 798 336 254 719 394 338 93 77 468 389 298 482 752 259 420 68 124 639 192 624 705 777 405 450 211 377 768 384 
384 768
768 377
377 639
639 192
192 211
211 777
777 124
124 450
450 68
68 405
405 624
624 420
420 705
705 752
752 482
482 298
298 389
389 468
468 259
259 77
77 254
254 719
719 798
798 93
93 338
338 545
545 394
394 336
406 
753 502 476 246 508 58 517 135 589 185 670 56 608 724 
670 185
185 589
589 135
135 56
56 517
517 58
58 608
608 724
724 508
508 246
246 753
753 476
476 502
45 728 715 563 642 550 688 664 35 237 495 92 774 500 181 396 242 323 337 26 371 
337 323
323 774
774 26
26 92
92 181
181 371
371 500
500 237
237 396
396 242
242 642
642 563
563 728
728 715
715 45
45 550
550 664
664 688
688 35
35 495
302 398 636 463 64 70 262 
463 636
636 398
398 302
302 64
64 262
262 70
59 256 289 590 387 397 713 6 74 769 272 504 618 722 383 723 659 417 191 494 277 
59 74
74 256
256 387
387 289
289 590
590 713
713 397
397 6
6 272
272 769
769 504
504 191
191 722
722 618
618 417
417 383
383 723
723 659
659 494
494 277
711 342 314 735 445 605 303 215 253 440 784 3 666 481 671 762 117 669 252 503 561 526 362 98 566 680 741 31 165 620 159 571 644 109 129 593 720 736 23 709 160 506 775 180 543 
180 775
775 506
506 543
543 160
160 709
709 23
23 620
620 165
165 362
362 31
31 680
680 741
741 526
526 98
98 566
566 503
503 159
159 561
561 671
671 481
481 720
720 666
666 571
571 593
593 784
784 644
644 3
3 109
109 440
440 253
253 129
129 736
736 215
215 303
303 605
605 762
762 117
117 669
669 342
342 711
711 252
252 314
314 735
735 445
673 779 623 423 767 435 395 232 172 621 793 496 150 144 714 376 236 141 685 18 569 228 330 557 188 208 21 487 
232 172
172 395
395 767
767 621
621 673
673 779
779 623
623 423
423 188
188 557
557 208
208 376
376 496
496 793
793 435
435 141
141 685
685 487
487 236
236 714
714 150
150 21
21 18
18 144
144 569
569 228
228 330
37 368 366 772 285 789 43 457 549 419 30 604 
30 457
457 549
549 368
368 37
37 604
604 366
366 772
772 43
43 285
285 789
789 419
509 754 
754 509
134 86 568 447 147 73 152 268 602 516 319 358 393 65 245 365 626 701 
152 86
86 268
268 134
134 568
568 73
73 319
319 516
516 447
447 602
602 147
147 358
358 393
393 245
245 365
365 65
65 626
626 701
646 359 730 217 483 137 505 140 276 288 126 570 169 171 299 286 7 
570 126
126 276
276 359
359 646
646 288
288 730
730 217
217 140
140 505
505 483
483 137
137 169
169 171
171 299
299 7
7 286
421 61 130 782 552 355 532 341 665 51 136 110 479 78 400 681 81 5 553 410 683 360 145 
421 665
665 81
81 532
532 51
51 61
61 355
355 341
341 681
681 130
130 782
782 400
400 552
552 78
78 479
479 136
136 110
110 5
5 553
553 145
145 410
410 360
360 683
125 122 391 48 573 748 270 221 329 416 448 212 50 493 462 343 97 38 404 123 83 429 761 326 94 437 408 745 300 
343 761
761 462
462 493
493 38
38 97
97 123
123 50
50 404
404 212
212 83
83 429
429 125
125 416
416 448
448 270
270 221
221 329
329 326
326 748
748 122
122 48
48 391
391 300
300 94
94 437
437 408
408 573
573 745
301 127 654 317 357 533 467 16 142 706 746 697 218 521 225 168 407 367 
407 168
168 225
225 218
218 521
521 367
367 697
697 746
746 706
706 142
142 16
16 467
467 533
533 654
654 317
317 301
301 357
357 127
744 79 411 597 84 148 567 379 607 453 651 374 760 439 667 205 316 661 658 729 263 184 344 598 689 442 409 424 174 434 691 287 727 546 182 67 485 594 540 428 227 415 617 116 210 264 347 189 603 100 565 638 433 766 313 322 627 572 223 536 
223 572
572 322
322 627
627 313
313 536
536 766
766 409
409 424
424 174
174 433
433 442
442 638
638 689
689 316
316 263
263 205
205 598
598 415
415 617
617 227
227 100
100 116
116 434
434 691
691 428
428 651
651 546
546 287
287 84
84 661
661 658
658 210
210 567
567 607
607 379
379 148
148 453
453 597
597 540
540 729
729 485
485 594
594 264
264 347
347 727
727 182
182 411
411 189
189 184
184 374
374 667
667 760
760 439
439 744
744 67
67 565
565 79
79 344
344 603
684 682 662 325 266 471 399 179 167 734 446 219 455 449 105 
684 325
325 682
682 662
662 471
471 266
266 399
399 179
179 167
167 734
734 455
455 219
219 446
446 449
449 105
413 668 427 622 
413 427
427 622
622 668
422 716 675 375 0 631 62 484 224 202 178 632 200 740 143 32 133 284 204 306 261 247 128 527 132 11 320 785 348 378 183 279 630 402 29 529 757 114 490 648 282 674 562 41 280 548 600 528 491 473 751 687 499 613 403 515 350 595 
491 473
473 515
515 600
600 528
528 751
751 613
613 548
548 403
403 595
595 687
687 280
280 499
499 350
350 41
41 114
114 757
757 529
529 29
29 402
402 630
630 562
562 279
279 378
378 183
183 674
674 490
490 648
648 785
785 348
348 282
282 320
320 11
11 132
132 284
284 527
527 306
306 484
484 204
204 62
62 631
631 0
0 261
261 675
675 422
422 375
375 716
716 247
247 224
224 128
128 200
200 202
202 178
178 632
632 133
133 740
740 143
143 32
198 474 4 231 635 195 36 454 19 13 164 564 640 794 
198 474
474 4
4 231
231 635
635 164
164 36
36 454
454 195
195 564
564 19
19 640
640 13
13 794
335 519 87 194 255 103 290 24 106 717 678 386 22 381 339 444 75 118 239 190 241 501 321 158 655 541 382 173 161 15 582 498 477 764 778 331 551 610 786 783 465 795 294 88 230 414 112 108 592 700 663 206 91 278 750 704 726 418 214 207 385 583 233 265 692 609 332 372 275 292 469 
498 750
750 795
795 700
700 278
278 108
108 15
15 112
112 592
592 161
161 418
418 91
91 230
230 582
582 414
414 335
335 294
294 88
88 382
382 206
206 519
519 726
726 704
704 87
87 541
541 332
332 692
692 655
655 372
372 194
194 265
265 609
609 233
233 663
663 255
255 103
103 214
214 158
158 275
275 321
321 465
465 385
385 207
207 292
292 290
290 106
106 786
786 469
469 583
583 24
24 381
381 173
173 717
717 783
783 22
22 678
678 339
339 444
444 75
75 386
386 241
241 501
501 118
118 239
239 477
477 190
190 610
610 764
764 778
778 331
331 551
390 788 238 89 591 82 351 537 464 328 585 441 283 578 733 146 707 703 8 327 470 42 52 547 472 295 430 120 747 222 99 771 523 352 175 512 273 475 309 257 250 318 102 46 334 696 
512 334
334 46
46 175
175 696
696 102
102 318
318 523
523 352
352 99
99 273
273 222
222 771
771 475
475 747
747 309
309 257
257 120
120 250
250 295
295 430
430 472
472 547
547 52
52 42
42 470
470 8
8 327
327 703
703 707
707 537
537 351
351 464
464 89
89 591
591 238
238 283
283 146
146 82
82 328
328 788
788 585
585 441
441 390
390 578
578 733
426 629 53 201 113 121 555 739 177 356 25 710 737 311 
555 739
739 121
121 426
426 629
629 53
53 113
113 201
201 177
177 356
356 710
710 25
25 311
311 737
354 520 510 488 581 248 599 95 524 538 27 310 20 55 291 742 39 749 346 686 80 197 544 196 451 
749 80
80 346
346 451
451 686
686 39
39 742
742 197
197 55
55 599
599 488
488 20
20 510
510 354
354 520
520 310
310 248
248 581
581 27
27 524
524 95
95 538
538 291
291 544
544 196
579 260 340 281 345 456 138 361 765 76 
281 340
340 345
345 260
260 579
579 456
456 76
76 138
138 361
361 765
307 153 271 489 151 235 60 244 72 513 672 628 660 633 
271 60
60 153
153 672
672 244
244 72
72 307
307 235
235 633
633 513
513 489
489 660
660 628
628 151
431 436 131 
431 436
436 131
619 
650 438 176 40 776 199 33 535 758 679 157 695 9 731 308 296 305 363 649 139 12 107 229 616 104 780 790 677 699 297 693 163 781 234 576 267 401 240 611 694 149 443 
731 308
308 33
33 363
363 199
199 776
776 650
650 438
438 176
176 157
157 679
679 40
40 695
695 535
535 296
296 104
104 758
758 305
305 616
616 9
9 229
229 694
694 107
107 649
649 12
12 139
139 401
401 240
240 611
611 267
267 149
149 780
780 443
443 677
677 790
790 699
699 163
163 693
693 297
297 234
234 781
781 576
514 63 601 614 85 653 226 293 625 460 2 558 466 186 587 
186 587
587 85
85 466
466 226
226 514
514 558
558 63
63 601
601 460
460 2
2 625
625 293
293 614
614 653
1 606 349 575 458 596 312 216 542 187 637 721 461 452 584 577 676 770 690 166 
166 690
690 187
187 637
637 542
542 452
452 721
721 461
461 216
216 312
312 575
575 458
458 596
596 606
606 349
349 1
1 584
584 577
577 770
770 676
525 531 353 615 755 274 534 304 
304 274
274 534
534 755
755 615
615 525
525 531
531 353
373 269 612 486 155 797 799 220 
220 373
373 799
799 269
269 797
797 155
155 612
612 486
530 
