!
49 112 136 139 155 185 223 225 385 412 430 442 450 476 486 493 503 574 593 595 629 630 686 693 703 774 776 3 13 20 61 102 134 158 324 334 352 383 384 392 407 475 511 559 560 582 589 598
352 61
61 383
383 20
20 582
582 158
158 324
324 334
334 560
560 475
475 589
589 511
511 392
392 3
3 384
384 102
102 407
407 13
13 559
559 134
134 598
598 450
450 155
155 574
574 430
430 225
225 630
630 476
476 686
686 442
442 112
112 593
593 595
595 223
223 776
776 693
693 486
486 493
493 629
629 185
185 136
136 49
49 703
703 139
139 412
412 385
385 503
503 774
603 671 687 718 737 773 1 9 21 36 66 77 96 149 179 190 234 261 325 344 346 360 365
36 190
190 365
365 737
737 687
687 261
261 66
66 360
360 149
149 603
603 773
773 325
325 344
344 718
718 96
96 1
1 9
9 671
671 234
234 21
21 346
346 77
77 179
372 564 649 664 748 765 794 2 24 30 35 50 71 81 90
649 748
748 794
794 664
664 765
765 372
372 564
564 90
90 35
35 50
50 24
24 71
71 81
81 2
2 30
140 203 205 209 212 283 353 389 484 524 606 732 761 763 790 11 18 151 152 170 208 305 327 332 345 350 368 382 387 534 584 588 591 617 636
617 350
350 283
283 732
732 208
208 140
140 209
209 584
584 11
11 327
327 345
345 151
151 387
387 305
305 763
763 389
389 18
18 205
205 212
212 170
170 636
636 524
524 368
368 534
534 484
484 353
353 588
588 203
203 152
152 591
591 382
382 606
606 790
790 332
332 761
645 698
645 698
766
17 32 91 144 147
17 91
91 144
144 147
147 32
197 199 217 281 284 349 378 415 532 643 651 697 710 721 744 771 780 789 43 46
46 43
43 199
199 532
532 349
349 284
284 789
789 415
415 651
651 217
217 771
771 780
780 643
643 721
721 744
744 697
697 197
197 378
378 710
710 281
101 108 116 148 169 198 306 330 362 374 399 426 455 496 502 596 604 627 659 665 7 60 69 84 85 105 274 290 304 322 355 361 444 467 495 594 696 709 741 754 784 787 5 6 89 175
169 426
426 455
455 101
101 148
148 596
596 306
306 627
627 198
198 330
330 502
502 116
116 108
108 362
362 399
399 374
374 496
496 665
665 659
659 604
604 709
709 290
290 7
7 467
467 304
304 105
105 69
69 60
60 322
322 444
444 274
274 787
787 495
495 754
754 85
85 696
696 89
89 6
6 355
355 594
594 361
361 741
741 84
84 5
5 784
784 175
177 222 233 263 275 416 428 472 482 537 539 541 551 556 650 722 792 8 29 37 63
29 37
37 8
8 63
63 722
722 428
428 263
263 556
556 472
472 650
650 275
275 222
222 539
539 541
541 233
233 482
482 551
551 416
416 792
792 537
537 177
80 110 150 153 232 235 236
236 232
232 153
153 235
235 80
80 110
110 150
375 379 447 507 547 585 646 661 674 760 40 72 126 200 201 258 265 278 317 336 418 436 526 538 544 616 648 657
265 126
126 526
526 278
278 657
657 648
648 317
317 544
544 201
201 72
72 336
336 538
538 40
40 616
616 258
258 436
436 200
200 418
418 507
507 379
379 661
661 674
674 585
585 547
547 447
447 646
646 375
375 760
690 706 734
706 734
734 690
44 82 93 182 184 195 211
195 211
211 82
82 182
182 184
184 44
44 93
251 260 293 310 321 333 437 456 508 548 586 634 713 746 47 52 98 124 194 196 215 266 316 338 405 425 458 465 530 614 632 635 714 731 25 62 65 133 221 252 259 413 512 546 562 583 618 653 663 672 673 682 691 726
548 634
634 746
746 508
508 321
321 333
333 456
456 260
260 310
310 713
713 437
437 586
586 251
251 293
293 546
546 673
673 562
562 691
691 133
133 252
252 25
25 221
221 672
672 653
653 726
726 583
583 62
62 413
413 618
618 512
512 65
65 259
259 663
663 682
682 714
714 47
47 465
465 632
632 52
52 124
124 635
635 98
98 405
405 194
194 266
266 731
731 196
196 215
215 614
614 530
530 425
425 338
338 458
458 316
56 86 113 214
113 214
214 86
86 56
257 282 323 363 370 446
257 446
446 363
363 370
370 323
323 282
462 491 515 552 555 597 702 727 770 775 38 64 122 154 218 242 298 299 337 435 473 489 563 656 716 733 750 762 767 16 45 51 100 104 121 145 339 432
750 299
299 716
716 767
767 242
242 733
733 656
656 64
64 38
38 298
298 154
154 435
435 337
337 489
489 762
762 473
473 122
122 563
563 218
218 339
339 51
51 104
104 145
145 100
100 121
121 16
16 432
432 45
45 702
702 775
775 491
491 727
727 597
597 552
552 555
555 515
515 462
462 770
477 487 510 557 579 667 679 724 740 786 88 94 131 146 156
740 667
667 786
786 579
579 557
557 724
724 477
477 510
510 487
487 679
679 156
156 146
146 131
131 88
88 94
162 245 296 377 453 463 523 576 581 719 735 742 749 752 4 31 193 237 285 381 427 457 478 497 525 602 638 658 715 745 751 783 788 0 22 42 137 166 191 433 440 454 509 518 561 578
745 193
193 457
457 427
427 4
4 497
497 602
602 518
518 751
751 166
166 658
658 237
237 509
509 478
478 525
525 22
22 783
783 433
433 381
381 578
578 285
285 561
561 31
31 788
788 440
440 638
638 191
191 137
137 454
454 42
42 715
715 749
749 463
463 752
752 719
719 735
735 296
296 0
0 377
377 742
742 453
453 245
245 581
581 162
162 523
523 576
587 590 642 662 723 768 23 75 106 181
75 23
23 106
106 181
181 768
768 642
642 590
590 723
723 587
587 662
307 308
308 307
329 343 351
329 343
343 351
394 434 536 573 644 675 747 756
644 573
573 747
747 434
434 536
536 756
756 675
675 394
758 12 83 119 164 172 207 220 229 249 291 326 422 566 611 637 677 708 793
758 291
291 677
677 422
422 566
566 249
249 637
637 220
220 12
12 326
326 164
164 708
708 229
229 207
207 793
793 83
83 172
172 119
119 611
53 54 55 187
53 187
187 54
54 55
246 269 277 397 400 414 481 520 531 580 621 626 680 736 58 73 109 130 132
400 397
397 277
277 626
626 269
269 621
621 414
414 246
246 531
531 520
520 580
580 736
736 680
680 481
481 130
130 132
132 58
58 73
73 109
163 180 270 302 303 369 401 485 519 592 666 707 728 48 74 174
74 48
48 174
174 485
485 707
707 302
302 369
369 163
163 401
401 519
519 728
728 592
592 666
666 270
270 303
303 180
226 280 295 309 408 424 445 468 504 569 628 639 699 700 92 99 107 125 239
92 107
107 239
239 99
99 125
125 445
445 424
424 639
639 309
309 226
226 699
699 408
408 628
628 468
468 700
700 504
504 295
295 280
280 569
254 340 527 528 565 601 610 612 615 729 757 781 70 103 117 120 128 143 178 286
781 528
528 615
615 729
729 612
612 610
610 565
565 254
254 340
340 527
527 601
601 757
757 120
120 143
143 128
128 286
286 178
178 70
70 117
117 103
301 376 388 402 577 613 631 759 791 68 111 129 238 292
613 631
631 577
577 759
759 376
376 791
791 388
388 402
402 301
301 129
129 292
292 111
111 68
68 238
294 311 366 398 483 545 619
545 398
398 483
483 619
619 311
311 366
366 294
620 641 647 772 26 247 279 319
647 26
26 247
247 279
279 319
319 772
772 620
620 641
354 359 470 498 505 575 599 609 689 720 778 785 59 165 262 276 367 386 393 419 459 480 488 490 535 625 725 779 33 39 76 157 250
725 779
779 165
165 262
262 419
419 386
386 625
625 490
490 367
367 535
535 459
459 488
488 480
480 59
59 393
393 276
276 354
354 609
609 575
575 689
689 778
778 470
470 720
720 359
359 599
599 785
785 498
498 505
505 250
250 33
33 39
39 157
157 76
288 297 331 420 474 514 554 600 607 755 19 57
57 19
19 755
755 297
297 474
474 331
331 600
600 554
554 607
607 288
288 514
514 420
118 159 167 186 248 264 395 417 558
167 395
395 558
558 264
264 186
186 417
417 118
118 159
159 248
570 571 681 692 78 160 188 328 347 348 409 471 506 540 572 623 655 688 739 27 95 168 202
692 570
570 571
571 681
681 188
188 160
160 655
655 348
348 540
540 572
572 409
409 688
688 78
78 623
623 471
471 506
506 328
328 347
347 739
739 95
95 168
168 202
202 27
255 429 439 466 494 660 701 796 797 799 28
28 494
494 660
660 255
255 466
466 439
439 429
429 796
796 797
797 701
701 799
192 314 342 358 421 451 516 640 705 712 738 753 798 114 135 227 273 289 312 396 411 605 669 678 694 695 730 138 142 173 210
312 678
678 695
695 135
135 730
730 273
273 289
289 227
227 396
396 694
694 411
411 669
669 114
114 605
605 138
138 210
210 173
173 142
142 516
516 640
640 798
798 712
712 753
753 192
192 451
451 314
314 358
358 342
342 421
421 738
738 705
287 341 390 423 443
287 443
443 390
390 341
341 423
460 500 568 704 15 34 141 189 219 241 253 268 313 315 542 711 717 10 14 67 127 213 228 230 373 406 549 652 683 764 41 79 97 161 204 224 267
15 315
315 141
141 219
219 241
241 313
313 189
189 542
542 268
268 34
34 253
253 711
711 717
717 460
460 500
500 704
704 568
568 67
67 406
406 373
373 127
127 228
228 652
652 213
213 14
14 10
10 230
230 683
683 549
549 764
764 41
41 204
204 267
267 161
161 224
224 97
97 79
272 356 501 522 567 769 176 183
183 176
176 522
522 356
356 501
501 272
272 769
769 567
206 216 364 438 452 492 513 517 608 622 782 123 240 243 300 380 403 410 448 449
438 622
622 513
513 452
452 206
206 517
517 782
782 492
492 364
364 608
608 216
216 403
403 448
448 449
449 240
240 300
300 243
243 123
123 380
380 410
521 533 543 553 87 404 441 464 529
441 529
529 553
553 464
464 404
404 543
543 533
533 87
87 521
550 633 654 670 685 743 777 171 244 256 357 371 431 461 499 624 684 795 115 231 271 318 320 335 391 469 479 668 676
271 479
479 676
676 391
391 318
318 335
335 115
115 668
668 469
469 231
231 320
320 371
371 795
795 499
499 256
256 357
357 171
171 684
684 244
244 461
461 624
624 431
431 633
633 777
777 550
550 743
743 670
670 654
654 685
