!
9 34 532 659 588 658 178 507 487 715 70 687 242 633 671 189 362 191 691 224 269 389 135 94 180 749 302 739 475 42 167 641 289 153 79 296 548 20 60 196 343 139 523 307 629 278 40 479 263 533 675 1 349 292 375 275 134 45 187 108 471 740 334 4 359 287 194 185 736 212 13 763 155 322 205 634 225 484 552 780 664 325 140 546 89 234 355 162 28 243 530 105 283 18 738 339 115 594 616 498 791 760 607 126 455 598 385 52 752 703 678 113 323 628 313 485 111 756 759 220 562 380 256 401 621 731 356 517 238 257 156 651 519 568 399 486 280 602 312 338 438 735 329 328 19 47 672 481 440 55 363 170 383 405 246 755 745 742 393 169 648 799 674 357 86 372 350 398 425 561 378 421 159 184 
355 89
89 162
162 546
546 153
153 339
339 79
79 140
140 167
167 641
641 738
738 289
289 302
302 664
664 28
28 475
475 484
484 739
739 552
552 325
325 234
234 780
780 760
760 42
42 225
225 243
243 530
530 94
94 498
498 105
105 135
135 791
791 616
616 283
283 18
18 269
269 389
389 594
594 45
45 115
115 275
275 356
356 691
691 749
749 180
180 375
375 191
191 607
607 507
507 362
362 349
349 621
621 169
169 292
292 401
401 189
189 126
126 322
322 380
380 9
9 19
19 187
187 487
487 455
455 731
731 672
672 155
155 34
34 328
328 224
224 20
20 205
205 634
634 687
687 47
47 70
70 598
598 715
715 562
562 385
385 329
329 212
212 13
13 532
532 60
60 736
736 481
481 763
763 658
658 196
196 52
52 185
185 440
440 759
759 588
588 756
756 178
178 296
296 742
742 659
659 548
548 194
194 343
343 220
220 55
55 111
111 1
1 485
485 139
139 363
363 338
338 752
752 312
312 256
256 242
242 170
170 184
184 745
745 523
523 393
393 628
628 159
159 740
740 671
671 421
421 438
438 383
383 313
313 307
307 405
405 108
108 755
755 633
633 703
703 246
246 471
471 334
334 378
378 735
735 648
648 323
323 678
678 629
629 561
561 40
40 278
278 517
517 238
238 674
674 479
479 113
113 799
799 263
263 134
134 4
4 357
357 257
257 425
425 86
86 533
533 359
359 287
287 372
372 675
675 398
398 651
651 350
350 156
156 519
519 399
399 486
486 568
568 280
280 602
235 208 453 767 764 463 166 273 311 685 581 230 541 540 271 768 559 411 318 797 460 103 776 472 138 35 84 120 631 90 33 660 535 306 446 258 575 766 27 236 130 722 397 591 71 149 726 424 216 352 391 452 7 340 576 244 101 512 125 176 491 579 282 377 437 400 751 229 74 466 719 227 734 392 387 654 580 240 333 67 158 661 25 394 682 632 502 603 183 609 467 547 58 663 458 625 21 320 129 606 57 364 127 420 390 793 297 165 304 717 117 728 427 520 434 174 679 284 38 494 592 601 557 478 305 368 404 589 131 669 147 249 686 495 515 457 295 267 443 354 706 11 652 521 232 444 560 12 543 725 727 210 137 418 783 182 668 65 154 408 143 690 124 382 207 695 414 98 493 720 713 181 516 78 796 558 309 2 707 680 635 104 8 285 497 365 315 253 721 545 569 218 753 317 195 39 529 231 248 337 95 46 409 454 384 353 3 82 431 426 506 526 489 564 347 584 681 578 367 461 572 346 619 22 106 342 336 622 786 341 407 31 16 746 787 100 778 549 794 56 168 626 748 172 662 264 705 348 171 430 642 423 123 620 737 371 709 237 173 85 69 684 396 83 701 770 435 413 449 649 792 61 525 75 650 640 141 32 163 217 376 556 136 733 260 206 790 699 750 91 789 599 565 293 570 704 197 316 192 157 386 716 23 279 114 219 730 614 754 150 290 102 496 723 456 250 524 68 433 534 291 474 179 211 795 0 554 403 41 146 266 97 553 448 436 477 81 501 294 286 689 428 563 513 199 571 683 476 202 48 676 585 324 538 233 379 161 37 673 6 14 439 247 610 583 774 88 441 358 627 26 59 637 254 335 201 573 677 488 638 656 702 567 259 188 615 711 468 587 119 630 779 175 514 539 72 73 300 160 214 537 92 361 555 298 696 490 112 5 503 299 605 326 608 643 744 274 465 369 370 712 17 527 96 596 688 612 729 508 422 241 226 708 482 582 66 255 330 261 80 442 223 276 710 698 116 132 600 262 798 666 99 450 657 522 417 617 644 504 761 459 62 639 177 693 788 785 193 775 772 782 164 395 645 419 566 784 473 604 50 381 281 93 741 314 198 667 595 215 769 697 655 36 24 469 270 148 757 771 265 505 277 87 470 222 268 499 331 203 327 118 618 670 574 665 500 406 714 51 412 44 122 451 758 30 209 743 213 107 781 221 623 777 321 692 624 647 344 718 186 64 77 301 492 509 109 480 374 432 765 402 252 528 366 700 332 204 577 152 511 151 747 76 54 10 251 724 464 415 200 586 49 388 128 773 636 590 373 303 762 447 518 510 144 653 53 445 429 15 310 319 308 483 593 694 351 551 597 544 110 345 228 531 462 190 288 536 133 63 410 611 245 542 239 272 29 732 550 646 416 145 121 360 613 43 142 
419 33
33 432
432 700
700 527
527 90
90 631
631 366
366 332
332 509
509 211
211 183
183 374
374 73
73 369
369 609
609 129
129 480
480 765
765 402
402 508
508 252
252 723
723 596
596 603
603 109
109 606
606 492
492 528
528 474
474 179
179 776
776 370
370 114
114 96
96 103
103 467
467 729
729 301
301 692
692 102
102 547
547 730
730 219
219 58
58 535
535 647
647 712
712 600
600 320
320 290
290 279
279 663
663 614
614 77
77 456
456 150
150 64
64 17
17 688
688 612
612 458
458 306
306 754
754 186
186 797
797 460
460 344
344 625
625 291
291 624
624 21
21 318
318 132
132 321
321 241
241 116
116 496
496 534
534 524
524 250
250 422
422 718
718 262
262 768
768 68
68 226
226 23
23 433
433 708
708 559
559 716
716 193
193 107
107 411
411 44
44 775
775 213
213 271
271 221
221 412
412 623
623 540
540 785
785 798
798 781
781 788
788 51
51 660
660 482
482 777
777 223
223 693
693 472
472 772
772 276
276 177
177 714
714 500
500 442
442 386
386 80
80 582
582 66
66 230
230 541
541 49
49 388
388 62
62 666
666 665
665 157
157 406
406 574
574 586
586 639
639 138
138 710
710 255
255 330
330 581
581 261
261 192
192 685
685 698
698 197
197 35
35 84
84 579
579 87
87 200
200 99
99 120
120 670
670 450
450 618
618 417
417 453
453 316
316 657
657 277
277 617
617 499
499 235
235 311
311 415
415 522
522 244
244 565
565 470
470 576
576 599
599 464
464 761
761 268
268 327
327 222
222 767
767 340
340 504
504 7
7 644
644 208
208 512
512 101
101 282
282 724
724 331
331 203
203 118
118 505
505 789
789 459
459 251
251 430
430 125
125 391
391 769
769 10
10 764
764 171
171 750
750 491
491 176
176 348
348 758
758 352
352 209
209 215
215 91
91 148
148 122
122 463
463 743
743 645
645 451
451 452
452 395
395 782
782 166
166 30
30 733
733 216
216 273
273 164
164 595
595 424
424 136
136 198
198 54
54 697
697 705
705 71
71 397
397 556
556 726
726 293
293 314
314 667
667 591
591 570
570 655
655 376
376 270
270 149
149 722
722 704
704 217
217 76
76 93
93 377
377 172
172 264
264 163
163 75
75 741
741 258
258 446
446 130
130 36
36 650
650 32
32 168
168 437
437 469
469 265
265 24
24 640
640 56
56 141
141 525
525 543
543 604
604 771
771 333
333 794
794 204
204 577
577 236
236 575
575 12
12 400
400 473
473 766
766 778
778 549
549 626
626 757
757 50
50 152
152 444
444 747
747 27
27 748
748 67
67 260
260 151
151 560
560 662
662 206
206 100
100 158
158 511
511 751
751 790
790 381
381 787
787 784
784 232
232 74
74 229
229 746
746 72
72 642
642 281
281 14
14 521
521 240
240 123
123 583
583 423
423 6
6 16
16 610
610 466
466 699
699 392
392 247
247 31
31 719
719 779
779 227
227 580
580 734
734 439
439 630
630 387
387 774
774 620
620 652
652 702
702 407
407 119
119 11
11 341
341 717
717 706
706 673
673 737
737 656
656 520
520 587
587 654
654 627
627 567
567 304
304 37
37 354
354 358
358 154
154 371
371 728
728 161
161 65
65 668
668 117
117 468
468 709
709 408
408 57
57 165
165 427
427 364
364 379
379 727
727 188
188 638
638 711
711 661
661 259
259 615
615 249
249 488
488 147
147 233
233 25
25 254
254 237
237 182
182 725
725 669
669 390
390 677
677 127
127 434
434 143
143 792
792 538
538 173
173 420
420 131
131 297
297 210
210 601
601 61
61 592
592 637
637 59
59 175
175 174
174 539
539 88
88 137
137 589
589 394
394 368
368 85
85 793
793 404
404 441
441 557
557 478
478 324
324 207
207 69
69 305
305 679
679 502
502 418
418 684
684 495
495 382
382 686
686 690
690 494
494 514
514 124
124 695
695 298
298 783
783 335
335 632
632 682
682 38
38 267
267 585
585 284
284 696
696 443
443 676
676 396
396 515
515 649
649 295
295 457
457 414
414 48
48 83
83 493
493 435
435 490
490 701
701 449
449 770
770 351
351 413
413 476
476 590
590 202
202 683
683 98
98 503
503 720
720 428
428 713
713 571
571 5
5 112
112 465
465 199
199 26
26 563
563 513
513 689
689 286
286 373
373 299
299 181
181 274
274 294
294 605
605 516
516 285
285 78
78 81
81 309
309 501
501 326
326 558
558 643
643 796
796 608
608 680
680 744
744 477
477 2
2 497
497 635
635 104
104 8
8 454
454 707
707 146
146 41
41 795
795 46
46 266
266 403
403 95
95 545
545 365
365 337
337 97
97 721
721 315
315 253
253 566
566 0
0 409
409 554
554 553
553 218
218 569
569 448
448 753
753 39
39 195
195 317
317 436
436 201
201 529
529 573
573 231
231 310
310 636
636 128
128 248
248 773
773 15
15 555
555 429
429 384
384 361
361 92
92 346
346 653
653 144
144 53
53 214
214 510
510 353
353 160
160 537
537 82
82 300
300 3
3 544
544 619
619 518
518 445
445 646
646 133
133 550
550 447
447 22
22 43
43 431
431 584
584 536
536 110
110 345
345 416
416 564
564 145
145 426
426 228
228 572
572 319
319 239
239 121
121 786
786 578
578 106
106 506
506 367
367 63
63 526
526 461
461 489
489 551
551 542
542 360
360 593
593 342
342 410
410 29
29 272
272 681
681 613
613 732
732 288
288 483
483 347
347 336
336 611
611 308
308 303
303 622
622 190
190 694
694 531
531 762
762 597
597 462
462 245
245 142
