!
240 
331 313 
331 313
94 382 308 
382 94
94 308
145 
742 
759 86 169 274 
274 169
169 86
86 759
371 136 
136 371
105 
596 177 257 34 
257 34
34 177
177 596
336 277 
336 277
384 570 
384 570
451 516 
516 451
582 259 304 
304 259
259 582
285 777 89 753 663 
663 753
753 89
89 777
777 285
654 353 
654 353
183 
507 
750 
196 215 447 
215 196
196 447
411 
352 466 638 
466 638
638 352
45 634 665 195 
45 634
634 665
665 195
571 794 
571 794
522 597 395 81 333 
81 395
395 597
597 333
333 522
588 
444 87 335 346 757 497 
757 497
497 346
346 335
335 444
444 87
275 
587 249 306 311 636 
636 306
306 311
311 587
587 249
325 
211 467 
467 211
657 
310 
537 
421 
23 
592 400 
592 400
39 427 770 
39 427
427 770
82 7 
7 82
512 619 
619 512
366 
492 
219 190 
190 219
376 
453 74 
453 74
393 407 
393 407
606 
372 
766 157 449 77 367 198 459 234 
766 157
157 449
449 234
234 77
77 459
459 367
367 198
725 199 
725 199
488 
58 618 
58 618
709 546 
709 546
710 
258 
672 565 108 36 
108 36
36 565
565 672
412 471 715 
715 412
412 471
92 660 
92 660
212 375 
375 212
318 278 
278 318
99 272 
99 272
374 
354 442 
354 442
563 
312 463 33 358 
358 312
312 463
463 33
300 
170 188 253 666 73 
188 170
170 253
253 73
73 666
148 377 
148 377
673 
203 737 
203 737
57 543 247 732 
57 543
543 247
247 732
370 500 
370 500
67 
648 
159 509 150 8 693 
693 8
8 150
150 509
509 159
696 44 146 
44 696
696 146
452 287 552 320 
320 452
452 287
287 552
365 
54 
76 518 323 558 
323 558
558 518
518 76
202 
210 701 40 69 
69 40
40 701
701 210
101 316 154 
154 316
316 101
264 
456 
690 404 713 
690 404
404 713
248 642 71 612 
248 612
612 642
642 71
296 
550 
156 364 16 692 
692 16
16 156
156 364
41 
341 151 121 
151 121
121 341
457 629 
629 457
178 
227 417 123 504 
504 227
227 417
417 123
526 
397 206 
206 397
738 
53 714 179 126 
53 714
714 179
179 126
535 
458 
705 56 748 
56 705
705 748
201 271 556 637 132 175 
175 132
132 637
637 201
201 271
271 556
706 
603 61 
61 603
731 120 189 329 
329 189
189 731
731 120
640 
568 
684 
703 667 173 
703 667
667 173
735 722 
735 722
95 
168 116 180 
168 116
116 180
139 263 720 
263 139
139 720
553 
798 
26 476 
26 476
231 445 
445 231
6 
192 583 230 
192 230
230 583
216 
513 
3 584 
584 3
723 167 267 661 
661 167
167 723
723 267
269 78 651 669 244 443 
269 78
78 651
651 669
669 443
443 244
20 
133 
527 
163 
670 
779 
109 
381 
63 532 688 
532 63
63 688
85 567 
85 567
762 768 12 539 
768 762
762 12
12 539
13 130 355 
13 130
130 355
418 17 
17 418
185 
797 
628 789 763 593 573 
573 593
593 628
628 789
789 763
674 245 
245 674
641 416 349 625 
625 416
416 349
349 641
2 
682 193 321 
682 321
321 193
389 362 645 
645 389
389 362
144 283 307 
144 283
283 307
602 399 
399 602
302 477 
302 477
83 521 
83 521
129 24 
24 129
125 
754 158 
158 754
746 
675 511 700 
675 511
511 700
345 
251 
472 
671 605 
605 671
686 
176 487 
176 487
627 
560 786 
786 560
659 626 
626 659
420 426 
426 420
68 435 
435 68
790 
519 65 
519 65
580 
19 223 
19 223
743 
465 
647 280 
647 280
314 
328 
394 711 562 149 
562 149
149 711
711 394
235 528 
528 235
30 782 
30 782
652 260 799 650 
652 260
260 799
799 650
697 
27 90 792 373 
27 90
90 792
792 373
98 
561 566 
561 566
369 
691 
620 
765 107 643 319 772 103 
319 643
643 772
772 103
103 107
107 765
309 704 119 295 
295 119
119 704
704 309
575 
262 473 726 340 
262 340
340 473
473 726
396 
315 559 
315 559
128 
162 749 79 639 137 
639 749
749 79
79 162
162 137
428 357 127 155 91 
155 127
127 357
357 428
428 91
237 482 419 
419 237
237 482
607 
293 
730 25 
25 730
530 
491 609 
491 609
542 401 
542 401
446 55 
446 55
658 387 181 228 
228 181
181 387
387 658
9 448 630 503 205 
630 503
503 448
448 9
9 205
769 
464 775 
775 464
755 480 555 430 
555 430
430 480
480 755
96 
489 
220 
288 
548 291 386 301 
291 548
548 386
386 301
236 
695 
38 432 751 115 728 462 
115 462
462 728
728 38
38 432
432 751
440 344 
344 440
438 
450 270 
270 450
140 
214 
172 
360 
15 
683 
141 282 795 
141 282
282 795
610 
388 
122 
719 
80 764 614 
80 764
764 614
541 633 
633 541
14 424 
424 14
112 586 793 
793 586
586 112
702 187 
187 702
469 42 
42 469
501 
356 517 222 422 718 
422 718
718 517
517 222
222 356
256 88 
88 256
143 10 
10 143
391 
241 613 
241 613
649 784 773 
773 649
649 784
324 28 
324 28
554 
350 712 
350 712
413 771 
413 771
403 
510 524 439 398 
524 398
398 510
510 439
653 415 
415 653
390 380 
390 380
217 579 37 
579 37
37 217
409 
225 601 
225 601
292 
494 
343 
113 534 104 
104 113
113 534
717 279 239 111 
717 279
279 239
239 111
226 
662 747 
747 662
334 758 
758 334
707 303 1 
1 707
707 303
286 
268 29 131 
131 29
29 268
525 
787 
290 
84 646 406 147 
406 84
84 147
147 646
687 
470 213 
470 213
474 
791 515 699 574 
699 791
791 515
515 574
484 110 142 47 761 410 246 
142 110
110 484
484 761
761 410
410 47
47 246
414 540 
540 414
549 
736 
322 
685 
174 229 
174 229
408 
644 70 752 317 
752 317
317 70
70 644
729 330 
330 729
595 
31 
347 
734 502 
502 734
679 207 485 708 490 
490 708
708 485
485 207
207 679
523 337 327 284 496 
523 337
337 327
327 284
284 496
677 
43 361 
43 361
342 64 778 
342 778
778 64
781 
194 538 529 
194 529
529 538
486 117 
486 117
745 429 
429 745
694 402 774 468 
468 774
774 694
694 402
232 
93 
594 138 
594 138
261 621 294 676 182 635 
294 621
621 261
261 676
676 182
182 635
557 547 433 
557 547
547 433
698 221 265 289 0 49 
49 265
265 698
698 221
221 289
289 0
273 164 
164 273
551 
783 572 
572 783
689 135 165 
165 135
135 689
359 48 
359 48
152 
767 
305 724 348 585 200 
305 724
724 348
348 585
585 200
208 35 
208 35
124 
681 
383 431 
383 431
622 
339 
363 
209 
166 385 591 461 266 
266 461
461 591
591 166
166 385
483 
299 326 785 
785 326
326 299
514 197 160 
160 197
197 514
788 589 52 
52 589
589 788
59 
298 
368 475 
368 475
678 481 
678 481
21 
721 
437 569 434 615 224 276 
437 569
569 434
434 224
224 615
615 276
436 423 100 66 
66 100
100 423
423 436
255 62 739 
739 255
255 62
281 243 
243 281
578 716 
716 578
740 
533 544 756 
756 544
544 533
405 
741 250 
250 741
655 18 460 454 
655 460
460 18
18 454
727 
22 
760 581 
581 760
604 
332 5 252 
5 332
332 252
392 
191 50 505 531 
531 505
505 50
50 191
114 378 
378 114
134 
668 611 520 46 
668 611
611 520
520 46
598 
478 102 664 624 536 608 
608 664
664 536
536 624
624 478
478 102
184 616 
616 184
32 238 656 
238 32
32 656
351 
506 744 
506 744
4 590 
590 4
577 623 
623 577
204 
379 
11 576 564 631 
11 576
576 631
631 564
780 
254 
242 
171 599 
599 171
498 499 441 186 
441 186
186 499
499 498
455 495 479 153 
153 479
479 495
495 455
776 
233 218 
218 233
106 60 
106 60
72 600 
600 72
632 680 
632 680
297 
161 
733 
75 
51 
97 796 425 508 
97 425
425 796
796 508
493 
617 
118 
338 
545 
