!
0 1 2 4 5 9 18 19 23 28 29 35 36 37 39 40 41 42 45 47 48 49 56 62 68 69 71 78 79 80 84 85 86 89 95 97 98 99 100 103 105 111 113 118 121 122 123 125 130 131 132 133 134 136 137 139 142 145 148 151 152 158 159 162 164 165 167 171 174 179 183 187 192 194 196 197 202 207 210 216 217 220 226 229 230 231 233 235 240 243 250 251 252 256 258 259 266 271 272 273 274 275 282 283 290 291 295 298 302 303 306 310 312 313 315 316 319 322 324 329 330 332 336 343 347 351 357 358 360 362 363 364 365 370 371 377 378 380 382 384 389 392 394 395 399 401 405 408 412 413 415 422 423 424 425 426 427 428 431 432 433 435 436 437 440 445 447 449 450 466 468 469 470 476 477 478 479 483 484 485 491 492 498 499 501 502 504 508 511 512 516 520 521 522 524 526 529 530 533 535 537 542 544 548 549 553 555 557 558 559 561 563 564 569 574 576 577 579 581 582 586 587 589 591 597 599
548 207
207 122
122 559
559 424
424 37
37 47
47 42
42 336
336 273
273 164
164 581
581 378
378 470
470 105
105 382
382 48
48 401
401 549
549 423
423 530
530 447
447 69
69 36
36 504
504 511
511 39
39 365
365 542
542 535
535 312
312 485
485 165
165 283
283 187
187 433
433 9
9 544
544 478
478 330
330 315
315 167
167 557
557 413
413 569
569 427
427 235
235 99
99 558
558 84
84 197
197 258
258 363
363 290
290 80
80 476
476 440
440 587
587 553
553 171
171 49
49 484
484 132
132 522
522 524
524 152
152 322
322 139
139 436
436 230
230 86
86 319
319 432
432 179
179 0
0 431
431 256
256 302
302 142
142 134
134 56
56 599
599 243
243 483
483 250
250 561
561 332
332 347
347 136
136 282
282 362
362 469
469 380
380 162
162 291
291 597
597 216
216 479
479 229
229 89
89 45
45 516
516 466
466 266
266 113
113 217
217 533
533 259
259 23
23 502
502 130
130 19
19 41
41 125
125 529
529 577
577 306
306 231
231 329
329 520
520 563
563 358
358 196
196 370
370 526
526 194
194 425
425 343
343 555
555 384
384 591
591 137
137 415
415 582
582 360
360 574
574 399
399 28
28 183
183 62
62 468
468 159
159 310
310 98
98 576
576 151
151 450
450 389
389 564
564 394
394 103
103 445
445 202
202 158
158 118
118 251
251 210
210 491
491 272
272 111
111 233
233 405
405 95
95 1
1 357
357 78
78 5
5 298
298 85
85 364
364 148
148 426
426 351
351 501
501 252
252 18
18 492
492 131
131 392
392 240
240 133
133 408
408 220
220 377
377 4
4 428
428 100
100 2
2 123
123 499
499 477
477 521
521 371
371 437
437 303
303 71
71 40
40 274
274 589
589 29
29 508
508 295
295 121
121 586
586 271
271 79
79 579
579 316
316 512
512 174
174 97
97 498
498 275
275 226
226 449
449 422
422 395
395 145
145 324
324 68
68 537
537 192
192 313
313 435
435 35
35 412
605 606 612 617 619 621 629 630 637 638 640 641 643 644 647 654 655 658 659 660 661 663 665 668 669 671 674 675 676 679 680 681 683 685 687 689 699 702 703 706 708 712 713 714 719 723 726 735 737 739 740 741 742 744 748 761 762 766 767 769 772 775 776 778 782 785 787 788 794 797 799 3 6 10 11 12 13 14 16 17 20 25 30 31 32 38 43 44 50 51 52 53 55 57 60 61 64 65 66 72 75 76 82 83 88 90 92 94 102 107 108 110 114 115 116 117 124 127 128 129 138 140 143 144 147 149 150 153 156 157 160 161 166 169 170 173 176 177 178 180 182 184 185 189 193 199 201 204 205 206 208 209 211 212 215 218 219 221 223 227 228 234 237 238 242 247 253 255 257 260 261 265 268 269 277 279 280 285 289 293 294 296 297 301 307 308 309 323 326 327 333 335 338 339 341 342 344 346 352 353 356 361 367 368 369 375 376 379 385 388 393 402 403 409 410 411 414 418 419 420 439 441 443 444 446 454 455 458 460 463 471 472 473 480 481 482 488 489 494 495 496 497 503 505 507 510 518 519 523 531 540 545 546 550 551 562 565 566 570 575 583 588 592 595 598 601 604 608 609 610 611 613 614 618 622 623 624 626 628 632 633 634 639 642 646 648 649 650 651 653 657 662 664 666 673 678 682 684 686 688 690 691 692 696 700 701 705 709 711 715 716 718 724 728 729 731 733 738 745 749 750 751 754 756 757 758 759 760 763 771 773 777 779 780 784 789 793 796 798 7 8 15 21 22 24 26 27 33 34 46 54 58 59 63 67 70 73 74 77 81 87 91 93 96 101 104 106 109 112 119 120 126 135 141 146 154 155 163 168 172 175 181 186 188 190 191 195 198 200 203 213 214 222 224 225 232 236 239 241 244 245 246 248 249 254 262 263 264 267 270 276 278 281 284 286 287 288 292 299 300 304 305 311 314 317 318 320 321 325 328 331 334 337 340 345 348 349 350 354 355 359 366 372 373 374 381 383 386 387
326 264
264 441
441 495
495 221
221 147
147 340
340 153
153 24
24 157
157 244
244 673
673 292
292 388
388 91
91 308
308 662
662 473
473 222
222 784
784 26
26 288
288 653
653 592
592 38
38 199
199 114
114 472
472 780
780 30
30 126
126 311
311 228
228 234
234 595
595 181
181 482
482 314
314 46
46 263
263 289
289 387
387 709
709 112
112 117
117 188
188 754
754 215
215 331
331 374
374 566
566 120
120 355
355 325
325 372
372 25
25 172
172 280
280 337
337 690
690 140
140 193
193 286
286 17
17 583
583 356
356 738
738 650
650 705
705 309
309 212
212 305
305 200
200 321
321 208
208 750
750 393
393 33
33 205
205 141
141 444
444 10
10 180
180 53
53 733
733 166
166 411
411 353
353 518
518 104
104 76
76 688
688 224
224 175
175 73
73 575
575 64
64 279
279 253
253 149
149 333
333 70
70 729
729 692
692 368
368 642
642 177
177 227
227 471
471 796
796 691
691 11
11 190
190 32
32 245
245 317
317 107
107 763
763 63
63 551
551 420
420 255
255 21
21 613
613 348
348 648
648 588
588 779
779 604
604 632
632 156
156 494
494 146
146 285
285 185
185 297
297 249
249 88
88 373
373 191
191 320
320 254
254 531
531 60
60 375
375 496
496 354
354 203
203 664
664 276
276 771
771 7
7 13
13 386
386 75
75 218
218 409
409 609
609 505
505 168
168 66
66 751
751 757
757 242
242 248
248 793
793 92
92 170
170 34
34 6
6 463
463 278
278 519
519 403
403 454
454 369
369 44
44 198
198 204
204 649
649 150
150 350
350 124
124 666
666 318
318 361
361 798
798 74
74 110
110 143
143 299
299 241
241 701
701 186
186 135
135 209
209 608
608 711
711 715
715 760
760 176
176 22
22 247
247 67
67 232
232 598
598 119
119 385
385 268
268 455
455 265
265 338
338 237
237 335
335 352
352 184
184 443
443 87
87 82
82 724
724 206
206 109
109 144
144 163
163 59
59 349
349 138
138 366
366 277
277 410
410 106
106 376
376 562
562 728
728 481
481 61
61 267
267 718
718 634
634 300
300 622
622 446
446 646
646 213
213 96
96 756
756 402
402 239
239 182
182 418
418 16
16 383
383 716
716 211
211 261
261 684
684 345
345 225
225 269
269 284
284 195
195 281
281 686
686 262
262 101
101 618
618 31
31 682
682 83
83 458
458 94
94 155
155 503
503 8
8 52
52 327
327 700
700 601
601 749
749 328
328 633
633 65
65 57
57 108
108 287
287 777
777 116
116 745
745 789
789 201
201 359
359 214
214 72
72 488
488 43
43 20
20 414
414 624
624 238
238 623
623 257
257 628
628 51
51 55
55 219
219 419
419 678
678 639
639 510
510 129
129 27
27 550
550 154
154 81
81 334
334 660
660 379
379 270
270 93
93 12
12 381
381 90
90 236
236 629
629 15
15 758
758 178
178 714
714 460
460 344
344 497
497 127
127 223
223 346
346 339
339 173
173 439
439 523
523 294
294 169
169 323
323 565
565 507
507 296
296 307
307 293
293 480
480 246
246 614
614 160
160 128
128 570
570 301
301 626
626 761
761 773
773 657
657 611
611 540
540 367
367 759
759 740
740 708
708 77
77 545
545 161
161 696
696 58
58 619
619 651
651 788
788 304
304 610
610 260
260 546
546 50
50 655
655 748
748 54
54 489
489 341
341 102
102 342
342 762
762 723
723 671
671 676
676 640
640 617
617 605
605 731
731 14
14 782
782 703
703 189
189 675
675 115
115 663
663 3
3 706
706 685
685 674
674 638
638 647
647 687
687 702
702 712
712 778
778 658
658 787
787 630
630 799
799 683
683 785
785 744
744 726
726 681
681 719
719 644
644 737
737 659
659 713
713 643
643 621
621 797
797 769
769 742
742 766
766 668
668 689
689 637
637 776
776 680
680 661
661 669
669 641
641 612
612 654
654 735
735 699
699 739
739 606
606 767
767 741
741 679
679 775
775 772
772 794
794 665
390 391 396 397 398 400 404 406 407 416 417 421 429 430 434 438 442 448 451 452 453 456 457 459 461 462 464 465 467 474 475 486 487 490 493 500 506 509 513 514 515 517 525 527 528 532 534 536 538 539 541 543 547 552 554 556 560 567 568 571 572 573 578 580 584 585 590 593 594 596 600 602 603 607 615 616 620 625 627 631 635 636 645 652 656 667 670 672 677 693 694 695 697 698 704 707 710 717 720 721 722 725 727 730 732 734 736 743 746 747 752 753 755 764 765 768 770 774 781 783 786 790 791 792 795
727 693
693 417
417 635
635 509
509 406
406 732
732 765
765 487
487 768
768 752
752 725
725 536
536 627
627 602
602 795
795 438
438 695
695 722
722 672
672 434
434 697
697 734
734 694
694 543
543 593
593 456
456 594
594 710
710 753
753 457
457 493
493 568
568 534
534 736
736 453
453 396
396 743
743 717
717 620
620 631
631 407
407 584
584 421
421 486
486 600
600 625
625 462
462 390
390 459
459 517
517 746
746 721
721 467
467 698
698 573
573 755
755 670
670 398
398 720
720 572
572 430
430 567
567 513
513 667
667 391
391 636
636 514
514 556
556 786
786 500
500 656
656 615
615 792
792 527
527 791
791 404
404 541
541 475
475 464
464 429
429 448
448 416
416 730
730 790
790 607
607 400
400 747
747 585
585 461
461 704
704 645
645 554
554 707
707 781
781 442
442 528
528 560
560 603
603 539
539 764
764 506
506 538
538 590
590 783
783 397
397 547
547 525
525 616
616 774
774 490
490 580
580 596
596 515
515 452
452 451
451 677
677 474
474 652
652 465
465 552
552 578
578 770
770 532
532 571
