!
301 404 715 78 388 229 767 796 720 499 339 754 746 100 188 275 57 208 134 8 351 780 792 413 523 658 38 237 733 618 272 519 377 4 125 723 536 734 122 451 557 196 259 289 760 380 91 615 797 772 119 485 703 582 470 336 620 652 454 514 423 640 257 474 696 185 49 176 469 102 420 
420 469
469 176
176 102
102 474
474 49
49 257
257 640
640 423
423 696
696 185
185 91
91 514
514 380
380 652
652 582
582 470
470 485
485 760
760 703
703 797
797 557
557 336
336 119
119 620
620 615
615 734
734 454
454 723
723 122
122 125
125 536
536 4
4 767
767 519
519 377
377 451
451 196
196 289
289 229
229 796
796 301
301 754
754 259
259 134
134 404
404 499
499 746
746 208
208 100
100 715
715 720
720 188
188 339
339 275
275 78
78 57
57 772
772 388
388 8
8 351
351 780
780 618
618 792
792 658
658 523
523 413
413 38
38 733
733 237
237 272
158 194 445 642 215 535 67 476 472 165 317 163 416 510 580 496 527 553 700 338 278 520 318 48 133 581 521 106 187 738 614 299 560 570 584 223 432 181 356 363 88 277 376 392 86 186 14 506 234 34 692 210 206 522 551 364 5 456 304 517 72 294 337 552 108 143 39 64 145 117 1 
552 517
517 5
5 337
337 364
364 304
304 456
456 551
551 506
506 234
234 522
522 14
14 72
72 181
181 294
294 186
186 210
210 376
376 432
432 206
206 692
692 570
570 277
277 356
356 299
299 584
584 560
560 614
614 738
738 392
392 88
88 34
34 363
363 223
223 108
108 86
86 187
187 642
642 158
158 496
496 194
194 581
581 106
106 215
215 521
521 338
338 580
580 527
527 520
520 553
553 445
445 318
318 700
700 278
278 510
510 48
48 117
117 133
133 143
143 145
145 416
416 535
535 39
39 317
317 163
163 64
64 67
67 476
476 165
165 1
1 472
556 421 687 382 686 
382 686
686 687
687 556
556 421
52 96 386 152 6 538 572 662 667 144 666 232 391 775 415 85 426 622 503 373 55 105 316 346 616 
616 105
105 316
316 346
346 55
55 373
373 622
622 415
415 85
85 503
503 426
426 391
391 232
232 666
666 144
144 667
667 662
662 775
775 152
152 386
386 96
96 52
52 6
6 538
538 572
789 
594 791 571 740 260 384 172 271 450 137 764 502 602 467 410 326 448 148 478 267 769 665 21 641 342 175 487 554 251 378 162 178 177 649 150 501 
501 150
150 649
649 342
342 478
478 178
178 267
267 162
162 148
148 641
641 378
378 448
448 769
769 21
21 665
665 554
554 175
175 326
326 602
602 487
487 502
502 410
410 764
764 177
177 137
137 251
251 450
450 271
271 467
467 791
791 594
594 172
172 260
260 571
571 740
740 384
333 718 147 742 762 127 191 313 607 544 288 719 149 
719 149
149 288
288 544
544 607
607 313
313 191
191 333
333 127
127 762
762 718
718 147
147 742
343 701 732 403 236 372 213 443 
213 372
372 443
443 732
732 236
236 403
403 701
701 343
396 107 
107 396
305 361 82 
361 305
305 82
298 285 508 11 231 
285 298
298 508
508 11
11 231
130 579 512 610 292 375 155 7 749 9 83 530 407 515 484 588 672 33 307 394 705 296 743 465 770 63 136 695 189 205 315 625 207 545 660 430 198 164 595 93 47 629 531 643 664 62 516 728 41 366 225 628 651 491 37 566 694 129 26 711 
491 205
205 566
566 531
531 694
694 664
664 189
189 37
37 629
629 164
164 711
711 315
315 625
625 695
695 516
516 129
129 643
643 207
207 728
728 26
26 465
465 366
366 41
41 595
595 225
225 770
770 47
47 545
545 430
430 743
743 660
660 198
198 628
628 296
296 705
705 651
651 394
394 93
93 307
307 33
33 672
672 588
588 63
63 136
136 749
749 515
515 407
407 7
7 155
155 375
375 530
530 9
9 83
83 292
292 62
62 484
484 610
610 512
512 130
130 579
248 138 623 291 220 663 656 184 751 197 323 428 460 341 598 721 247 534 748 627 362 235 709 440 173 347 447 654 477 433 567 308 682 
460 751
751 428
428 197
197 184
184 323
323 656
656 663
663 291
291 138
138 623
623 248
248 341
341 220
220 598
598 247
247 721
721 709
709 534
534 440
440 235
235 173
173 748
748 447
447 362
362 627
627 347
347 654
654 477
477 567
567 433
433 308
308 682
182 493 2 40 104 103 36 550 42 
40 104
104 2
2 182
182 493
493 36
36 550
550 103
103 42
154 401 168 489 87 23 242 558 439 335 575 53 547 179 674 513 192 704 276 
439 276
276 704
704 558
558 513
513 192
192 674
674 87
87 335
335 168
168 575
575 179
179 489
489 401
401 23
23 154
154 53
53 547
547 242
537 592 118 202 599 750 636 306 793 218 727 84 204 425 324 101 468 511 437 99 167 243 739 657 683 434 539 244 10 329 159 669 490 43 280 54 140 726 645 45 56 135 540 287 170 406 717 562 227 355 279 631 774 601 319 321 44 555 466 483 441 92 548 110 788 708 212 269 464 518 509 266 736 283 273 226 124 190 529 239 12 411 481 
12 411
411 481
481 239
239 529
529 190
190 124
124 226
226 273
273 266
266 518
518 509
509 736
736 464
464 555
555 269
269 788
788 44
44 110
110 708
708 92
92 212
212 548
548 321
321 283
283 601
601 319
319 45
45 774
774 483
483 490
490 280
280 43
43 669
669 631
631 466
466 279
279 10
10 99
99 329
329 244
244 355
355 636
636 159
159 306
306 657
657 167
167 511
511 683
683 750
750 227
227 54
54 599
599 243
243 140
140 562
562 202
202 726
726 739
739 645
645 118
118 425
425 717
717 204
204 434
434 56
56 84
84 324
324 793
793 727
727 539
539 135
135 537
537 101
101 406
406 592
592 287
287 441
441 437
437 170
170 468
468 218
218 540
442 340 230 693 633 293 639 397 462 559 747 402 688 759 779 763 585 160 680 290 29 755 480 249 507 528 357 349 690 564 398 389 120 15 444 706 574 68 765 418 712 405 589 94 578 463 453 297 0 635 621 626 653 22 617 
712 444
444 15
15 120
120 690
690 349
349 68
68 574
574 249
249 357
357 763
763 507
507 480
480 160
160 779
779 706
706 528
528 759
759 29
29 290
290 688
688 755
755 585
585 765
765 564
564 397
397 398
398 389
389 680
680 633
633 693
693 293
293 340
340 230
230 639
639 442
442 462
462 559
559 418
418 621
621 635
635 297
297 578
578 747
747 402
402 453
453 0
0 463
463 626
626 653
653 22
22 405
405 94
94 589
589 617
60 112 689 270 
60 270
270 689
689 112
114 385 632 98 731 51 608 219 479 569 157 611 459 568 201 486 20 281 729 282 412 565 790 254 166 109 768 417 
417 109
109 768
768 281
281 568
568 486
486 729
729 412
412 20
20 282
282 201
201 565
565 254
254 459
459 790
790 611
611 157
157 166
166 569
569 385
385 114
114 731
731 632
632 98
98 51
51 608
608 219
219 479
74 583 311 691 200 612 79 17 605 195 438 216 563 414 422 169 799 526 673 429 132 409 634 30 532 330 217 89 69 31 449 609 224 757 19 
634 409
409 19
19 132
132 429
429 31
31 89
89 217
217 69
69 757
757 224
224 673
673 449
449 526
526 799
799 422
422 532
532 414
414 169
169 691
691 563
563 30
30 311
311 330
330 216
216 74
74 583
583 200
200 195
195 79
79 612
612 17
17 605
605 438
438 609
457 798 358 264 255 710 253 174 741 492 368 252 482 58 332 161 320 494 678 309 111 488 744 250 427 644 221 
221 644
644 250
250 744
744 488
488 427
427 111
111 710
710 309
309 368
368 494
494 678
678 492
492 252
252 741
741 174
174 332
332 58
58 482
482 253
253 161
161 320
320 255
255 264
264 798
798 358
358 457
661 735 95 624 65 498 593 387 180 783 81 752 730 436 546 
783 180
180 387
387 81
81 730
730 546
546 95
95 593
593 436
436 735
735 752
752 624
624 661
661 498
498 65
714 737 452 113 776 209 613 573 151 676 360 123 785 782 131 314 25 268 646 141 446 116 274 303 3 153 97 603 261 35 561 577 146 671 73 549 533 461 647 
261 561
561 603
603 303
303 3
3 97
97 646
646 141
141 268
268 153
153 446
446 116
116 549
549 533
533 25
25 274
274 461
461 314
314 647
647 151
151 573
573 613
613 209
209 131
131 782
782 776
776 785
785 452
452 113
113 737
737 714
714 360
360 123
123 676
676 35
35 577
577 73
73 146
146 671
505 542 778 369 245 262 354 265 586 331 784 395 777 497 619 222 46 596 126 724 263 
497 777
777 395
395 784
784 222
222 586
586 265
265 331
331 354
354 505
505 369
369 619
619 542
542 778
778 245
245 596
596 46
46 724
724 262
262 126
126 263
795 458 455 193 722 408 786 543 156 697 
156 697
697 795
795 458
458 455
455 193
193 722
722 543
543 408
408 786
61 525 371 379 322 679 
679 322
322 379
379 371
371 61
61 525
435 50 211 675 183 
183 435
435 50
50 211
211 675
77 128 773 238 587 240 348 90 28 787 325 214 473 655 756 745 16 284 328 353 590 638 
90 773
773 77
77 128
128 587
587 238
238 240
240 348
348 28
28 787
787 590
590 638
638 353
353 214
214 325
325 328
328 284
284 473
473 16
16 745
745 655
655 756
393 258 327 27 648 199 
648 199
199 327
327 393
393 27
27 258
256 431 681 659 295 753 702 677 367 471 334 500 758 24 32 668 300 
702 295
295 753
753 659
659 500
500 681
681 256
256 758
758 431
431 24
24 32
32 677
677 668
668 367
367 471
471 334
334 300
66 400 80 350 504 725 650 310 761 142 121 352 606 302 713 771 76 698 495 
606 713
713 771
771 400
400 66
66 352
352 302
302 80
80 76
76 350
350 698
698 504
504 495
495 121
121 142
142 761
761 650
650 725
725 310
524 59 766 139 685 707 390 71 345 
345 524
524 390
390 707
707 766
766 685
685 71
71 139
139 59
716 794 381 630 699 475 203 365 241 383 246 541 70 781 312 18 399 233 604 600 171 286 684 359 13 591 424 670 637 576 228 115 419 75 370 374 597 344 
794 716
716 381
381 475
475 630
630 699
699 374
374 597
597 344
344 203
203 637
637 684
684 591
591 365
365 13
13 359
359 383
383 241
241 424
424 541
541 246
246 70
70 670
670 576
576 781
781 286
286 171
171 399
399 18
18 312
312 600
600 233
233 604
604 228
228 115
115 419
419 75
75 370
