!
69 1 100 546 747 251 660 217 604 485 593 453 203 652 178 780 311 32 639 659 720 452 417 676 442 190 758 627 732 633 216 459 636 227 799 535 168 689 760 723 753 230 262 198 446 254 122 449 496 124 530 161 390 537 
537 496
496 124
124 530
530 780
780 311
311 178
178 161
161 390
390 203
203 652
652 723
723 453
453 198
198 593
593 262
262 760
760 230
230 753
753 446
446 69
69 1
1 168
168 535
535 122
122 100
100 799
799 227
227 636
636 633
633 546
546 747
747 459
459 216
216 485
485 660
660 604
604 251
251 449
449 689
689 217
217 32
32 639
639 659
659 417
417 720
720 442
442 676
676 452
452 254
254 190
190 758
758 627
627 732
466 196 475 52 123 410 73 631 526 605 611 558 
475 52
52 196
196 466
466 123
123 410
410 526
526 73
73 631
631 605
605 611
611 558
500 78 512 620 46 770 507 498 764 706 371 
507 498
498 770
770 500
500 512
512 78
78 764
764 46
46 620
620 706
706 371
90 686 441 624 369 501 9 745 592 377 332 
441 90
90 369
369 377
377 686
686 624
624 501
501 9
9 745
745 592
592 332
205 16 719 386 296 460 406 645 6 708 389 20 87 776 83 502 478 238 354 275 548 397 319 599 524 675 54 570 337 407 42 145 668 411 148 158 392 458 237 578 480 118 762 225 180 579 17 681 550 420 75 37 24 365 568 532 284 735 381 630 748 623 640 423 609 159 315 672 143 324 103 179 61 186 385 199 740 120 209 157 712 
386 16
16 205
205 719
719 389
389 708
708 20
20 6
6 296
296 87
87 120
120 365
365 645
645 460
460 776
776 406
406 209
209 24
24 83
83 568
568 75
75 37
37 420
420 502
502 478
478 550
550 354
354 238
238 681
681 579
579 275
275 599
599 548
548 411
411 17
17 148
148 180
180 668
668 397
397 762
762 225
225 319
319 570
570 42
42 145
145 740
740 578
578 524
524 675
675 237
237 337
337 407
407 458
458 158
158 392
392 54
54 284
284 735
735 532
532 385
385 480
480 630
630 118
118 315
315 381
381 199
199 157
157 748
748 712
712 623
623 186
186 640
640 61
61 609
609 423
423 179
179 159
159 103
103 672
672 143
143 324
738 250 172 231 23 573 654 432 545 295 113 48 399 
231 573
573 172
172 23
23 738
738 250
250 654
654 545
545 432
432 295
295 48
48 399
399 113
655 171 363 
655 171
171 363
444 147 785 306 10 182 193 68 368 398 515 551 321 3 67 644 491 673 743 7 
7 743
743 673
673 398
398 67
67 321
321 551
551 3
3 515
515 368
368 68
68 491
491 644
644 193
193 182
182 147
147 306
306 444
444 785
785 10
127 305 293 516 754 
293 754
754 516
516 127
127 305
590 160 429 710 62 4 353 541 366 744 778 140 93 701 329 626 65 192 82 131 271 197 163 252 96 663 597 642 246 89 208 562 657 715 268 554 505 191 357 718 21 394 364 
554 268
268 715
715 505
505 657
657 191
191 357
357 562
562 364
364 718
718 663
663 394
394 246
246 21
21 96
96 642
642 597
597 62
62 89
89 163
163 208
208 710
710 82
82 131
131 590
590 271
271 160
160 429
429 197
197 541
541 4
4 353
353 744
744 366
366 778
778 701
701 140
140 93
93 252
252 329
329 626
626 65
65 192
116 629 768 454 84 400 591 648 88 185 263 421 557 333 784 165 391 402 601 
601 391
391 402
402 454
454 591
591 84
84 768
768 400
400 629
629 421
421 557
557 116
116 333
333 648
648 88
88 165
165 784
784 263
263 185
34 111 647 30 509 242 367 678 702 301 175 690 274 99 223 53 221 555 320 112 55 741 299 224 
223 99
99 274
274 224
224 53
53 299
299 30
30 678
678 221
221 555
555 741
741 55
55 367
367 647
647 34
34 509
509 112
112 111
111 320
320 242
242 175
175 702
702 301
301 690
482 761 
482 761
57 335 214 487 326 239 187 749 285 428 638 292 
335 214
214 57
57 487
487 326
326 292
292 749
749 239
239 285
285 428
428 638
638 187
189 539 679 477 416 13 451 783 486 763 455 146 494 614 202 132 383 26 164 317 777 751 374 457 730 774 574 582 439 595 
439 595
595 132
132 494
494 383
383 146
146 455
455 763
763 614
614 202
202 486
486 13
13 451
451 416
416 783
783 317
317 189
189 26
26 164
164 539
539 582
582 679
679 574
574 477
477 777
777 751
751 774
774 374
374 730
730 457
589 506 694 456 12 765 56 566 549 154 338 586 269 671 632 607 74 553 201 419 92 408 587 45 105 19 213 79 737 50 563 362 119 637 430 35 628 133 581 355 41 173 108 695 798 266 312 643 736 200 174 680 650 709 248 372 330 8 
200 736
736 643
643 312
312 266
266 108
108 173
173 41
41 355
355 695
695 35
35 798
798 581
581 133
133 430
430 628
628 362
362 119
119 637
637 563
563 680
680 50
50 174
174 709
709 650
650 737
737 79
79 213
213 19
19 105
105 45
45 408
408 248
248 8
8 372
372 330
330 587
587 553
553 74
74 607
607 586
586 632
632 201
201 671
671 338
338 269
269 154
154 694
694 456
456 506
506 549
549 566
566 12
12 56
56 589
589 765
765 419
419 92
101 155 683 585 767 608 769 169 98 36 323 39 233 380 283 128 28 91 471 222 625 219 316 584 15 334 489 603 258 564 405 
564 405
405 258
258 15
15 316
316 584
584 219
219 334
334 489
489 603
603 625
625 222
222 283
283 128
128 233
233 36
36 323
323 39
39 471
471 608
608 98
98 767
767 91
91 585
585 769
769 683
683 169
169 28
28 101
101 155
155 380
602 234 95 733 726 518 134 336 125 226 520 346 771 
234 602
602 520
520 95
95 226
226 518
518 134
134 726
726 336
336 733
733 125
125 346
346 771
348 775 696 447 786 331 358 445 290 580 356 86 746 766 
86 356
356 766
766 746
746 580
580 445
445 358
358 331
331 447
447 696
696 786
786 290
290 775
775 348
281 241 129 341 60 313 544 464 375 94 243 137 228 308 523 488 727 272 347 232 616 149 206 547 791 697 415 135 177 361 503 
375 503
503 177
177 464
464 361
361 544
544 791
791 135
135 313
313 547
547 308
308 60
60 341
341 206
206 129
129 149
149 241
241 281
281 616
616 94
94 232
232 697
697 243
243 137
137 415
415 228
228 347
347 727
727 488
488 523
523 272
473 117 359 114 325 542 229 264 153 576 729 685 76 414 22 674 698 739 
739 698
698 153
153 576
576 729
729 264
264 229
229 542
542 325
325 473
473 114
114 685
685 117
117 359
359 76
76 414
414 674
674 22
297 508 462 31 463 343 522 565 440 472 282 467 245 572 327 713 345 425 435 328 307 350 194 434 33 253 617 704 167 412 280 481 448 699 309 109 517 527 666 80 656 255 150 427 742 543 207 722 276 497 59 58 653 210 669 779 2 476 162 711 588 25 707 540 721 110 85 436 724 294 534 277 561 11 360 387 575 613 14 734 
734 14
14 779
779 436
436 669
669 85
85 2
2 110
110 476
476 561
561 210
210 653
653 721
721 162
162 25
25 711
711 588
588 58
58 707
707 540
540 613
613 277
277 294
294 534
534 59
59 724
724 387
387 11
11 360
360 575
575 543
543 742
742 517
517 527
527 150
150 427
427 109
109 255
255 309
309 656
656 666
666 80
80 481
481 280
280 167
167 704
704 412
412 617
617 713
713 327
327 572
572 194
194 350
350 282
282 425
425 328
328 307
307 253
253 435
435 33
33 345
345 434
434 472
472 467
467 245
245 440
440 462
462 508
508 297
297 522
522 31
31 463
463 448
448 343
343 699
699 565
565 722
722 207
207 276
276 497
166 687 536 303 378 782 256 431 349 287 139 97 634 170 29 717 352 622 388 569 484 384 424 513 504 265 567 51 104 247 81 433 
782 431
431 256
256 687
687 166
166 303
303 536
536 378
378 349
349 287
287 139
139 97
97 29
29 634
634 170
170 717
717 352
352 622
622 388
388 569
569 484
484 384
384 513
513 504
504 51
51 424
424 567
567 433
433 265
265 104
104 247
247 81
339 792 40 152 240 793 606 121 304 700 44 151 600 43 661 136 556 47 495 514 212 310 752 376 596 615 404 511 70 286 577 102 141 795 379 418 618 38 66 658 270 181 322 382 259 470 499 260 772 314 531 465 422 257 612 267 438 318 705 525 682 789 393 106 188 716 211 71 396 401 298 757 18 670 450 538 474 796 291 218 714 413 302 662 479 138 204 72 665 142 610 731 5 688 755 461 788 646 27 619 437 750 664 279 176 492 236 667 519 759 351 115 510 529 426 790 409 787 0 794 144 183 
102 314
314 339
339 577
577 792
792 141
141 757
757 795
795 240
240 531
531 152
152 304
304 596
596 40
40 700
700 772
772 286
286 298
298 70
70 121
121 793
793 44
44 401
401 606
606 260
260 661
661 151
151 752
752 43
43 499
499 556
556 136
136 600
600 465
465 351
351 310
310 470
470 47
47 495
495 181
181 66
66 658
658 38
38 376
376 514
514 270
270 379
379 212
212 418
418 618
618 382
382 422
422 322
322 615
615 404
404 511
511 257
257 438
438 267
267 259
259 612
612 716
716 682
682 318
318 705
705 525
525 393
393 789
789 106
106 188
188 519
519 211
211 71
71 396
396 18
18 670
670 142
142 302
302 450
450 665
665 662
662 538
538 479
479 204
204 474
474 72
72 413
413 138
138 796
796 759
759 291
291 755
755 610
610 731
731 218
218 688
688 5
5 714
714 750
750 461
461 788
788 437
437 664
664 646
646 27
27 619
619 279
279 176
176 492
492 667
667 236
236 115
115 510
510 409
409 529
529 787
787 426
426 790
790 0
0 794
794 144
144 183
373 215 443 340 469 552 483 641 273 521 773 651 560 342 728 490 703 126 621 756 781 220 468 677 533 649 344 49 289 395 107 261 692 184 797 130 635 684 278 571 691 
691 571
571 278
278 684
684 692
692 635
635 184
184 261
261 797
797 107
107 130
130 395
395 703
703 728
728 490
490 342
342 289
289 49
49 560
560 344
344 651
651 126
126 781
781 621
621 756
756 220
220 677
677 468
468 533
533 641
641 649
649 483
483 552
552 469
469 273
273 340
340 373
373 215
215 443
443 521
521 773
559 528 288 693 300 64 63 598 77 725 235 583 370 403 156 493 249 244 594 195 
288 528
528 300
300 693
693 559
559 64
64 244
244 249
249 598
598 63
63 403
403 77
77 235
235 725
725 583
583 370
370 195
195 493
493 156
156 594
