!
24 30 33 63 82 85 93 96 106 107 110 131 139 151 154 161 183 189 198 210 224 226 228 232 252 258 266 269 281 284 296 311 316 322 326 340 342 350 367 370 381 398 399 406 410 411 427 430 432 448 452 457 467 470 473 477 483 487 489 505 530 531 534 538 552 554 559 567 573 575 578 584 592 596 599 602 603 607 616 619 627 629 635
578 33
33 30
30 473
473 575
575 592
592 432
432 567
567 427
427 183
183 559
559 96
96 531
531 24
24 342
342 616
616 627
627 151
151 269
269 410
410 573
573 85
85 311
311 154
154 266
266 131
131 189
189 406
406 63
63 106
106 552
552 602
602 430
430 629
629 370
370 448
448 505
505 530
530 467
467 489
489 350
350 226
226 284
284 232
232 452
452 635
635 210
210 457
457 534
534 398
398 538
538 326
326 258
258 584
584 603
603 281
281 483
483 367
367 477
477 110
110 596
596 340
340 296
296 322
322 107
107 139
139 316
316 554
554 198
198 82
82 470
470 161
161 599
599 381
381 399
399 411
411 607
607 228
228 487
487 619
619 252
252 224
224 93
646 650 651 663 665 666 673 674 680 682 691 710 730 733 743 757 766 774 798 799 6 41 53 56 76 80 99 104 117 120 133 134 135 140 147 152 163 179 180 181 187 192 193 205 209 213 214 217 220 225 230 257 262 280 286 304 305 315 324 337 341 352 353 364 366 379 382 386 395 397 400 407 417 426 431 464 466 491 501 503 525 527 561 574 583 591 593 594 611 617 621 631 642 652 655 660 671 686 692 697 699 707 711 719 732 750 775 5 14 27 37 44 45 46 48 66 71 73 74 94 102 105 111 118 126 144 167 175 188 195 196 202 204 211 246 263 276 292 312 334 335 338 345 346 348 355 356 361 374 375 378 385 414 415 419 420 422 424 441 442 451 475 515 521 522 546 572 589 595 628 630 657 659 687 694 695 701 713 723 729 731 734 736 739 744 747 765
195 346
346 202
202 420
420 338
338 521
521 167
167 73
73 424
424 422
422 695
695 475
475 765
765 701
701 46
46 335
335 451
451 276
276 44
44 14
14 94
94 687
687 546
546 729
729 744
744 48
48 5
5 736
736 292
292 747
747 572
572 118
118 589
589 385
385 694
694 111
111 739
739 188
188 175
175 355
355 515
515 37
37 102
102 713
713 628
628 361
361 415
415 442
442 374
374 348
348 630
630 27
27 723
723 419
419 71
71 378
378 105
105 414
414 246
246 66
66 144
144 734
734 659
659 595
595 522
522 312
312 211
211 356
356 126
126 204
204 646
646 334
334 375
375 657
657 263
263 45
45 441
441 366
366 617
617 731
731 757
757 74
74 181
181 417
417 407
407 196
196 345
345 621
621 364
364 583
583 525
525 743
743 6
6 217
217 315
315 730
730 733
733 652
652 99
99 651
651 147
147 304
304 352
352 673
673 400
400 117
117 666
666 674
674 501
501 527
527 397
397 187
187 205
205 671
671 711
711 426
426 56
56 80
80 699
699 799
799 798
798 680
680 230
230 682
682 179
179 561
561 766
766 214
214 382
382 180
180 262
262 642
642 379
379 386
386 710
710 692
692 750
750 53
53 395
395 464
464 134
134 574
574 133
133 193
193 225
225 104
104 707
707 631
631 286
286 663
663 491
491 213
213 163
163 152
152 732
732 691
691 611
611 431
431 503
503 209
209 280
280 120
120 353
353 324
324 341
341 719
719 591
591 655
655 650
650 774
774 466
466 305
305 686
686 775
775 135
135 41
41 76
76 192
192 660
660 140
140 665
665 697
697 594
594 593
593 220
220 337
337 257
768 771 785 794 1 9 13 17 26 31 35 39 50 58 68 77 78 81 91 92 116 123 128 129 153 156 171 174 177 184 185 206 218 237 248 260 265 268 288 300 306 309 314 317 320 336 349 354 358 362 372 392 403 428 433 436 453 455 456 459 495 499 526 540 563 598 600 608 614 618 624 633 662 668 669 679 696 703 706 708 738 741 762 763 767 795 796 4 34 51 52 57 60 65 87 89 103 124 149 166 194 197 203 207 208 215 219 227 233 235 238 244 267 270 273 274 285 289 294 327 328 339 344 359 363 394 402 412 425 445 480 481 486 498 510 511 514 535 556 585 587 622 626 634 636 639 640 643 647 656 685 698 714 724 740 753 759 761 764 769 773 792 0 15 36 42 49 64 70 79 84 115 119 130 145 159 160 168
622 268
268 91
91 510
510 124
124 78
78 455
455 708
708 35
35 215
215 31
31 52
52 669
669 244
244 314
314 349
349 65
65 185
185 662
662 197
197 87
87 425
425 459
459 156
156 359
359 288
288 600
600 703
703 535
535 679
679 309
309 738
738 153
153 273
273 668
668 208
208 696
696 624
624 618
618 289
289 498
498 265
265 753
753 714
714 177
177 453
453 285
285 238
238 796
796 128
128 394
394 698
698 58
58 77
77 643
643 436
436 306
306 741
741 13
13 116
116 433
433 526
526 68
68 656
656 267
267 639
639 300
300 166
166 495
495 647
647 392
392 344
344 103
103 763
763 237
237 372
372 233
233 219
219 123
123 89
89 328
328 218
218 511
511 771
771 634
634 358
358 402
402 514
514 260
260 773
773 598
598 614
614 740
740 640
640 412
412 354
354 206
206 499
499 39
39 585
585 129
129 235
235 174
174 17
17 587
587 57
57 203
203 769
769 60
60 320
320 274
274 480
480 795
795 184
184 336
336 194
194 724
724 248
248 362
362 456
456 50
50 636
636 563
563 633
633 608
608 207
207 294
294 540
540 556
556 794
794 759
759 626
626 81
81 51
51 403
403 486
486 767
767 92
92 171
171 317
317 706
706 227
227 4
4 9
9 792
792 481
481 339
339 26
26 428
428 327
327 764
764 762
762 1
1 445
445 270
270 0
0 363
363 785
785 34
34 768
768 685
685 149
149 761
761 49
49 79
79 64
64 84
84 15
15 130
130 115
115 70
70 159
159 119
119 168
168 160
160 42
42 145
145 36
172 199 200 216 240 245 251 293 299 310 351 365 369 383 388 409 413 416 423 444 450 460 465 479 493 497 512 518 542 544 545 547 550 565 566 569 570 577 588 615 664 676 705 716 722 725 745 755 756 781 793 2 18
365 569
569 570
570 664
664 518
518 676
676 199
199 545
545 781
781 460
460 716
716 251
251 745
745 310
310 383
383 369
369 299
299 566
566 293
293 240
240 544
544 793
793 245
245 550
550 388
388 497
497 577
577 755
755 413
413 615
615 705
705 588
588 450
450 351
351 512
512 722
722 172
172 423
423 547
547 216
216 479
479 409
409 416
416 465
465 565
565 725
725 542
542 200
200 493
493 444
444 756
756 18
18 2
19 20 32 108 109 136 138 148 150 155 176 190 221 236 241 249 256 261 303 307 319 332 357 376 390 418 421 429 435 439 462 468 469 474 482 484 496 502 507 516 533 536 548 562 568 581 586 625 654 670 672 689 702 712 715 718 728 746 748 749 752 760 779 788 791 3 8 43 61 72
760 689
689 482
482 390
390 439
439 319
319 435
435 654
654 536
536 108
108 249
249 176
176 496
496 72
72 32
32 43
43 752
752 779
779 61
61 672
672 19
19 702
702 221
221 20
20 429
429 376
376 332
332 581
581 307
307 150
150 136
136 548
548 256
256 421
421 303
303 788
788 749
749 712
712 468
468 746
746 241
241 484
484 418
418 507
507 516
516 190
190 3
3 8
8 625
625 357
357 562
562 586
586 236
236 462
462 728
728 148
148 533
533 568
568 791
791 155
155 474
474 718
718 748
748 715
715 469
469 502
502 261
261 670
670 109
109 138
75 98 113
75 98
98 113
132 158 162 164 165 170 201 223 234 242 250 259 271 282 283 287 298 308 343 371 373 384
165 259
259 373
373 287
287 283
283 308
308 242
242 298
298 132
132 162
162 371
371 158
158 170
170 271
271 250
250 343
343 223
223 234
234 201
201 164
164 384
384 282
389 401 408 458 461 471
389 471
471 461
461 458
458 401
401 408
476 488 494 500 504 508 509 529 532 543 549 560 601 605 609 612 637 641 667 684 721 726 727 737 754 758 770 787 789 23 25 28 29 38 40 55 86 97 101 122 125 141 142 169 182 186 222 229 247 254 264 272 290 291 295 313 331
684 612
612 97
97 508
508 737
737 787
787 770
770 28
28 609
609 543
543 509
509 254
254 38
38 500
500 727
727 291
291 169
169 86
86 641
641 264
264 494
494 29
29 290
290 142
142 789
789 504
504 529
529 313
313 125
125 667
667 25
25 758
758 186
186 549
549 23
23 229
229 726
726 40
40 476
476 222
222 331
331 295
295 141
141 605
605 560
560 182
182 101
101 601
601 55
55 754
754 721
721 488
488 272
272 122
122 247
247 637
637 532
360 377 380 387 391 434 440 447 449 454 472 492 506 517 519 539 551 553 576 590 620 638 648 649 658 661 675 678 683 704 709 776 790 797 10 16 21 47 54 83 90 112 114 127 137 143 146 157 173 231 239 243 297 301 302 318 321 323 330 333 347 368 393 396 404 437 463 520 541 557 564 571 579 582 604 606 613 632 645 653 677 690 693 717 735 742 751 777 786 7 11 12 22 59 62 67 69 88 95 100 121 178 191 212 253
675 638
638 519
519 69
69 553
553 576
576 253
253 790
790 191
191 678
678 380
380 492
492 551
551 661
661 62
62 506
506 212
212 590
590 12
12 7
7 797
797 11
11 606
606 434
434 22
22 658
658 440
440 649
649 472
472 330
330 449
449 454
454 683
683 178
178 704
704 709
709 579
579 613
613 539
539 301
301 377
377 231
231 88
88 517
517 100
100 333
333 321
321 557
557 786
786 95
95 653
653 243
243 620
620 360
360 564
564 776
776 90
90 541
541 447
447 112
112 54
54 121
121 648
648 404
404 387
387 632
632 777
777 21
21 742
742 582
582 114
114 463
463 391
391 393
393 520
520 137
137 146
146 751
751 83
83 571
571 302
302 368
368 318
318 693
693 127
127 297
297 10
10 67
67 437
437 735
735 143
143 645
645 16
16 690
690 59
59 157
157 604
604 173
173 323
323 239
239 717
717 347
347 677
677 396
396 47
255 275 277 278 279 325 329 405 438 443 446 478 485 490 513 523 524 528 537 555 558 580 597 610 623 644 681 688 700 720 772 778 780 782 783 784
644 700
700 681
681 555
555 610
610 688
688 405
405 325
325 772
772 438
438 478
478 524
524 279
279 490
490 443
443 782
782 255
255 485
485 329
329 580
580 278
278 275
275 446
446 523
523 528
528 558
558 623
623 784
784 513
513 597
597 783
783 277
277 778
778 780
780 720
720 537
