!
91 323 336 387 425 434 468 530 539
539 425
425 434
434 323
323 387
387 530
530 336
336 91
91 468
546 625 80 105 189 282 312 335 372 437 515 675 796 17 74
546 625
625 74
74 17
17 189
189 437
437 335
335 105
105 282
282 372
372 312
312 675
675 80
80 796
796 515
120 172 181 389 454
172 454
454 120
120 181
181 389
704 730 777 788 99 231
231 99
99 788
788 777
777 704
704 730
261 283 301 349 547 584 596 621 745 286 296 402 419 461 543 552
621 261
261 349
349 547
547 584
584 745
745 461
461 283
283 419
419 596
596 286
286 543
543 301
301 402
402 296
296 552
587 649 706 764 57 59 160
764 649
649 57
57 587
587 59
59 706
706 160
293 300 432 540 572 576 638 7 95
300 432
432 293
293 540
540 576
576 572
572 638
638 7
7 95
117 241
241 117
345 447
345 447
692 732 737 740 1 38 186 210 245 268 351 355 356 414 13 54 88 155 200 320 377 517 611 686 23
23 88
88 686
686 320
320 611
611 54
54 13
13 377
377 200
200 517
517 155
155 355
355 245
245 210
210 1
1 414
414 356
356 38
38 268
268 732
732 351
351 740
740 186
186 737
737 692
27 60 68 142
60 27
27 142
142 68
272 455
455 272
630 673 743 25 107 131
673 630
630 743
743 131
131 107
107 25
226 330 444 485 613
485 444
444 330
330 226
226 613
632 751 15 122 157 178 221 341 368 438 480 580 96 164
96 15
15 341
341 122
122 178
178 580
580 157
157 221
221 438
438 164
164 480
480 368
368 632
632 751
292 401 416
416 292
292 401
509 555 592
592 509
509 555
695 779
695 779
61
169 198 235 294 334 446 568 756 64 129 132 238 317 477 511 626 661
511 661
661 477
477 129
129 317
317 64
64 238
238 626
626 132
132 568
568 446
446 294
294 235
235 334
334 169
169 198
198 756
44
147 196 374 423 426 538
426 147
147 423
423 538
538 374
374 196
688 753 100 139 153 182 518
688 753
753 518
518 182
182 153
153 139
139 100
575 650 741 770 140 254 318 392 406 523 534 713 728
770 523
523 406
406 318
318 741
741 534
534 728
728 575
575 254
254 140
140 392
392 650
650 713
35 46 260 329 490
46 329
329 490
490 35
35 260
678 773 782
773 782
782 678
797 55 125 187 361 394 715 727 729 794 5 24 128 179
797 361
361 794
794 715
715 394
394 727
727 729
729 125
125 55
55 187
187 179
179 5
5 128
128 24
579 705
705 579
742 766 781 22 111 115 152
115 152
152 22
22 111
111 742
742 766
766 781
497 522
522 497
577 593 86
593 577
577 86
212 304 411 560
411 212
212 304
304 560
651 717 785 42 53 103 218 302 405 623
53 42
42 302
302 405
405 623
623 103
103 218
218 651
651 717
717 785
750 451 505 612 684 721 722 758 786 190
750 190
190 758
758 451
451 786
786 722
722 612
612 684
684 505
505 721
222 224 246 487 617 665 749 137 462 498
498 462
462 137
137 246
246 222
222 224
224 487
487 617
617 749
749 665
583 615 667 767 790 20 150 176 343
615 767
767 583
583 790
790 667
667 343
343 150
150 20
20 176
494
609 629 718 98 232 321 383 429 439 512 791 204 230 370 450 535 548 595 774 79 158 225 240 263 471 483 556 104 327 340 528 573 585 635 671 19
635 528
528 104
104 340
340 327
327 585
585 573
573 671
671 158
158 556
556 471
471 240
240 483
483 225
225 263
263 79
79 383
383 429
429 512
512 98
98 232
232 321
321 439
439 791
791 718
718 609
609 19
19 629
629 450
450 535
535 595
595 774
774 548
548 230
230 204
204 370
219 347 448 488
488 448
448 219
219 347
541 647
647 541
3 67 279 307 376 400 744
67 3
3 400
400 376
376 279
279 307
307 744
193
363 466 470
470 466
466 363
486 607 666 136 205 228 306 463 504 710 8 16 73 237 554 567 619 2 133 195 325 366
504 228
228 136
136 306
306 463
463 710
710 205
205 619
619 8
8 73
73 237
237 16
16 554
554 567
567 486
486 666
666 607
607 2
2 195
195 325
325 133
133 366
644 720 248
248 644
644 720
298 326 338 413 594 738 31
31 738
738 298
298 326
326 413
413 338
338 594
109 121 412
121 109
109 412
531 544
544 531
694 63 78 123 277 354 403 491
694 491
491 354
354 403
403 123
123 63
63 78
78 277
69
289
516 657 669
657 516
516 669
784 787 213 308
784 787
787 308
308 213
362 367 502 566 603 28
28 566
566 367
367 603
603 502
502 362
110 211
110 211
553 614 616 652
616 553
553 652
652 614
161 350 571 590 735 783 792 269 384 472 597 663 714 716 33 428 456 510 559 664 711 39
39 597
597 472
472 714
714 716
716 269
269 384
384 663
663 590
590 571
571 792
792 664
664 456
456 735
735 510
510 33
33 783
783 161
161 711
711 350
350 428
428 559
75 76 220
76 75
75 220
371 386 606 236 385
371 606
606 386
386 236
236 385
536 564 582
582 564
564 536
627 709 89 342 404 452 478 601 642 14 30 239 337 589 719
709 627
627 589
589 337
337 30
30 478
478 14
14 342
342 404
404 601
601 719
719 89
89 239
239 452
452 642
768 71 141
141 71
71 768
273 332
332 273
459 574
459 574
683
171 252 256 311
256 311
311 171
171 252
440 525 549 264 391
264 391
391 525
525 549
549 440
542 557 608 677 703 299 305
703 608
608 677
677 542
542 557
557 299
299 305
410 668 679
668 679
679 410
700 52 72 146 177
700 52
52 146
146 177
177 72
303
309 50 124 165 251 257 558 0 93 106 112 390 697 21
106 390
390 697
697 93
93 558
558 165
165 257
257 0
0 112
112 50
50 251
251 124
124 21
21 309
114 207 532 563 798
798 114
114 563
563 532
532 207
43
201 202 353 418 622 285 441 476 599 685 702 65 170 183
65 170
170 183
183 202
202 201
201 622
622 353
353 599
599 418
418 285
285 685
685 476
476 702
702 441
333
526 725
725 526
344 379
379 344
598 655 662 771
655 771
771 662
662 598
168 281 388 503
503 168
168 388
388 281
600 699 4 32
699 600
600 4
4 32
173 475 636 680 37 101 174
37 174
174 101
101 173
173 475
475 680
680 636
422 588 672 138 175 358 482 484 731 378
588 672
672 422
422 731
731 138
138 484
484 358
358 482
482 175
175 378
431 643 674 739 759 26
26 739
739 431
431 643
643 674
674 759
319 397 430 561
397 319
319 561
561 430
723 259 271 328 348 449 495 34 51 134 214 250 581
214 51
51 581
581 34
34 134
134 250
250 495
495 449
449 348
348 271
271 328
328 259
259 723
331 373 433 445 682 707 180
433 180
180 682
682 331
331 373
373 707
707 445
203 262 393
393 203
203 262
620 676 9 10
9 10
10 676
676 620
116 645 747 748 159
159 645
645 747
747 748
748 116
162 427
427 162
464 508
508 464
631
108 130
108 130
166 415 474 763 47 81 188 287 591 726 127 192 253
415 474
474 763
763 166
166 253
253 192
192 127
127 287
287 726
726 188
188 47
47 81
81 591
421
659 691 360 520 687 696 760 97 148 149 209 496 310 313 529 550 633 167 295
360 696
696 687
687 520
520 760
760 550
550 313
313 529
529 310
310 633
633 691
691 659
659 496
496 149
149 209
209 97
97 148
148 167
167 295
492 658 775 184 185 458 489 708 199 233 274 524
185 184
184 708
708 489
489 458
458 199
199 233
233 524
524 274
274 775
775 658
658 492
527 217 229 396
396 229
229 217
217 527
569 586 66 266 398 507 637 234 258 284 420 499 481 519 670 724 736 94 457 640 776 789
640 457
457 776
776 94
94 789
789 569
569 586
586 670
670 481
481 724
724 519
519 736
736 258
258 234
234 420
420 499
499 284
284 398
398 507
507 637
637 266
266 66
12 500
12 500
602 604 654 85 276 639 746 795 45 92 126 634
276 746
746 639
639 85
85 795
795 602
602 604
604 654
654 45
45 92
92 634
634 126
656 48 278 291 315 690 83 215 297 365 769 242
365 769
769 297
297 215
215 83
83 315
315 278
278 291
291 48
48 690
690 242
242 656
247 364
247 364
465 653
653 465
18
118 275 570 648 41 113 359 409 493 29 223 346 693 733 36 194 197 265 537
113 41
41 36
36 359
359 409
409 493
493 197
197 537
537 265
265 194
194 118
118 275
275 648
648 570
570 29
29 346
346 223
223 693
693 733
6 143 290
6 143
143 290
382
754 163
163 754
407 533 565 755 40 82 156 244 270 399 435 501 765 206 551 610 780
501 765
765 399
399 435
435 270
270 40
40 156
156 82
82 244
244 551
551 755
755 206
206 780
780 610
610 533
533 565
565 407
255
395 460 467 90
90 467
467 395
395 460
145 469
145 469
698 249 339 436
698 436
436 249
249 339
660 243 324 479 761 62
324 243
243 479
479 761
761 62
62 660
314 624
314 624
646 56 408 473 712
56 408
408 712
712 473
473 646
506 689 734 778 208 380 442 641 144 605 681 216 357 521 267 316 757
442 641
641 208
208 380
380 144
144 681
681 757
757 267
267 605
605 316
316 506
506 689
689 734
734 778
778 216
216 357
357 521
84 151 424 49 514 762 11 58 381
381 58
58 11
11 514
514 49
49 762
762 84
84 424
424 151
369
375 513 154
513 375
375 154
453 799 417 545
799 453
453 417
417 545
618 119
119 618
191
701 102
701 102
322 578 87 135 628 70 77 280 227 443 562 352 752
562 77
77 70
70 227
227 443
443 280
280 87
87 135
135 628
628 322
322 578
578 352
352 752
793 288 772
772 288
288 793
