!
562 379 159 357 684 294 559 432 136 272 121 
136 432
432 559
559 272
272 159
159 379
379 294
294 121
121 562
562 357
357 684
243 767 517 545 586 122 83 653 521 500 
500 521
521 653
653 83
83 586
586 122
122 545
545 243
243 517
517 767
760 480 631 23 260 296 292 175 786 302 609 718 40 736 205 796 457 552 628 416 318 383 708 49 210 588 702 473 160 134 145 291 692 633 768 704 277 176 155 640 334 101 594 323 756 636 184 372 38 578 770 179 409 589 643 573 751 362 693 513 56 142 748 698 55 225 206 226 105 82 569 209 165 102 570 54 446 331 558 216 637 782 295 582 246 119 5 442 717 478 780 747 370 349 245 526 395 765 537 472 288 490 639 382 686 700 488 749 278 460 427 52 522 192 374 503 682 484 714 283 477 162 399 
160 134
134 473
473 480
480 362
362 609
609 760
760 588
588 302
302 786
786 210
210 49
49 736
736 260
260 702
702 631
631 589
589 718
718 40
40 23
23 296
296 409
409 205
205 292
292 179
179 416
416 175
175 796
796 628
628 578
578 372
372 38
38 457
457 770
770 552
552 636
636 708
708 318
318 383
383 756
756 184
184 704
704 145
145 323
323 155
155 291
291 692
692 176
176 643
643 594
594 277
277 573
573 751
751 633
633 101
101 640
640 768
768 334
334 693
693 478
478 717
717 513
513 56
56 55
55 142
142 748
748 206
206 225
225 698
698 226
226 105
105 82
82 782
782 637
637 295
295 216
216 209
209 582
582 569
569 165
165 446
446 102
102 331
331 54
54 558
558 570
570 283
283 503
503 484
484 395
395 682
682 765
765 119
119 374
374 246
246 245
245 522
522 526
526 472
472 192
192 537
537 714
714 399
399 5
5 288
288 490
490 349
349 162
162 477
477 370
370 686
686 700
700 639
639 52
52 442
442 780
780 382
382 747
747 488
488 460
460 749
749 278
278 427
758 429 
758 429
185 157 677 644 0 84 701 459 579 528 673 183 263 144 12 79 745 80 452 509 248 234 369 600 99 405 186 685 411 253 
263 183
183 144
144 673
673 528
528 253
253 579
579 411
411 459
459 701
701 80
80 405
405 186
186 84
84 745
745 685
685 12
12 79
79 185
185 157
157 452
452 677
677 509
509 248
248 0
0 644
644 234
234 600
600 369
369 99
406 77 568 167 332 109 505 691 15 715 48 256 98 273 265 194 788 169 710 86 511 274 106 475 252 377 662 325 320 543 
274 511
511 106
106 543
543 320
320 662
662 475
475 325
325 406
406 86
86 252
252 77
77 710
710 48
48 377
377 169
169 788
788 715
715 568
568 167
167 15
15 332
332 273
273 265
265 691
691 109
109 505
505 98
98 256
256 194
66 407 781 
781 407
407 66
47 306 366 567 538 67 
47 306
306 366
366 567
567 538
538 67
65 330 769 720 482 207 591 799 622 237 627 
330 65
65 769
769 720
720 482
482 207
207 591
591 622
622 627
627 237
237 799
712 202 
202 712
149 414 88 580 706 111 676 10 621 148 530 494 371 
371 10
10 621
621 494
494 530
530 148
148 676
676 580
580 149
149 414
414 88
88 706
706 111
575 417 380 36 236 476 461 342 439 87 390 449 755 790 69 356 425 764 534 30 308 282 11 309 188 398 795 75 527 254 241 601 421 604 602 
30 425
425 534
534 764
764 69
69 356
356 790
790 755
755 449
449 308
308 390
390 461
461 36
36 439
439 87
87 342
342 476
476 236
236 380
380 417
417 575
575 282
282 11
11 188
188 309
309 527
527 254
254 398
398 421
421 241
241 795
795 602
602 601
601 604
604 75
321 742 727 394 359 
359 321
321 742
742 727
727 394
108 
743 761 345 276 279 352 250 
743 761
761 279
279 345
345 352
352 276
276 250
502 523 606 343 553 773 587 
773 587
587 553
553 343
343 523
523 502
502 606
794 221 440 699 703 605 222 64 548 646 3 798 551 750 556 555 585 261 469 778 365 112 632 661 326 269 674 338 74 319 486 18 123 270 190 535 
486 319
319 270
270 112
112 18
18 326
326 123
123 365
365 661
661 3
3 703
703 555
555 556
556 269
269 794
794 469
469 261
261 221
221 585
585 548
548 440
440 646
646 699
699 674
674 750
750 605
605 64
64 338
338 798
798 222
222 551
551 632
632 190
190 535
535 778
778 74
759 350 348 227 128 492 219 776 44 223 445 430 740 17 386 340 388 777 668 344 161 
388 386
386 445
445 340
340 759
759 350
350 348
348 227
227 430
430 492
492 128
128 740
740 219
219 17
17 776
776 44
44 223
223 777
777 668
668 161
161 344
456 508 151 337 667 645 642 420 
645 642
642 667
667 151
151 456
456 420
420 508
508 337
565 259 415 723 211 797 506 735 333 624 709 738 375 
565 259
259 211
211 415
415 797
797 723
723 506
506 333
333 624
624 709
709 735
735 738
738 375
451 431 21 53 314 649 593 453 683 257 470 401 762 675 463 133 152 7 35 2 171 731 96 316 238 610 62 784 156 687 422 679 81 507 707 
731 171
171 7
7 152
152 2
2 35
35 675
675 401
401 470
470 463
463 257
257 762
762 453
453 451
451 133
133 683
683 431
431 593
593 21
21 62
62 784
784 649
649 314
314 96
96 53
53 238
238 610
610 316
316 687
687 156
156 422
422 679
679 81
81 507
507 707
681 531 444 13 536 158 
681 531
531 444
444 158
158 536
536 13
793 93 95 347 19 
95 347
347 93
93 19
19 793
197 6 20 688 779 438 474 510 329 232 441 520 791 110 251 51 217 532 729 724 178 716 437 614 630 298 124 43 571 130 364 89 564 187 618 262 648 525 680 435 670 355 410 290 608 665 147 479 772 663 741 566 281 447 233 303 549 418 138 728 94 367 299 27 
299 94
94 367
367 728
728 418
418 549
549 479
479 303
303 608
608 138
138 772
772 233
233 741
741 663
663 290
290 147
147 447
447 665
665 566
566 281
281 410
410 355
355 564
564 618
618 262
262 130
130 187
187 364
364 670
670 89
89 571
571 648
648 680
680 435
435 43
43 525
525 6
6 474
474 438
438 251
251 197
197 110
110 329
329 791
791 688
688 20
20 124
124 779
779 520
520 510
510 437
437 441
441 630
630 614
614 27
27 51
51 232
232 217
217 298
298 532
532 724
724 716
716 178
178 729
235 4 229 572 193 189 118 434 544 63 789 783 658 358 660 
4 235
235 229
229 572
572 193
193 118
118 189
189 434
434 544
544 63
63 789
789 783
783 658
658 358
358 660
584 135 91 203 392 39 131 501 182 297 
392 39
39 203
203 91
91 131
131 584
584 182
182 297
297 501
501 135
497 448 
497 448
746 
752 620 37 504 524 61 612 732 557 563 34 
752 37
37 504
504 620
620 524
524 61
61 612
612 732
732 557
557 563
563 34
208 766 495 174 42 120 722 652 
208 766
766 495
495 174
174 42
42 120
120 652
652 722
58 
284 14 247 
247 284
284 14
376 249 307 73 598 153 462 412 
307 376
376 598
598 249
249 153
153 412
412 73
73 462
103 450 224 
450 224
224 103
485 603 29 244 433 76 127 763 107 403 656 393 498 59 72 341 100 16 647 172 41 258 240 529 419 198 705 515 754 592 574 550 177 180 353 22 154 311 255 694 8 499 519 45 787 576 775 666 50 397 68 305 129 
576 775
775 787
787 45
45 41
41 515
515 172
172 498
498 574
574 705
705 50
50 393
393 76
76 198
198 341
341 592
592 127
127 656
656 666
666 754
754 59
59 419
419 244
244 550
550 72
72 603
603 433
433 180
180 485
485 353
353 177
177 22
22 29
29 763
763 154
154 311
311 397
397 255
255 305
305 129
129 529
529 107
107 68
68 694
694 8
8 499
499 100
100 519
519 16
16 403
403 240
240 647
647 258
733 32 287 373 313 697 267 385 141 634 413 713 92 596 650 126 391 242 512 
126 650
650 391
391 242
242 512
512 267
267 697
697 634
634 385
385 141
141 287
287 313
313 32
32 733
733 373
373 413
413 713
713 92
92 596
651 228 539 
539 228
228 651
514 696 428 583 140 97 24 785 351 546 163 31 139 201 137 577 363 424 117 466 
696 514
514 363
363 424
424 117
117 139
139 201
201 428
428 137
137 577
577 583
583 546
546 31
31 140
140 163
163 466
466 351
351 97
97 785
785 24
46 146 70 590 212 516 771 280 286 200 304 611 613 60 
60 611
611 304
304 613
613 200
200 286
286 280
280 771
771 516
516 212
212 590
590 46
46 146
146 70
71 327 271 454 
271 327
327 71
71 454
581 113 436 230 384 739 719 181 115 339 132 
739 115
115 384
384 230
230 436
436 581
581 113
113 181
181 719
719 132
132 339
315 322 626 346 599 541 659 483 25 595 378 396 753 360 368 725 468 671 289 607 168 335 143 33 285 90 542 317 213 354 
378 360
360 595
595 396
396 753
753 541
541 659
659 599
599 25
25 483
483 315
315 368
368 468
468 725
725 626
626 322
322 671
671 346
346 317
317 289
289 168
168 335
335 607
607 285
285 143
143 33
33 90
90 542
542 213
213 354
491 635 312 540 
540 312
312 635
635 491
400 641 28 638 489 300 669 173 629 655 78 381 426 678 623 310 324 560 164 
173 629
629 400
400 641
641 623
623 655
655 28
28 489
489 638
638 300
300 669
669 78
78 560
560 426
426 381
381 310
310 324
324 678
678 164
231 116 757 215 423 625 774 1 496 654 690 547 
625 757
757 116
116 496
496 231
231 215
215 690
690 423
423 654
654 547
547 774
774 1
239 734 
239 734
744 493 408 389 214 301 196 533 711 
493 744
744 408
408 389
389 533
533 214
214 196
196 301
301 711
554 792 465 218 721 
554 792
792 465
465 218
218 721
361 328 487 199 195 657 204 
195 361
361 657
657 328
328 487
487 199
199 204
467 57 336 597 730 104 264 455 266 664 726 672 114 561 402 85 689 464 9 125 275 518 293 481 737 166 387 443 220 150 170 191 616 471 26 617 458 404 619 615 268 695 
471 9
9 619
619 464
464 404
404 458
458 125
125 689
689 85
85 402
402 114
114 617
617 561
561 672
672 275
275 726
726 664
664 266
266 336
336 597
597 57
57 467
467 730
730 104
104 264
264 455
455 518
518 481
481 293
293 737
737 150
150 166
166 387
387 443
443 170
170 220
220 191
191 616
616 695
695 268
268 615
615 26
