!
459 752 153 3 580 663 339 166 
339 166
166 663
663 752
752 459
459 580
580 3
3 153
251 239 643 317 230 203 106 452 
317 643
643 251
251 239
239 203
203 230
230 106
106 452
69 679 577 177 494 593 4 161 439 
439 161
161 593
593 494
494 4
4 177
177 69
69 577
577 679
406 266 564 159 630 368 330 734 372 620 
266 406
406 564
564 159
159 372
372 630
630 330
330 734
734 368
368 620
531 
420 571 
571 420
62 632 56 370 199 393 381 170 428 444 761 
761 444
444 56
56 199
199 428
428 370
370 632
632 170
170 381
381 393
393 62
635 451 28 74 223 129 733 678 358 658 
658 358
358 678
678 733
733 129
129 451
451 635
635 74
74 28
28 223
610 2 
610 2
496 14 39 547 664 559 103 
39 14
14 664
664 559
559 547
547 103
103 496
334 351 101 257 
351 334
334 101
101 257
599 594 591 
591 594
594 599
18 379 660 
18 379
379 660
259 240 629 
259 629
629 240
797 314 
797 314
636 346 
636 346
769 158 639 
639 158
158 769
440 716 384 348 97 655 
716 384
384 655
655 348
348 440
440 97
390 326 212 6 480 
480 326
326 390
390 212
212 6
641 
515 
385 364 799 
385 364
364 799
0 322 211 139 274 500 
274 139
139 500
500 322
322 211
211 0
300 587 265 
587 300
300 265
178 320 710 424 471 489 456 606 487 681 529 186 692 
710 320
320 487
487 606
606 424
424 471
471 489
489 681
681 178
178 456
456 529
529 692
692 186
715 740 41 
715 740
740 41
11 245 786 33 52 611 
11 245
245 786
786 33
33 52
52 611
7 280 504 307 
280 307
307 504
504 7
445 338 685 53 105 
105 53
53 685
685 338
338 445
654 
609 492 677 174 
174 677
677 492
492 609
545 374 201 313 770 467 794 283 262 165 131 111 780 270 694 318 20 506 58 
58 506
506 20
20 694
694 318
318 270
270 131
131 111
111 165
165 262
262 780
780 313
313 545
545 201
201 770
770 283
283 467
467 794
794 374
236 507 142 590 110 216 
142 590
590 507
507 110
110 236
236 216
793 312 9 
793 312
312 9
305 541 224 133 
305 541
541 224
224 133
714 
493 60 311 
493 60
60 311
301 
648 102 
102 648
730 267 464 206 781 193 413 376 784 189 481 432 27 460 693 435 502 755 568 157 30 232 
206 781
781 432
432 267
267 193
193 730
730 464
464 189
189 413
413 376
376 784
784 481
481 27
27 568
568 460
460 693
693 502
502 435
435 755
755 157
157 232
232 30
246 662 
246 662
46 43 
46 43
391 544 472 
391 544
544 472
19 708 228 416 
19 416
416 708
708 228
293 
220 745 707 429 
745 220
220 707
707 429
253 526 411 690 21 356 567 122 258 509 175 
690 411
411 526
526 253
253 21
21 356
356 567
567 509
509 175
175 122
122 258
397 491 
397 491
785 
431 24 227 
431 24
24 227
527 208 798 728 156 701 
701 156
156 728
728 527
527 208
208 798
427 731 407 171 
731 427
427 407
407 171
542 298 315 
315 298
298 542
32 349 210 462 
32 462
462 349
349 210
771 81 554 533 209 570 422 276 532 
209 276
276 554
554 533
533 422
422 771
771 81
81 532
532 570
168 713 
713 168
99 750 465 130 742 254 194 
742 194
194 254
254 465
465 750
750 130
130 99
49 396 76 503 215 
503 49
49 396
396 76
76 215
388 365 243 767 583 42 
42 767
767 583
583 243
243 388
388 365
22 596 779 73 
73 779
779 596
596 22
340 70 495 271 543 16 724 469 627 292 
340 543
543 271
271 70
70 495
495 292
292 16
16 724
724 469
469 627
562 
38 173 
173 38
689 5 135 89 366 
689 5
5 89
89 135
135 366
404 120 329 674 548 
548 674
674 404
404 120
120 329
282 453 357 
282 453
453 357
477 
145 508 670 
145 508
508 670
540 126 528 
528 126
126 540
642 517 294 295 795 242 557 661 115 321 483 450 181 691 361 485 510 555 100 711 12 87 
181 450
450 483
483 321
321 115
115 361
361 661
661 691
691 485
485 557
557 242
242 795
795 295
295 510
510 555
555 12
12 517
517 100
100 642
642 711
711 294
294 87
441 574 47 17 51 
51 17
17 47
47 441
441 574
762 77 
77 762
773 512 736 520 119 425 362 588 382 152 
382 588
588 152
152 362
362 520
520 736
736 512
512 773
773 119
119 425
85 458 437 438 775 31 383 323 92 71 696 180 657 
657 180
180 696
696 71
71 92
92 438
438 775
775 437
437 458
458 323
323 85
85 383
383 31
205 29 
205 29
675 
341 
628 269 717 
717 628
628 269
213 281 248 
248 281
281 213
787 410 1 651 249 
651 1
1 249
249 410
410 787
297 720 
297 720
137 749 93 
137 749
749 93
395 369 617 697 287 190 
395 369
369 617
617 697
697 287
287 190
597 387 744 65 600 549 446 646 121 
121 387
387 597
597 646
646 65
65 744
744 600
600 446
446 549
592 44 561 331 229 132 
561 592
592 44
44 331
331 229
229 132
328 
558 665 117 192 791 790 116 67 
67 116
116 192
192 790
790 791
791 558
558 665
665 117
584 575 
575 584
104 
705 
765 57 
57 765
490 37 684 518 191 676 
676 191
191 490
490 37
37 518
518 684
221 363 337 
337 363
363 221
63 
649 
638 436 
436 638
754 
309 
219 238 582 608 359 302 
219 238
238 302
302 359
359 582
582 608
722 521 552 473 625 354 443 289 637 709 589 
354 589
589 625
625 709
709 473
473 521
521 722
722 552
552 443
443 289
289 637
278 112 519 35 634 45 
35 519
519 112
112 278
278 634
634 45
377 
299 55 447 154 735 290 569 303 698 457 
154 299
299 55
55 447
447 457
457 290
290 735
735 303
303 569
569 698
623 412 225 143 721 539 604 426 586 578 553 
553 578
578 586
586 426
426 412
412 604
604 143
143 623
623 539
539 225
225 721
144 66 
144 66
768 614 
614 768
758 392 
392 758
514 
134 466 
466 134
244 753 454 
454 753
753 244
332 
530 222 59 401 138 296 572 686 484 656 788 8 123 463 
123 463
463 8
8 788
788 656
656 484
484 686
686 572
572 296
296 138
138 222
222 530
530 59
59 401
264 
197 498 
197 498
688 333 352 261 417 114 196 68 403 75 82 
196 114
114 75
75 417
417 82
82 688
688 352
352 333
333 261
261 68
68 403
746 536 
746 536
516 
252 748 202 550 585 
748 252
252 202
202 550
550 585
419 136 185 64 455 763 653 127 350 501 400 537 107 327 336 343 421 706 751 442 386 
336 343
343 763
763 327
327 455
455 64
64 421
421 107
107 185
185 537
537 419
419 400
400 136
136 653
653 127
127 501
501 350
350 706
706 751
751 442
442 386
272 764 430 645 367 319 626 183 284 667 247 
247 667
667 430
430 626
626 319
319 367
367 764
764 272
272 645
645 183
183 284
54 683 
683 54
776 434 
434 776
486 263 371 556 
556 486
486 263
263 371
50 
631 
448 268 633 650 668 747 725 699 605 98 522 700 88 743 478 607 155 729 380 169 
169 380
380 729
729 155
155 743
743 88
88 478
478 98
98 607
607 522
522 700
700 605
605 699
699 725
725 268
268 747
747 448
448 633
633 650
650 668
576 118 622 277 
277 576
576 118
118 622
25 612 727 151 324 15 680 
612 25
25 727
727 151
151 324
324 15
15 680
666 
409 551 
409 551
513 182 83 195 647 306 113 
647 306
306 83
83 113
113 182
182 195
195 513
286 291 308 644 
308 286
286 291
291 644
581 285 414 598 
285 581
581 598
598 414
90 616 172 659 
659 90
90 616
616 172
179 250 470 
470 250
250 179
378 511 671 
671 511
511 378
91 235 275 373 
373 91
91 235
235 275
602 525 535 398 615 
525 535
535 602
602 615
615 398
563 482 672 
672 482
482 563
702 147 164 433 687 505 
505 687
687 433
433 164
164 147
147 702
488 
772 
78 80 
80 78
10 741 237 108 
237 741
741 10
10 108
184 149 34 760 255 167 
167 184
184 760
760 149
149 34
34 255
402 774 766 719 26 187 468 
774 766
766 468
468 187
187 719
719 26
26 402
538 86 
538 86
573 640 214 288 
288 573
573 640
640 214
200 176 523 148 
523 176
176 200
200 148
335 125 394 345 226 389 96 
389 96
96 226
226 394
394 125
125 335
335 345
695 
757 72 160 449 
449 160
160 757
757 72
777 
233 796 150 
150 233
233 796
13 146 
146 13
789 759 95 162 36 79 
79 759
759 162
162 36
36 789
789 95
128 595 124 778 756 
128 595
595 124
124 778
778 756
673 316 360 783 723 476 
476 783
783 360
360 316
316 673
673 723
260 256 726 
726 260
260 256
704 218 613 48 474 
48 613
613 474
474 218
218 704
40 566 418 
40 566
566 418
497 479 
497 479
198 234 
234 198
475 279 739 355 207 621 84 231 310 
207 621
621 355
355 84
84 231
231 739
739 475
475 279
279 310
718 188 273 
188 718
718 273
109 579 534 792 375 241 624 
241 624
624 375
375 792
792 534
534 579
579 109
738 
342 
565 94 732 399 
565 399
399 94
94 732
603 353 461 61 141 652 682 
141 61
61 652
652 461
461 353
353 603
603 682
204 347 304 423 
204 347
347 304
304 423
344 217 
217 344
415 618 712 499 
415 618
618 499
499 712
737 
140 405 408 524 546 560 703 
703 560
560 546
546 524
524 140
140 405
405 408
163 23 325 601 669 619 782 
782 601
601 669
669 325
325 23
23 163
163 619
