!
781 680 44 92 534 790 520 615 402 177 203 388 719 399 102 459 72 234 754 190 479 522 528 489 575 
781 680
680 44
44 92
92 177
177 534
534 203
203 790
790 520
520 615
615 402
402 72
72 102
102 388
388 234
234 719
719 399
399 459
459 754
754 190
190 479
479 489
489 522
522 528
528 575
574 569 691 798 208 796 143 195 409 537 109 711 681 705 129 330 485 519 502 799 700 306 771 358 623 467 740 370 768 776 132 385 445 386 286 484 348 178 627 351 553 564 303 
799 700
700 502
502 306
306 519
519 776
776 330
330 627
627 132
132 768
768 385
385 178
178 537
537 711
711 445
445 109
109 409
409 129
129 370
370 681
681 195
195 386
386 286
286 143
143 484
484 358
358 705
705 623
623 796
796 569
569 467
467 348
348 564
564 771
771 574
574 351
351 303
303 740
740 208
208 691
691 485
485 553
553 798
785 310 123 438 383 640 284 349 200 530 406 363 15 141 780 230 152 735 694 46 145 511 415 180 337 151 422 698 507 570 497 630 566 341 114 131 769 652 505 244 199 
284 640
640 349
349 383
383 438
438 123
123 310
310 735
735 785
785 152
152 230
230 363
363 406
406 530
530 780
780 200
200 15
15 141
141 694
694 422
422 46
46 151
151 145
145 698
698 511
511 415
415 180
180 341
341 507
507 566
566 114
114 570
570 337
337 497
497 131
131 769
769 630
630 652
652 505
505 244
244 199
293 168 149 118 146 487 122 589 83 421 
149 293
293 118
118 168
168 146
146 122
122 487
487 589
589 83
83 421
326 617 599 538 299 305 112 204 662 650 74 515 713 503 633 97 559 730 215 486 664 764 
515 74
74 650
650 713
713 662
662 204
204 97
97 299
299 633
633 538
538 305
305 503
503 112
112 559
559 617
617 326
326 599
599 215
215 730
730 486
486 664
664 764
674 228 548 527 110 412 653 736 253 774 
228 674
674 548
548 527
527 110
110 774
774 412
412 653
653 736
736 253
77 577 187 701 242 663 302 
302 663
663 242
242 701
701 187
187 77
77 577
727 541 
541 727
14 404 104 549 748 37 710 659 216 254 43 31 259 108 331 107 64 224 679 555 252 101 747 
747 101
101 252
252 555
555 37
37 748
748 107
107 331
331 549
549 64
64 108
108 679
679 14
14 259
259 710
710 224
224 104
104 31
31 404
404 43
43 659
659 216
216 254
328 157 717 379 191 7 280 377 440 419 684 656 635 
440 377
377 280
280 635
635 419
419 656
656 684
684 717
717 157
157 191
191 328
328 379
379 7
76 58 5 762 300 702 166 693 106 246 750 283 637 384 233 258 221 380 660 278 418 683 316 160 726 89 437 214 665 535 746 442 68 470 407 227 26 685 182 552 301 560 540 188 751 210 463 436 79 
210 660
660 278
278 188
188 58
58 540
540 76
76 637
637 751
751 283
283 5
5 227
227 560
560 407
407 750
750 384
384 470
470 246
246 301
301 685
685 233
233 762
762 68
68 166
166 26
26 258
258 106
106 746
746 702
702 300
300 182
182 442
442 535
535 437
437 89
89 693
693 418
418 221
221 683
683 726
726 160
160 665
665 316
316 79
79 214
214 380
380 463
463 552
552 436
196 0 480 621 426 294 119 597 525 90 567 137 323 613 411 22 410 728 699 595 772 457 20 314 33 634 343 
457 323
323 772
772 137
137 314
314 613
613 33
33 567
567 595
595 699
699 20
20 90
90 634
634 294
294 597
597 728
728 119
119 426
426 621
621 343
343 480
480 196
196 411
411 0
0 525
525 410
410 22
529 241 201 563 749 271 209 706 56 277 703 263 23 198 376 562 452 186 526 
198 376
376 562
562 23
23 526
526 201
201 263
263 241
241 703
703 529
529 56
56 563
563 186
186 749
749 452
452 271
271 209
209 277
277 706
667 18 9 468 424 451 391 573 63 476 125 620 477 142 162 756 94 181 39 308 729 281 153 744 709 666 261 592 692 269 13 80 619 493 87 60 435 290 66 788 116 647 327 223 712 648 737 389 291 274 433 431 688 791 189 587 59 427 598 581 335 312 
335 598
598 476
476 581
581 619
619 63
63 424
424 80
80 468
468 269
269 13
13 433
433 327
327 391
391 573
573 312
312 274
274 18
18 9
9 493
493 451
451 66
66 667
667 290
290 87
87 435
435 788
788 60
60 125
125 116
116 223
223 389
389 712
712 620
620 142
142 647
647 648
648 477
477 737
737 291
291 692
692 162
162 688
688 281
281 431
431 756
756 592
592 587
587 153
153 791
791 189
189 666
666 709
709 94
94 308
308 744
744 261
261 59
59 39
39 181
181 427
427 729
307 602 618 346 350 611 54 792 396 753 580 320 536 171 716 651 183 88 655 339 585 450 466 266 163 256 676 461 673 140 255 73 657 29 211 725 558 766 631 718 159 
631 766
766 718
718 159
159 558
558 725
725 211
211 29
29 657
657 140
140 461
461 673
673 255
255 676
676 73
73 256
256 163
163 266
266 580
580 753
753 396
396 320
320 655
655 585
585 792
792 611
611 171
171 339
339 536
536 88
88 54
54 307
307 716
716 450
450 651
651 618
618 466
466 602
602 183
183 346
346 350
105 260 513 434 240 315 359 654 773 490 319 296 50 356 578 478 173 297 
578 478
478 356
356 50
50 173
173 297
297 296
296 434
434 319
319 490
490 105
105 260
260 773
773 240
240 513
513 315
315 359
359 654
761 192 742 262 607 516 67 372 185 576 501 628 69 784 593 639 601 81 355 317 165 329 100 465 311 504 222 458 408 371 42 765 41 86 770 554 704 643 464 184 582 298 454 483 760 414 373 428 366 690 334 194 147 638 588 367 430 154 344 2 
516 607
607 192
192 742
742 262
262 761
761 67
67 576
576 185
185 372
372 501
501 628
628 69
69 784
784 329
329 639
639 593
593 165
165 100
100 601
601 465
465 317
317 81
81 355
355 311
311 504
504 222
222 42
42 458
458 371
371 408
408 765
765 86
86 41
41 770
770 554
554 690
690 704
704 366
366 582
582 643
643 184
184 464
464 2
2 334
334 588
588 194
194 344
344 298
298 454
454 430
430 154
154 147
147 638
638 760
760 483
483 367
367 414
414 373
373 428
596 417 47 532 622 217 473 285 169 136 604 99 6 671 236 488 272 517 758 462 111 130 708 449 
449 708
708 130
130 111
111 462
462 758
758 517
517 272
272 6
6 488
488 604
604 99
99 236
236 671
671 622
622 217
217 473
473 532
532 596
596 417
417 47
47 285
285 169
169 136
475 71 572 126 425 722 161 387 508 518 455 11 176 237 743 267 65 378 395 
126 475
475 71
71 572
572 425
425 722
722 161
161 387
387 508
508 237
237 176
176 11
11 518
518 455
455 378
378 743
743 267
267 65
65 395
10 439 542 789 212 17 57 156 471 533 98 321 138 779 225 34 757 
779 138
138 439
439 321
321 10
10 98
98 533
533 156
156 471
471 57
57 789
789 542
542 212
212 225
225 757
757 34
34 17
364 113 139 207 510 448 531 172 492 446 342 170 134 117 292 453 568 506 472 103 361 
453 292
292 134
134 103
103 361
361 170
170 117
117 568
568 492
492 342
342 448
448 531
531 446
446 172
172 506
506 472
472 207
207 510
510 139
139 113
113 364
583 248 250 324 649 616 707 546 127 133 179 783 416 678 793 82 21 273 632 390 345 91 739 398 429 608 336 368 521 786 509 626 393 456 36 148 444 500 19 586 614 144 612 405 496 474 524 460 696 642 52 369 394 661 325 514 247 206 167 797 287 121 8 733 697 
786 509
509 614
614 521
521 368
368 612
612 405
405 496
496 336
336 144
144 345
345 474
474 398
398 586
586 739
739 390
390 429
429 19
19 444
444 148
148 626
626 393
393 36
36 91
91 608
608 456
456 500
500 583
583 248
248 250
250 369
369 524
524 52
52 707
707 324
324 642
642 696
696 460
460 616
616 678
678 127
127 649
649 546
546 416
416 179
179 783
783 133
133 661
661 325
325 793
793 394
394 82
82 21
21 632
632 697
697 273
273 514
514 247
247 206
206 167
167 797
797 287
287 121
121 8
8 733
624 498 675 539 447 213 218 251 594 205 16 755 78 561 265 420 53 584 35 193 12 338 4 441 512 738 677 381 1 197 432 257 333 645 686 175 289 752 610 84 128 220 723 495 164 557 629 689 55 778 158 24 28 731 636 670 120 481 282 469 625 62 354 357 714 423 609 499 174 556 547 238 646 571 669 523 362 
731 636
636 481
481 28
28 220
220 128
128 420
420 670
670 265
265 120
120 282
282 561
561 84
84 24
24 469
469 205
205 78
78 594
594 755
755 610
610 175
175 723
723 251
251 289
289 752
752 62
62 689
689 625
625 218
218 495
495 55
55 778
778 213
213 158
158 164
164 432
432 629
629 675
675 624
624 714
714 354
354 16
16 447
447 686
686 557
557 498
498 539
539 357
357 645
645 53
53 333
333 584
584 423
423 512
512 35
35 499
499 556
556 609
609 174
174 193
193 12
12 441
441 338
338 738
738 4
4 547
547 238
238 571
571 646
646 1
1 669
669 381
381 677
677 523
523 362
362 197
197 257
795 763 544 51 658 579 295 782 353 767 322 95 270 235 48 332 590 644 565 96 93 491 392 239 715 85 600 229 641 150 413 482 279 759 135 49 605 732 360 155 
482 491
491 759
759 279
279 93
93 782
782 49
49 795
795 155
155 135
135 360
360 763
763 270
270 235
235 590
590 332
332 544
544 732
732 48
48 322
322 95
95 658
658 605
605 51
51 392
392 767
767 353
353 579
579 644
644 295
295 96
96 565
565 85
85 715
715 150
150 600
600 239
239 229
229 641
641 413
403 603 443 3 543 672 219 545 682 724 75 232 794 687 668 268 375 347 591 249 606 27 276 70 787 304 288 61 226 32 494 741 382 45 775 40 374 745 309 340 551 734 720 397 25 365 401 275 243 352 264 124 30 777 721 318 695 231 245 38 400 550 313 202 115 
603 3
3 543
543 443
443 403
403 672
672 219
219 347
347 75
75 545
545 232
232 794
794 591
591 687
687 375
375 668
668 249
249 268
268 682
682 724
724 606
606 70
70 27
27 276
276 787
787 304
304 288
288 550
550 309
309 745
745 374
374 340
340 61
61 226
226 38
38 400
400 32
32 382
382 494
494 741
741 45
45 775
775 40
40 245
245 551
551 734
734 720
720 397
397 231
231 25
25 243
243 352
352 695
695 115
115 365
365 275
275 202
202 264
264 777
777 401
401 124
124 318
318 30
30 721
721 313
