!
1 40 257 316
316 1
1 257
257 40
424 591
591 424
757 777 785 8 125 171 175 282
785 757
757 777
777 282
282 125
125 8
8 175
175 171
297 415 795 58
297 795
795 415
415 58
169 173 189 441 500 691 794 66 75 94 96
94 75
75 66
66 96
96 500
500 169
169 794
794 441
441 691
691 173
173 189
179
342 389 100
100 389
389 342
209 243 357
357 209
209 243
405 632 797 12 81 99 113 317 541 787 4 88 120 504 537 639 721
405 797
797 632
632 721
721 537
537 4
4 504
504 88
88 120
120 639
639 113
113 541
541 99
99 317
317 787
787 12
12 81
27 36 46 326 455 655
326 27
27 46
46 36
36 455
455 655
722 45 68 211 293 512
722 211
211 45
45 512
512 68
68 293
586
601 91 256 260 513
260 513
513 256
256 91
91 601
731 767 160 163 255
160 255
255 163
163 767
767 731
370
488 550
550 488
319 414 618 667 692
618 667
667 414
414 319
319 692
766 92 108 391 599 602 720 109 132 140 227 377 590 33 84
720 599
599 391
391 92
92 108
108 602
602 132
132 109
109 590
590 140
140 227
227 377
377 766
766 84
84 33
183 247 286
286 183
183 247
681 384 442 533 696 742 779 54
54 384
384 696
696 779
779 442
442 742
742 533
533 681
521
608 649 744 778
649 778
778 608
608 744
112
329
626 646 706 782 15 410 437
646 782
782 626
626 706
706 410
410 15
15 437
458 606 735
606 735
735 458
2 613 648 665
665 2
2 613
613 648
718 732 217 305 339 495
217 339
339 495
495 305
305 732
732 718
538 647 223 270 315 365 510 788 13
13 647
647 223
223 270
270 315
315 510
510 538
538 788
788 365
139
446
507 522
507 522
724 5 412 484 540 623
724 540
540 5
5 412
412 484
484 623
666 235 309 374 593 698 760 167 182 322
309 760
760 374
374 235
235 698
698 593
593 666
666 322
322 182
182 167
416 524 645 39 186 198 273 753
198 273
273 39
39 753
753 186
186 416
416 645
645 524
295 489 518 547 791 583 594
583 594
594 295
295 791
791 489
489 518
518 547
615 749 771 157 190 407 492 560 249 418 474
492 560
560 749
749 407
407 157
157 615
615 190
190 771
771 474
474 418
418 249
572 780 16 471 523 551 734
734 16
16 471
471 551
551 523
523 780
780 572
0 154 158 426 502 230 300
426 154
154 502
502 158
158 0
0 300
300 230
361 430 493 341 406 563 625
341 563
563 625
625 406
406 430
430 493
493 361
654 248 254
654 248
248 254
345 434 553
434 553
553 345
425 496
496 425
584
733 755 30 126 234 428
755 733
733 428
428 126
126 30
30 234
657 59 123 327 506 759 210 246 298 313
506 123
123 327
327 759
759 59
59 210
210 298
298 246
246 313
313 657
658 136 152 250 265 386 212
658 212
212 152
152 386
386 250
250 136
136 265
379 497 571 662
662 571
571 379
379 497
174
294 700 776 798 307
307 798
798 776
776 700
700 294
356 395
395 356
684 796 292
796 684
684 292
325
328 565 673 93 201 371 372 388 237
328 673
673 565
565 237
237 201
201 388
388 371
371 372
372 93
403 703 712
403 712
712 703
773 203
203 773
288 338 578
338 288
288 578
784 110 214 515
784 214
214 515
515 110
605 769 69
605 769
769 69
148
194 216 394 17 28 117 463 582 19 207
394 194
194 216
216 582
582 17
17 19
19 463
463 28
28 207
207 117
568
585 752 124 531
585 124
124 752
752 531
603 607
603 607
644 114 470 617 627 738 41 51
41 51
51 470
470 617
617 114
114 627
627 738
738 644
164 530 636 259 275 368 450
450 275
275 259
259 368
368 530
530 164
164 636
736 187 359 498
736 498
498 359
359 187
682
714
262 268 630 664
664 630
630 262
262 268
789 62
62 789
421 443 557 677
557 443
443 421
421 677
24 218 236 323
236 218
218 24
24 323
478 71
478 71
241 520 693 713
520 693
693 241
241 713
53
70 527
527 70
624 683 86 381
683 624
624 381
381 86
444 465 611 299 431 552
299 431
431 465
465 611
611 444
444 552
575 159
159 575
301 312 675 87
312 675
675 301
301 87
196 579
579 196
790 121 331
121 331
331 790
387 562
387 562
564 680
680 564
687 702 21 330 382 725 233 344 353
382 702
702 725
725 687
687 330
330 21
21 353
353 233
233 344
519 149
519 149
168 633 728 172 184
172 184
184 633
633 168
168 728
221 619
221 619
146 269
146 269
423 573 358 453 587 628
423 573
573 587
587 453
453 628
628 358
129 231 264 514
231 514
514 264
264 129
180 308 445 567 61 151 302 719 267 360
267 360
360 567
567 180
180 445
445 308
308 61
61 302
302 719
719 151
419
539
220 448
448 220
485
710
324
554 643
554 643
668 115
115 668
226 440 708
708 226
226 440
162
482 517 561 102
517 561
561 482
482 102
144
145
707
6 413 739 781
6 781
781 413
413 739
101 105 176
176 105
105 101
509
80 208 215 740
208 80
80 215
215 740
127 178 333 600
333 178
178 600
600 127
78 511 638 661
638 511
511 661
661 78
14 577 688 705 47 64 271 503
47 271
271 64
64 503
503 688
688 14
14 577
577 705
44
291 746
291 746
762 95 193 566 621 10
10 193
193 566
566 621
621 762
762 95
311
383
671
25 142
142 25
516 764 366 401 526
764 516
516 526
526 401
401 366
574 202
202 574
279 393 467 43
279 467
467 393
393 43
466 620 786 261
261 466
466 620
620 786
454 631 748 48 402
402 48
48 631
631 748
748 454
546 610
610 546
50 106
50 106
156 228 98 335 695 793
228 156
156 335
335 695
695 98
98 793
244 277 427
427 244
244 277
669 487 672 727
487 727
727 672
672 669
799 32 85 137 761
799 85
85 761
761 32
32 137
34
63 119 545 26 104 378 461 60 276 469 589 314 337 457 774
26 104
104 378
378 461
461 469
469 276
276 589
589 60
60 314
314 457
457 774
774 337
337 63
63 119
119 545
468
576 704 763 31
576 704
704 763
763 31
349 390 400 134 258 580
258 134
134 580
580 349
349 400
400 390
660 22
22 660
122 161 653 74 150 224 318 90 501 616 82
122 161
161 82
82 653
653 224
224 150
150 318
318 74
74 90
90 616
616 501
303 543 191 385
303 543
543 385
385 191
652 280 417 433
417 433
433 280
280 652
11
147 604 89
89 604
604 147
476 750 439 549 697 141
697 549
549 439
439 476
476 750
750 141
420 525 155
155 420
420 525
397 481 199 528 745 128 238
199 528
528 745
745 397
397 481
481 128
128 238
656 116
116 656
177 596 133
596 177
177 133
343 598
598 343
7
38 595 239 281
281 239
239 38
38 595
558 165
558 165
348 542
348 542
37 399
37 399
634 138 464 494 192 204 659 336 369 472
634 464
464 138
138 494
494 659
659 204
204 192
192 472
472 369
369 336
29 219 306 404 555 685
219 29
29 306
306 685
685 555
555 404
72 213
213 72
499 49 346
49 346
346 499
741 436 480
741 480
480 436
730 42 592 716 505
716 592
592 42
42 730
730 505
544 723 97 206
723 544
544 97
97 206
475 135 188 242
135 242
242 188
188 475
77
252 347 229 663 754
754 663
663 229
229 252
252 347
131 456 726
131 456
456 726
57 143 166
57 166
166 143
205 304
304 205
380 263
380 263
556 614 153 536 729 76 392 676 278
278 536
536 729
729 153
153 676
676 614
614 76
76 556
556 392
398
459 622 642 679 373
459 622
622 373
373 679
679 642
486 747
747 486
79 429 637
637 79
79 429
674
690 711 334
711 690
690 334
641
670
55 107
107 55
363 285 438 751 65 479 770
285 751
751 438
438 479
479 65
65 770
770 363
9 451 529 245 321 588 548 569 635 197 283
321 245
245 588
588 635
635 569
569 548
548 9
9 529
529 451
451 283
283 197
640
56
483 775 332 411 743 376 462 609
775 483
483 462
462 376
376 411
411 609
609 743
743 332
296 491 765 253 367 449
367 253
253 449
449 296
296 765
765 491
287 396 694
694 287
287 396
351
362
758
232 355 477
232 355
355 477
83
181 350 289 310
181 350
350 310
310 289
490
768 272
768 272
581
408 709 73
73 408
408 709
701 225
225 701
354 67 597 18
18 354
354 67
67 597
756 35
35 756
629 130
130 629
251 447 792
251 792
792 447
284 612 185
185 284
284 612
240
103 737 570
570 737
737 103
715 290 559 170 783 111 460 364 422 352 535 52 678 3
715 364
364 422
422 460
460 111
111 535
535 3
3 352
352 783
783 559
559 170
170 290
290 52
52 678
274
473 532 20 432 452 699 650 686 195 409
452 699
699 650
650 686
686 532
532 473
473 409
409 195
195 432
432 20
118
508 375
375 508
772 200 222 340 651 717 534 689 266 435
717 435
435 689
689 772
772 651
651 340
340 534
534 222
222 200
200 266
23 320
23 320
