!
136 257 295 354 358 413 704 706 735 758 28 145 216 242 256
145 256
256 216
216 28
28 242
242 354
354 704
704 413
413 358
358 257
257 295
295 706
706 735
735 136
136 758
262 507 509 579 728 12 80 186
507 262
262 728
728 509
509 579
579 186
186 12
12 80
294
372 476 487 518 714 784 32 92 226 310 423
784 487
487 518
518 714
714 310
310 372
372 32
32 226
226 423
423 476
476 92
647 673 738 754 187 370 387 397 399 402
397 402
402 187
187 387
387 370
370 399
399 673
673 647
647 754
754 738
546 605 749
605 749
749 546
87
255 259
259 255
428 527 563 623 664 712 35 48 105 114 316 521 662 677
712 623
623 428
428 563
563 664
664 527
527 114
114 677
677 316
316 48
48 105
105 35
35 662
662 521
752 72 147 168 271
72 271
271 147
147 168
168 752
404 511 634 649 782 37 391 533
391 533
533 37
37 649
649 511
511 634
634 404
404 782
541 600 608 611 702 713 175 200 388 390 393
600 702
702 611
611 608
608 541
541 713
713 393
393 175
175 390
390 200
200 388
481 618 757 790 107 238
107 238
238 757
757 790
790 618
618 481
299 442
442 299
550 569 701 776
550 776
776 569
569 701
13 103 308 367 468 516 727 745 118
13 516
516 367
367 468
468 308
308 745
745 103
103 727
727 118
124 178 344 439 525
344 178
178 124
124 439
439 525
661 674 244
244 674
674 661
269 306 392
306 269
269 392
470 479 689 774 7 41 132 169 317 319 463 515
470 479
479 689
689 319
319 169
169 7
7 132
132 41
41 317
317 463
463 774
774 515
173 202 232 389 433
232 202
202 173
173 433
433 389
495 581 616 55 79 100 204 205
204 205
205 100
100 79
79 55
55 581
581 616
616 495
456 490 639 18
490 456
456 639
639 18
182 326 553 590 598 679 741 17 181 337 418
741 553
553 326
326 598
598 182
182 679
679 590
590 337
337 181
181 418
418 17
477 585 699 733 27 106 280 283
106 27
27 283
283 280
280 477
477 733
733 585
585 699
398
540 575 787 49
49 787
787 575
575 540
59 82
82 59
211 304 451 637 680 38 227 301 327 656 696 783 26 322 351 517
517 351
351 227
227 656
656 26
26 38
38 322
322 301
301 696
696 327
327 783
783 680
680 211
211 304
304 451
451 637
542 707 781 14
781 707
707 542
542 14
110 240 361 536 552 668
552 240
240 668
668 361
361 536
536 110
94
95 157 170 416 504 653 2 19
504 170
170 157
157 95
95 416
416 653
653 19
19 2
302 539 561 643 698 42 130 217 300 631 660 710 3 161 209
42 710
710 300
300 660
660 217
217 130
130 631
631 161
161 3
3 209
209 698
698 302
302 643
643 539
539 561
233 239 289 320 116
239 289
289 233
233 320
320 116
339 349 381 412 572 709 104
349 381
381 572
572 709
709 339
339 412
412 104
180 193
193 180
229 454 678
678 454
454 229
693 188 352 374
693 352
352 374
374 188
440 483 672 708 112 137 595 690 721 795 799 8 341 394 573 655 715 766 4 155 215 277
766 341
341 394
394 8
8 715
715 573
573 655
655 4
4 215
215 277
277 155
155 595
595 690
690 795
795 721
721 112
112 137
137 799
799 708
708 440
440 483
483 672
614 615 725 78 194 347 452 520 671 762 31
671 347
347 520
520 78
78 452
452 194
194 762
762 31
31 614
614 725
725 615
156 176 177 524
156 524
524 176
176 177
617 769 39 119 219 281 288
288 281
281 39
39 119
119 219
219 617
617 769
309
359 15 23 57 379 462 716 763
359 15
15 23
23 462
462 716
716 57
57 763
763 379
71 329
329 71
514 666 719 720 722 197
720 719
719 722
722 666
666 197
197 514
237 243 266 357
266 237
237 357
357 243
430 551 10 138 248 411 506 567 604 153 279 331 378
10 411
411 248
248 604
604 567
567 506
506 138
138 551
551 430
430 279
279 153
153 331
331 378
497 503 642 221 368 594 651 669 703
651 221
221 703
703 594
594 503
503 368
368 497
497 642
642 669
775 160 434 485
775 434
434 160
160 485
596 732 740 798
596 740
740 732
732 798
245 350 426 610 688 759 760 97 198 258 382
97 198
198 382
382 258
258 610
610 426
426 688
688 759
759 760
760 350
350 245
455 593 755 46 68 140 218
755 455
455 593
593 46
46 140
140 218
218 68
305 441 761 93 172 272 297 431 453 548 192 249 315 384 529 630 788
529 249
249 788
788 315
315 630
630 192
192 384
384 548
548 93
93 297
297 172
172 431
431 453
453 305
305 272
272 761
761 441
6 65
6 65
196 407
196 407
460 580 584
580 584
584 460
75 235 353 444 650 723 789 149 151 363 373 632
650 444
444 723
723 789
789 235
235 75
75 353
353 373
373 149
149 363
363 151
151 632
750
751 253 400 474 480 543 744
400 480
480 744
744 253
253 474
474 543
543 751
60 152 254 303 513 609 85 96
152 60
60 609
609 254
254 303
303 513
513 85
85 96
115
627
646 772 43 250 318 464
318 464
464 250
250 772
772 43
43 646
622
718 24
24 718
212 325 356 492
356 325
325 492
492 212
717 73 123
73 123
123 717
267 268 560 771 36 83 338 547
771 267
267 560
560 268
268 547
547 83
83 36
36 338
665 686 134 206 213 555 557 574 30 45 142 461 493 582 183 189 223 273 532 597 179 265 313 395
665 686
686 30
30 582
582 142
142 461
461 45
45 493
493 265
265 313
313 395
395 179
179 597
597 223
223 273
273 532
532 183
183 189
189 213
213 555
555 134
134 574
574 557
557 206
591 663 190 293 408 558 606 737 69 131
131 69
69 663
663 190
190 737
737 558
558 591
591 408
408 606
606 293
158
657 724 796 171 222 298 365
657 724
724 796
796 171
171 298
298 222
222 365
484
768 5 21 53 77 276
768 5
5 276
276 53
53 77
77 21
366 207 278 420
366 207
207 420
420 278
482 556 692 126 184 282 396
126 184
184 282
282 396
396 482
482 692
692 556
436
779 98 422 435 526 658 695
422 526
526 695
695 435
435 98
98 658
658 779
63 314 488 530
530 314
314 63
63 488
568 588 231 296 324 375 544 625 154 220
154 588
588 568
568 220
220 625
625 375
375 296
296 324
324 544
544 231
538 633 676 756 102
538 756
756 633
633 676
676 102
210 284 445
445 284
284 210
478 729 133 203 419 448 624 91
624 203
203 448
448 419
419 133
133 91
91 729
729 478
159 459 486 797 29 34 47
29 34
34 47
47 159
159 797
797 459
459 486
743
753 141 143 292 332 687
143 687
687 332
332 292
292 141
141 753
129 230
230 129
437 742
437 742
786 108 174 496 607 641 0 89 519
496 641
641 108
108 607
607 174
174 0
0 89
89 519
519 786
612 684
612 684
111
247 274 438 447 50 165
165 50
50 274
274 447
447 438
438 247
261 449 505 56 109 135 583 621 33 90 185 234
261 449
449 505
505 583
583 135
135 185
185 621
621 109
109 56
56 33
33 234
234 90
417
101 386 528 545 629 67 201 246
67 246
246 201
201 386
386 528
528 545
545 629
629 101
475 659 66
475 659
659 66
150 195 510 570 113
113 570
570 510
510 150
150 195
312 425 446 535 144
535 446
446 425
425 312
312 144
499 638 697 770
770 697
697 499
499 638
380 466 467 694 765
467 765
765 466
466 694
694 380
81
241 333 654 764
764 333
333 241
241 654
51 99 512
99 512
512 51
587 644 360 385
587 644
644 360
360 385
443 498 537 44 122 285
44 122
122 285
285 443
443 537
537 498
450 571 139 508 522 652
450 571
571 522
522 508
508 652
652 139
747 401 410 534
534 410
410 401
401 747
566
577 264 469 562 564
577 264
264 564
564 469
469 562
613 9 84
9 84
84 613
252 578 773 225 228 348 457 648 199 405 667
225 348
348 457
457 228
228 648
648 252
252 773
773 578
578 199
199 667
667 405
700 748
748 700
62 290
62 290
736 777 794 491 554 675 734 40 128 336 345 86 531
777 345
345 40
40 736
736 128
128 336
336 794
794 675
675 734
734 554
554 491
491 531
531 86
602 685 334 340 383 414 576 589 767 791
334 383
383 414
414 340
340 602
602 685
685 589
589 791
791 576
576 767
76 355 670 681
670 681
681 76
76 355
311 323 465
323 465
465 311
780 371
371 780
406
636
792 263 270 376 628
792 376
376 270
270 628
628 263
22 117 291 691 58
58 22
22 117
117 291
291 691
260 335 565 346
565 260
260 335
335 346
626 730 731 52 127 251 500 121 163 369 409 11 164 287 307 162 494 501 683 236
162 683
683 501
501 494
494 731
731 730
730 121
121 626
626 163
163 409
409 164
164 307
307 11
11 369
369 287
287 236
236 52
52 500
500 251
251 127
458 586
586 458
711
166 330
330 166
619 726 214 362 429
429 214
214 362
362 619
619 726
523 342 502 635 682 208
208 523
523 682
682 635
635 502
502 342
328 424 471 489 549 640 739 61 377 620
328 471
471 424
424 620
620 377
377 61
61 640
640 739
739 489
489 549
74 191 321 54 432 705 421 601 746 592 778 785 343
601 746
746 421
421 778
778 785
785 592
592 343
343 321
321 74
74 54
54 191
191 432
432 705
603
645 25 125 146 20 224
20 224
224 146
146 25
25 125
125 645
286 559 599 793 70 148 473 16 403 472
286 472
472 16
16 403
403 70
70 473
473 148
148 793
793 599
599 559
1 275
275 1
427
64 364 120 415 88 167
120 415
415 64
64 364
364 88
88 167
