!
85 110
110 85
219 250 296 326 648 759 56 107 145 185
107 56
56 185
185 145
145 326
326 759
759 250
250 296
296 648
648 219
580 653
580 653
698 709 15
698 709
709 15
132
180 220 361 427 631
631 180
180 220
220 361
361 427
43 194
194 43
402
547
570 670 32 186 188
670 570
570 32
32 186
186 188
626 664 734 75 233
734 626
626 664
664 75
75 233
345 351 463 754
345 754
754 463
463 351
238 264 275
275 264
264 238
514 723 798 23
23 723
723 798
798 514
253
340
371 485 761
485 371
371 761
243
315
358 417 671 191 248 285 399
358 417
417 671
671 285
285 248
248 399
399 191
443
52 73
73 52
212 477 748 71 306 426 453 770 79 115 161 552
748 212
212 477
477 552
552 79
79 161
161 115
115 71
71 306
306 770
770 426
426 453
694
76
215 252 320 517 2
2 215
215 252
252 320
320 517
14
225 367 612
612 225
225 367
47
149 322 349 724
322 349
349 724
724 149
35
72 266 397
72 266
266 397
590 61 257
61 257
257 590
348 549
549 348
756
19 209 235 711 774 22
235 711
711 19
19 774
774 209
209 22
102
329 524
329 524
602 81
602 81
106 205
205 106
632 739
632 739
130
178 239 478 555 4 137 255 265 490 125 201 390 492 561 143 324
492 201
201 125
125 561
561 390
390 324
324 143
143 178
178 555
555 239
239 478
478 265
265 490
490 255
255 4
4 137
336 451
451 336
740 120 387
387 120
120 740
436 736
736 436
780
53 292 454
53 292
292 454
605 758 62 339 342 441 640 269 278 346 385 465
62 342
342 339
339 441
441 640
640 346
346 269
269 465
465 278
278 385
385 605
605 758
374 395 396 473 643 159 190 544 622
622 190
190 544
544 159
159 643
643 374
374 473
473 396
396 395
691
40 203
203 40
467 474 666 34 135
666 474
474 467
467 135
135 34
218
377 714 48
714 377
377 48
99 317
317 99
357
432 31 41
41 31
31 432
74 482 600
74 482
482 600
51 359
51 359
423
435 546
546 435
241 414 537
414 241
241 537
569 645 7 183
569 645
645 7
7 183
207
281 55 639 697 744 30
639 744
744 697
697 55
55 281
281 30
166 609 702 21 160
21 160
160 702
702 166
166 609
630 700 37 283 393
700 630
630 37
37 393
393 283
752
111 247
247 111
419 775 103 290 343 491 84 112 268 293 38 429
38 429
429 84
84 112
112 268
268 293
293 775
775 419
419 491
491 103
103 290
290 343
548
708
303
439 606
439 606
616
24
413 594
413 594
604 44 124 433 527 520 557
520 557
557 44
44 124
124 433
433 527
527 604
701 743
701 743
58 97 512 610 29 46 70
46 29
29 70
70 610
610 97
97 58
58 512
150
117 458 499 684 50
50 458
458 499
499 117
117 684
165 504
504 165
750 80
80 750
187 400 718 228 272 308 593 558 578 716
718 187
187 400
400 558
558 716
716 578
578 593
593 228
228 308
308 272
722 153
722 153
230
378
403 356 409 462 592 497
356 592
592 409
409 462
462 403
403 497
503 621 790
503 621
621 790
176 567
176 567
730 787
787 730
495 511 661 713 287 480 644
287 480
480 644
644 713
713 661
661 511
511 495
656
9
138
172 466 90
466 172
172 90
380
564 660 28 67 692 794
692 794
794 67
67 28
28 564
564 660
363
389 476
476 389
741
484 689 731
731 689
689 484
788 94
788 94
288 334
288 334
654 140
140 654
182 217 469 199
182 217
217 469
469 199
410
420 696 100 333 461 515 267 522
420 696
696 522
522 267
267 100
100 461
461 515
515 333
635 712 105 179 262 703 455
105 262
262 703
703 179
179 455
455 635
635 712
662
699 781
699 781
144 404 614
404 144
144 614
791 49
791 49
197
500 518
518 500
231 379 589 728
728 379
379 589
589 231
523 582
523 582
625
765
98 240 434
98 434
434 240
533 354
354 533
372 430 799
372 799
799 430
13 431 577
13 577
577 431
618
162 381 579
579 162
162 381
641 328 382 642 721 447 510 683 686 355
641 355
355 510
510 683
683 686
686 447
447 642
642 382
382 721
721 328
468
530 796 26 136
136 26
26 796
796 530
237
311 134 386 603 628 93
311 603
603 386
386 628
628 134
134 93
171
242 350
350 242
152 445 464 687 263 341 727
687 152
152 445
445 464
464 727
727 263
263 341
777 92 95 693
92 95
95 693
693 777
170
193 615 244
244 193
193 615
568 769 330 663
568 769
769 330
330 663
682 302
302 682
401 598 528 540 623
401 598
598 540
540 528
528 623
68 234 543 158 295 757
295 158
158 757
757 68
68 234
234 543
69
142
767 121 169
767 121
121 169
521
101 312
312 101
335 91
335 91
685
719 246 375
719 246
246 375
704 444 498
704 444
444 498
562 347 486 668 65 236 690
65 690
690 236
236 347
347 486
486 668
668 562
151
327 364 8
8 327
327 364
36 392 45 545 797 321 566
797 45
45 545
545 36
36 392
392 566
566 321
611 63
63 611
448 763 195 456 760
448 763
763 456
456 195
195 760
591 651 715 154 646 735 221
735 154
154 646
646 221
221 715
715 651
651 591
245
405 6 298
298 6
6 405
766 259
766 259
627
755
211 388 776 109
211 388
388 776
776 109
449 657
449 657
229 607 749 226 338
607 229
229 749
749 226
226 338
559 376
376 559
633 726 366 411 529
633 726
726 529
529 411
411 366
157 496 753 251 316 513 232
496 157
157 753
753 232
232 513
513 251
251 316
294 678
678 294
131 318
131 318
412 249 286
249 286
286 412
525 39 156
525 39
39 156
227 273 313 588 331 360
273 588
588 313
313 227
227 331
331 360
573 282 471
282 471
471 573
487 222 304 695 168 192 556 184
304 222
222 695
695 487
487 184
184 556
556 168
168 192
506
782 297 596 793 126 634 778 82 489
782 82
82 489
489 778
778 126
126 634
634 596
596 297
297 793
655 224 337 534 127
127 655
655 337
337 224
224 534
526 649 104 737 771
526 649
649 104
104 737
737 771
12
459 519 116 319 505 223
505 319
319 116
116 223
223 459
459 519
276 705 20 494 672 437
705 276
276 20
20 672
672 494
494 437
516 675 27 122 310
310 122
122 27
27 516
516 675
114 307 680 18 452
680 307
307 114
114 452
452 18
571 421 475 667
571 475
475 421
421 667
155 560
155 560
585 254 470
585 470
470 254
620
325 551 738 177 481
738 325
325 551
551 481
481 177
673 406
673 406
599 674 450 531
599 674
674 531
531 450
595 210 583
210 583
583 595
636 174
636 174
535
601
54 147 710 204
204 54
54 147
147 710
483
676 274 301
301 274
274 676
362
16
284 563
563 284
57 64
64 57
78 96 538 541 352 587 772 128 280 532 408 438 658 118
118 280
280 532
532 128
128 438
438 658
658 408
408 96
96 538
538 541
541 352
352 587
587 772
772 78
398 416 208
398 416
416 208
323 638
323 638
202
289
745 89 507
507 89
89 745
575
11
206 679 87
679 206
206 87
133 373 214 299
299 373
373 214
214 133
344
779 148 175 261 619 66 425 279
619 261
261 66
66 425
425 279
279 148
148 175
175 779
383 189
189 383
786 394
394 786
669
688
795
572 652 717 785 59
785 717
717 59
59 572
572 652
789 200 665
200 665
665 789
270
442
25 88 213 446 146 613 428 762 256 608 384 729 167 647 783
88 25
25 446
446 647
647 384
384 729
729 213
213 167
167 762
762 428
428 256
256 608
608 613
613 146
146 783
792 440 565 60 584 706 747
60 440
440 584
584 565
565 747
747 706
706 792
314 733 479 720 418
720 479
479 418
418 314
314 733
725 86
725 86
457 539
539 457
542 17 629 141 216 260 415
141 542
542 216
216 17
17 629
629 260
260 415
196 271 0 198 3
3 198
198 0
0 271
271 196
554 460
554 460
488 277
488 277
407 424 659
659 424
424 407
108 597 181
181 597
597 108
472
139
576 163 422
576 422
422 163
574
732 370
732 370
617
258 764 77
77 258
258 764
309
508 553 129
553 508
508 129
650 365 586 10
10 586
586 650
650 365
742 368 707
742 707
707 368
5
624
509
581
42 501
42 501
751 332 768 83 305 33 681
305 768
768 83
83 332
332 681
681 33
33 751
536
291 369 637 123 746 677 493 300 773 784 164 1
784 677
677 773
773 369
369 746
746 1
1 493
493 164
164 123
123 300
300 291
291 637
353 173
353 173
502 113 119 391
113 119
119 391
391 502
550
