!
38 60 64
64 60
60 38
110 116 132 137 209 212 252 298 373 409 438 457 463 482 492 514 568 600 603 707
409 137
137 707
707 132
132 116
116 514
514 600
600 457
457 252
252 482
482 373
373 110
110 603
603 438
438 298
298 209
209 463
463 492
492 212
212 568
740 744 13 15 142 164 178 220 272 288
13 220
220 164
164 288
288 178
178 272
272 142
142 15
15 740
740 744
290 339 387 405 442 473 485 534 558 618 661 682 687 747 756 768 773 29 35 69 111 133 144 160 207 210 239 338 347 365 440 494 511 519 543 630 644 646 659 718 735 6 32 145
239 365
365 494
494 133
133 644
644 347
347 511
511 534
534 646
646 35
35 440
440 69
69 111
111 735
735 338
338 160
160 630
630 519
519 339
339 718
718 290
290 473
473 210
210 387
387 207
207 659
659 543
543 144
144 768
768 618
618 29
29 485
485 682
682 442
442 687
687 661
661 747
747 773
773 405
405 756
756 558
558 145
145 6
6 32
156 171 184 224 256 286 314 317 392 393 403 424
424 392
392 156
156 224
224 317
317 286
286 184
184 393
393 171
171 256
256 403
403 314
469 553 652 683 696 715 716 774 97 100 162 225 238 254 269 281 332 367 382 408 431 505 520 521 567 676 677 710 752 783 795 7 52 84 202 282 294 308 316 351 354 364 370 416 418 481 572 573
683 716
716 469
469 715
715 774
774 652
652 553
553 696
696 7
7 572
572 354
354 316
316 294
294 282
282 52
52 84
84 416
416 308
308 269
269 162
162 505
505 370
370 332
332 225
225 364
364 202
202 408
408 676
676 573
573 567
567 418
418 710
710 351
351 783
783 281
281 100
100 481
481 254
254 238
238 431
431 382
382 521
521 367
367 677
677 97
97 520
520 795
795 752
592 648 663 713
592 713
713 663
663 648
750 771 66 75 113 117 118 201 216 237 244 311 326 391 410 427 467 490 503 550 559 759 789 794 49
49 794
794 759
759 113
113 75
75 117
117 467
467 503
503 490
490 216
216 771
771 559
559 427
427 410
410 244
244 326
326 66
66 550
550 237
237 391
391 750
750 789
789 201
201 311
311 118
89 99 121 130 139 265 305 323 324 358 390 421 425 472 493 512 539 588 607 655 767 11 56 78 90 192 275 291 337 377 385 432 449 465
472 358
358 655
655 493
493 324
324 130
130 539
539 421
421 89
89 323
323 305
305 512
512 99
99 390
390 139
139 121
121 265
265 425
425 588
588 607
607 767
767 192
192 90
90 11
11 377
377 78
78 275
275 432
432 385
385 465
465 56
56 337
337 449
449 291
474 479 529 569 641 694 731 775 778 5 21 62 71 76 81 148 257 335 359 397 417 610 623 636 667
81 148
148 76
76 335
335 359
359 610
610 623
623 21
21 62
62 417
417 636
636 71
71 667
667 397
397 257
257 5
5 641
641 778
778 569
569 731
731 694
694 474
474 479
479 775
775 529
692 693 704 779 51 147 208 263 264 267 304
692 704
704 693
693 779
779 264
264 51
51 267
267 263
263 147
147 304
304 208
320 380 388 428 486 499 523
388 320
320 499
499 523
523 380
380 428
428 486
576 577 671 762
671 577
577 762
762 576
766 790 16 26 63 88 149 159 183 193 229 307 407 470 508 548 587 649 751 780 797 70 215 221 262 349 353 396 434 471
407 751
751 508
508 797
797 548
548 88
88 307
307 470
470 16
16 63
63 26
26 193
193 149
149 159
159 229
229 649
649 183
183 780
780 587
587 349
349 353
353 471
471 262
262 434
434 215
215 221
221 70
70 396
396 766
766 790
497 545
545 497
586 602 639 660 697 717 732 739 65 95 172 245 271 287 293 340 437 462 522 527 579 594 599 631 666 776 791 1 105 151 213 289 336 341 412 415
271 95
95 172
172 287
287 340
340 437
437 462
462 579
579 293
293 65
65 599
599 527
527 776
776 666
666 791
791 522
522 631
631 594
594 245
245 697
697 639
639 732
732 586
586 660
660 341
341 739
739 717
717 289
289 602
602 213
213 1
1 412
412 105
105 151
151 415
415 336
501
513 554 581
513 554
554 581
598
614
619 686 691 754 22 48
48 22
22 691
691 754
754 619
619 686
114 173 199 200 255 345 356 371 435 445 484 515 526 549 582 742 2 61 108 222 235 241 243 261 331 344 374 478
549 200
200 484
484 199
199 742
742 356
356 526
526 435
435 371
371 582
582 345
345 255
255 114
114 515
515 173
173 445
445 61
61 374
374 241
241 331
331 261
261 235
235 222
222 478
478 2
2 344
344 108
108 243
540 597 653 705
597 653
653 705
705 540
730 782 85 157 163 170 179 247 260 325 350 422 433 450 555 563 632 708 721 741 23 72 94 98 109 128 313 363 401 487 535 537 605
157 563
563 170
170 350
350 247
247 179
179 632
632 260
260 708
708 721
721 433
433 741
741 85
85 422
422 555
555 450
450 325
325 163
163 487
487 109
109 730
730 782
782 605
605 23
23 94
94 72
72 363
363 98
98 401
401 537
537 535
535 128
128 313
617 628 672 679 763 102 174 276 280 319 328 436 466
328 174
174 436
436 466
466 102
102 280
280 319
319 276
276 763
763 679
679 617
617 628
628 672
530 566 634 668 675 738 746 757 788 39 77 223 266 315 346 404 453 454 504 507 536 625 637 643 665 743 0 140 169 176 195
675 788
788 634
634 530
530 668
668 566
566 746
746 738
738 757
757 176
176 140
140 195
195 169
169 0
0 637
637 266
266 643
643 39
39 453
453 223
223 77
77 315
315 404
404 454
454 665
665 625
625 507
507 536
536 346
346 504
504 743
378 395 406
406 395
395 378
443 452 456 516 561 583 615 654 698 12 125 197 198 253 402 444 460 475 584 613 626 699 700 719 770 786 86 175 182 185 191 250 258
626 770
770 198
198 475
475 613
613 12
12 125
125 700
700 253
253 460
460 699
699 719
719 444
444 402
402 584
584 786
786 197
197 561
561 516
516 698
698 443
443 583
583 654
654 615
615 456
456 452
452 86
86 175
175 250
250 182
182 185
185 191
191 258
268 285 302 458 476 585 703 714 745 793 27 30 44 57 96 127 180 227 251 296 352 447 451 495 629 764 19 91 103 119 219 236 246 248
19 236
236 246
246 219
219 248
248 103
103 91
91 119
119 27
27 629
629 451
451 57
57 764
764 180
180 127
127 296
296 227
227 251
251 30
30 352
352 96
96 44
44 495
495 447
447 703
703 585
585 714
714 476
476 268
268 302
302 285
285 745
745 458
458 793
309 348 455 480 638 642 720 737 40 41 46 80 136 150 188 274 283 483
737 348
348 309
309 455
455 638
638 720
720 642
642 480
480 274
274 46
46 188
188 40
40 483
483 136
136 80
80 150
150 283
283 41
489 565 595 604 633 689 24 53 68 93 131 146 154 168 177 234 249 386 528 723 748 799 55 82 278 279 333 362 413 420 426 488 557
799 154
154 168
168 177
177 249
249 93
93 528
528 68
68 234
234 131
131 723
723 24
24 146
146 386
386 748
748 53
53 557
557 55
55 426
426 362
362 420
420 82
82 278
278 333
333 488
488 413
413 279
279 633
633 689
689 595
595 489
489 565
565 604
601 620 624
620 601
601 624
673 772 31 47 158 165 196 310 312 343 355 399 517 518 544 674 680 724 4 17 120 228 231 368 398 441 524 578 621 656 662 726 729 20 123 138 155 167 230
120 310
310 578
578 518
518 524
524 17
17 726
726 398
398 343
343 312
312 399
399 368
368 544
544 674
674 47
47 656
656 621
621 517
517 4
4 165
165 729
729 231
231 724
724 772
772 228
228 662
662 441
441 158
158 680
680 355
355 673
673 31
31 196
196 230
230 167
167 138
138 155
155 20
20 123
330 342 459 500
330 500
500 459
459 342
506 542 570 651 787 3 25 54 107 122 189 301 303 334 375 400 439 596 611 670 28 161 187 206 322 327 498 510 533 541 571 669 701
701 327
327 510
510 161
161 187
187 206
206 28
28 669
669 571
571 541
541 322
322 498
498 533
533 651
651 570
570 506
506 596
596 54
54 375
375 301
301 189
189 787
787 670
670 334
334 542
542 439
439 303
303 3
3 107
107 122
122 611
611 25
25 400
769 798 129 181 186 203 204 211 242 297 491 552 560 575 589 690 79 115
769 798
798 79
79 115
115 575
575 181
181 129
129 491
491 242
242 203
203 204
204 211
211 560
560 589
589 690
690 297
297 186
186 552
126 232 295 360 448 502 606 647 685 706
685 448
448 295
295 647
647 360
360 232
232 706
706 502
502 126
126 606
709 727 10
10 727
727 709
240 423 525 556 580 590 593 635 664 678 725 784 792 42 141 214 218 270 321 389 551 616 622 658 681
635 580
580 593
593 590
590 725
725 423
423 525
525 664
664 678
678 556
556 784
784 792
792 240
240 218
218 551
551 214
214 681
681 389
389 616
616 321
321 658
658 42
42 622
622 270
270 141
712 728 58 83 101
728 712
712 101
101 58
58 83
152 190 205 284 292 329
292 205
205 152
152 190
190 329
329 284
366 468 538 734 45 67 106
366 734
734 538
538 468
468 106
106 67
67 45
414 496 547 657 684 702 736 753 765 796 59 134 318 394 464 532 564 608 645 758 760 781 18 33 50 143
143 33
33 50
50 18
18 464
464 59
59 318
318 394
394 760
760 645
645 608
608 532
532 758
758 781
781 564
564 134
134 684
684 765
765 702
702 496
496 414
414 547
547 657
657 753
753 796
796 736
217 357 383 446 591 627 640 8 34 73 112 372 411
357 383
383 640
640 8
8 217
217 372
372 446
446 591
591 73
73 411
411 112
112 34
34 627
419 695 711 722 761 37 87 92 226 306 379 381
711 761
761 722
722 419
419 695
695 87
87 37
37 379
379 381
381 92
92 306
306 226
430 509 546 777 36 74 124 153 259 300 376 461 688 733 233
509 546
546 430
430 777
777 376
376 461
461 124
124 74
74 153
153 300
300 733
733 688
688 259
259 233
233 36
429 477 531 562 574 612 650 749 9 14 43 194 277
277 194
194 43
43 9
9 14
14 477
477 429
429 531
531 562
562 574
574 612
612 650
650 749
299 755 785 104 135 166 273 361 369 384 609
755 299
299 785
785 104
104 384
384 135
135 273
273 369
369 609
609 361
361 166
