!
100
122 160
160 122
250 327 487
250 327
327 487
543 603 604
603 543
543 604
725
752 784
784 752
272 322
272 322
363 410 414
414 363
363 410
461
481 533 673 742 746 137 172 191 376 387 389 433 452 537 542 124 229 364 403
191 452
452 537
537 376
376 387
387 433
433 172
172 389
389 542
542 137
137 403
403 364
364 229
229 124
124 481
481 742
742 673
673 746
746 533
454 535 544 619 644 756 8 27 47 74 108 209 369 492 509 560 56 57 92 146 303 308 317
146 303
303 56
56 92
92 57
57 308
308 317
317 47
47 74
74 509
509 27
27 560
560 108
108 492
492 209
209 369
369 8
8 454
454 619
619 535
535 544
544 644
644 756
347 408 518 23 232 286 342 354 367 496 589
347 408
408 518
518 367
367 589
589 496
496 23
23 342
342 286
286 232
232 354
599 780 54
54 780
780 599
102 241 258 362 650
241 650
650 258
258 102
102 362
668 712 728 775 34 70 75 333
775 728
728 668
668 712
712 75
75 70
70 34
34 333
370 378 439 584 661 737 48 107 114 228 536 580 591 718 765
591 765
765 114
114 536
536 48
48 580
580 107
107 228
228 661
661 718
718 584
584 439
439 378
378 370
370 737
793 19 99 132 239 361 486 500 565
793 486
486 19
19 132
132 565
565 361
361 239
239 500
500 99
569 757 2
2 569
569 757
13
65 184 276 284 611 720 735 794 104 182 255 267 409 429 498 696
65 284
284 276
276 720
720 794
794 184
184 735
735 611
611 267
267 182
182 409
409 255
255 498
498 104
104 696
696 429
709 112 133 206
709 133
133 206
206 112
264 468 484 501
264 501
501 468
468 484
744 762 149 358 383 504 523 637 678 690 714
523 690
690 358
358 678
678 714
714 637
637 149
149 383
383 504
504 762
762 744
7
113 153 207
207 113
113 153
248 312 407 594 600 69 444 564 578 583 632 686 719
312 600
600 594
594 407
407 248
248 583
583 444
444 578
578 564
564 719
719 686
686 69
69 632
773 44 223 234 280 348 446 616 656 707 37
446 44
44 280
280 656
656 707
707 616
616 348
348 234
234 223
223 773
773 37
45 67 166 233 254 289 319 551 10 195 249 269
10 269
269 195
195 249
249 45
45 67
67 319
319 289
289 254
254 551
551 233
233 166
306 567 602
306 567
567 602
615 703 288
615 288
288 703
309 332 375
332 309
309 375
566 608 652 670 168
670 652
652 608
608 566
566 168
298 441 459 471 529 592
459 529
529 471
471 441
441 298
298 592
605 175 185
605 175
175 185
443
541 548
541 548
631 687 799 93
93 631
631 799
799 687
121 164 311
164 311
311 121
442 534 558 606
606 442
442 558
558 534
61
110 115 118 135 577 716 787
787 135
135 115
115 110
110 577
577 716
716 118
170 219 435 579 587 736 781 783
170 579
579 736
736 587
587 219
219 781
781 783
783 435
20 82 158 257
20 158
158 82
82 257
585
612 665
612 665
704 6
704 6
33 190 331 582 642
190 642
642 33
33 582
582 331
663 697 30
663 697
697 30
76 245
76 245
341
372 474 636 789 52
52 372
372 474
474 636
636 789
373 448 491
373 491
491 448
610
645 676 717
717 676
676 645
1 152 453 462 497 629 655 723
497 629
629 152
152 1
1 655
655 723
723 462
462 453
22 310 385 494 628 634 785 791 12 59
22 628
628 494
494 310
310 634
634 385
385 791
791 785
785 12
12 59
120 180 278 675 694 745 28 161 236 346 356 420 563
694 278
278 420
420 675
675 180
180 161
161 28
28 120
120 236
236 563
563 356
356 745
745 346
747 138 213 350
747 350
350 213
213 138
394 432
432 394
466 549
466 549
715 31
31 715
97 98 171 179 483 590
179 590
590 98
98 97
97 171
171 483
681
80 221 259
221 80
80 259
371 485 488 726 758 16 314 320
488 485
485 371
371 726
726 758
758 16
16 320
320 314
338
401 695 731 66 205 281 455 464 546 653 25 51 174 353
653 455
455 281
281 66
66 546
546 464
464 205
205 174
174 353
353 25
25 51
51 731
731 695
695 401
727 763 788
727 763
763 788
91 148 224 244 460 643 680 330 335 380 513 684 705 777 26 32 39 230 294 323 472 79 162 214
162 214
214 79
79 643
643 224
224 148
148 460
460 39
39 680
680 91
91 323
323 472
472 32
32 26
26 244
244 230
230 294
294 335
335 684
684 777
777 513
513 330
330 705
705 380
391 436 502 525 29 50 297 301 571 573 586 154 177 277 392 412
525 436
436 391
391 502
502 177
177 412
412 392
392 154
154 277
277 573
573 297
297 29
29 571
571 50
50 301
301 586
473 561 21 96 343 507
473 561
561 96
96 343
343 21
21 507
521 614 625 176 256 381 657
176 256
256 381
381 657
657 625
625 521
521 614
677 688 751 46 204 247 316
204 247
247 316
316 46
46 677
677 751
751 688
415 531 795
531 415
415 795
145 201
201 145
203 217 283
217 283
283 203
508 588 62 243 287 292 649 769 779 3 90 393 397 476 519 620 64
508 588
588 64
64 243
243 62
62 292
292 287
287 769
769 649
649 779
779 476
476 620
620 90
90 393
393 3
3 397
397 519
73 178 296
178 73
73 296
345 463 740 18 252 511 524 635 761 774 55 86
463 345
345 740
740 524
524 761
761 511
511 252
252 86
86 635
635 18
18 774
774 55
123 193 344 553 683 150 510 597 633
344 683
683 123
123 193
193 553
553 597
597 633
633 510
510 150
754 760 58 68
58 68
68 754
754 760
402 671 764 771 9 43 103 328 520 618 147 357 388 732 743 792 72 200 212 251 265 438 41 63
388 743
743 732
732 792
792 147
147 357
357 671
671 764
764 771
771 402
402 72
72 200
200 212
212 438
438 265
265 251
251 618
618 9
9 328
328 43
43 103
103 520
520 41
41 63
416 478 490 622 246
246 622
622 416
416 490
490 478
266
411 424 434
411 424
424 434
639 155
639 155
169 386
169 386
456
572 575
575 572
36 106 141
36 106
106 141
253 405 701 196 295 302
302 295
295 196
196 701
701 405
405 253
318
336 516 183 505 528 555 617 721 0 275 334 457 568 778 88 216 479
479 216
216 516
516 336
336 88
88 457
457 778
778 568
568 275
275 334
334 0
0 528
528 721
721 505
505 555
555 183
183 617
556 570 724 77 85 360 595 624 648 95 127 377 482 797 798 101 167 210 285 379
379 101
101 285
285 167
167 210
210 85
85 648
648 77
77 360
360 624
624 595
595 570
570 724
724 556
556 95
95 797
797 377
377 482
482 127
127 798
522 131 202 237 329 755 796
522 796
796 202
202 755
755 329
329 237
237 131
352 465 514 539
352 514
514 539
539 465
651 706 199 218
706 218
218 199
199 651
222 527 554 713 40 349 647 674
674 40
40 647
647 349
349 527
527 713
713 222
222 554
776 5 382 445 708 748
776 445
445 382
382 748
748 708
708 5
81 142 458 517 782 78 413 480 557 576 14 128 282 467 626 226 324 400 540 741 321 469 550 609 666 119
321 666
666 609
609 78
78 557
557 550
550 469
469 576
576 480
480 413
413 142
142 81
81 782
782 517
517 458
458 14
14 626
626 467
467 282
282 128
128 400
400 741
741 324
324 540
540 119
119 226
197 495
495 197
538 700 35 215 475 493 581 192 235 351 423 711 83 374 437 679 734 139 151 186
734 374
374 437
437 83
83 679
679 493
493 475
475 581
581 215
215 35
35 351
351 235
235 711
711 423
423 192
192 186
186 151
151 139
139 700
700 538
431 790
790 431
126 238 532 552 699 136 305 326 421 559 140
140 238
238 699
699 126
126 552
552 532
532 136
136 305
305 559
559 421
421 326
157 307 368
157 368
368 307
693
225 270
225 270
313 450 672 422 638 659 660 750 189 263 396
750 659
659 660
660 638
638 422
422 450
450 313
313 672
672 263
263 189
189 396
425 547 105 366 428 451 692 11 38 601 682 733
366 451
451 105
105 428
428 692
692 682
682 601
601 38
38 11
11 733
733 547
547 425
220 227 398 753 786 116
398 786
786 227
227 220
220 753
753 116
365 447 499 730 125
125 730
730 365
365 447
447 499
198 340 627
340 198
198 627
640 130 593 613 646
613 593
593 130
130 646
646 640
739 84 419 562 664 685 187 208 658 710 772 4 144 359 770 87 94
770 4
4 359
359 144
144 739
739 84
84 419
419 664
664 685
685 562
562 658
658 208
208 772
772 94
94 710
710 87
87 187
470 596
596 470
117 262 427 515 163 304 355 607 418 430
430 418
418 262
262 427
427 117
117 515
515 355
355 607
607 304
304 163
526 623 109 260 417 545 71
623 526
526 260
260 417
417 545
545 109
109 71
173 181 669 268 395 641 767 49
395 641
641 268
268 767
767 49
49 669
669 181
181 173
242 293 662 143 503 574 654 89 406
293 242
242 662
662 574
574 89
89 143
143 406
406 654
654 503
449 530 17 399 489 698 194 261
449 530
530 17
17 698
698 489
489 399
399 261
261 194
273 290 111 274 291 621 159
291 111
111 621
621 274
274 159
159 273
273 290
231 691 729 188 325 598 759 134 211 404 749 339 384 722 156 165 506 24
325 722
722 759
759 384
384 188
188 598
598 339
339 729
729 691
691 231
231 211
211 404
404 134
134 749
749 24
24 506
506 165
165 156
426 512 42 53
426 512
512 42
42 53
129 15 477 738
738 129
129 15
15 477
390 689 702 240 279
279 240
240 689
689 702
702 390
667
630 766 768 299
768 630
630 766
766 299
337
271 315 60 440 300
440 60
60 300
300 315
315 271
