!
3
14 17 19 28 32 37 39 48 60 66 72 73 74 78 79 86 90 93 94 102 103 105 110 115 125 130 132 147 152 159 160 163 171 172 175 176 192 193 202 205 213 214 216 219 221 226 234 245 251 268 269 272 285 286 294 304 309 313 335 336 350 352 359 361 362 365 368 371 373 375 387 392 395 402 406 409 420 422 427 430 439 441 443 452 455 456 485 488 491 492 501 504 513 517 520 521 531 532 538 551 564 565 566 569 572 574 578 579 580 581 582 586 594 603 609 622 650 654 663 667 671 685 688 691 696 699 710 712 714 723 738 743 767 770 776 781 796 798 4 10 12 16 31 40 41 44 51 52 55 59 62 80 82 84 87 92 95 100 106 107 108 116 123 135 143 145 146 148 149 153 158 187 189 191 204 212 215 225 228 232 244 247 252 254 259 264 266 267 277 280 281 282 296 318 321 334 345 353 354 378 393 397 399 408 421 424 437 442 449 450 453 466 467 470 474 480 487 498 500 506 510 524 541 550 553 558 562 563 591 593 596 605 612 618 627 628 636 642 648 649 651 656 666 670 675 682 698 706 718 720 721 737 744 753 756 764 765 766 772 773 774 775 780 782 786 792 8 20 21 33 35 49 71 99 117 124 131 140 142 150 155 164 165 174 181 188 194 195 198 199 200 210 211 218 230 236 246 249 256 258 263 273 284 288 293 295 299 303 305 308 316 317 320 324 326 338 340 343 348 349 356 385 398 403 404 405 415 423 428 435 454 457 460 462 481 484 489 493 503 505 509 512 533 534 535 552 555 556 557 560 561 567 568 570 576 588 601 608 610 613 616 619 621 633 644 672 686
772 95
95 280
280 62
62 670
670 158
158 764
764 706
706 399
399 651
651 267
267 225
225 148
148 378
378 228
228 666
666 264
264 84
84 191
191 143
143 55
55 215
215 247
247 591
591 16
16 277
277 107
107 524
524 500
500 212
212 756
756 792
792 627
627 442
442 353
353 31
31 698
698 252
252 786
786 153
153 87
87 636
636 80
80 266
266 232
232 12
12 596
596 721
721 453
453 424
424 562
562 254
254 470
470 259
259 10
10 437
437 187
187 345
345 550
550 753
753 146
146 334
334 116
116 244
244 612
612 675
675 41
41 354
354 321
321 498
498 92
92 82
82 618
618 421
421 775
775 773
773 593
593 720
720 296
296 189
189 4
4 393
393 52
52 51
51 782
782 204
204 100
100 744
744 123
123 149
149 656
656 718
718 558
558 506
506 44
44 466
466 282
282 397
397 628
628 318
318 553
553 449
449 145
145 480
480 59
59 510
510 487
487 281
281 737
737 766
766 780
780 642
642 682
682 467
467 563
563 106
106 40
40 450
450 474
474 774
774 765
765 648
648 541
541 605
605 135
135 649
649 108
108 408
408 131
131 533
533 236
236 567
567 218
218 316
316 258
258 317
317 230
230 404
404 299
299 568
568 512
512 150
150 403
403 188
188 308
308 198
198 428
428 415
415 33
33 48
48 305
305 288
288 35
35 406
406 343
343 66
66 555
555 284
284 268
268 557
557 454
454 667
667 295
295 249
249 481
481 99
99 581
581 621
621 171
171 532
532 633
633 348
348 359
359 293
293 489
489 20
20 535
535 798
798 147
147 340
340 49
49 509
509 124
124 610
610 534
534 609
609 211
211 650
650 313
313 738
738 164
164 594
594 110
110 586
586 74
74 356
356 462
462 246
246 350
350 152
152 193
193 256
256 338
338 226
226 409
409 309
309 619
619 493
493 616
616 200
200 395
395 492
492 165
165 199
199 8
8 457
457 566
566 588
588 86
86 714
714 484
484 513
513 686
686 460
460 142
142 392
392 303
303 174
174 576
576 195
195 770
770 132
132 79
79 608
608 324
324 622
622 505
505 21
21 685
685 672
672 613
613 398
398 90
90 565
565 578
578 73
73 420
420 117
117 781
781 556
556 767
767 696
696 574
574 503
503 601
601 320
320 130
130 140
140 326
326 560
560 155
155 385
385 159
159 570
570 286
286 456
456 561
561 439
439 263
263 796
796 520
520 517
517 181
181 210
210 373
373 552
552 491
491 405
405 176
176 435
435 245
245 423
423 335
335 644
644 273
273 71
71 521
521 352
352 361
361 219
219 485
485 194
194 234
234 452
452 579
579 37
37 349
349 125
125 172
172 368
368 272
272 202
202 32
32 72
72 582
582 251
251 60
60 712
712 387
387 213
213 430
430 603
603 564
564 269
269 538
538 362
362 422
422 93
93 78
78 375
375 28
28 569
569 17
17 699
699 103
103 365
365 551
551 691
691 192
192 572
572 39
39 776
776 14
14 580
580 115
115 221
221 455
455 216
216 205
205 531
531 443
443 175
175 294
294 94
94 743
743 504
504 723
723 19
19 671
671 160
160 105
105 214
214 441
441 427
427 402
402 488
488 304
304 163
163 285
285 102
102 654
654 688
688 710
710 336
336 501
501 371
371 663
687 697 701 707 709 716 733 739 741 751 752 757 759 771 778 783 791 799 1 9 22 27 34 36 43 53 57 77 83 113 114 126 128 168 173 182 184 186 197 206 222 229 240 248 250 271 274 289 291 298 300 310 314 331 333 339 342 344 346 358 363 367 369 376 380 381 382 384 386 388 389 390 426 432 440 446 451 459 461 463 476 486 495 502 515 518 519 522 526 529 536 542 543 545 547 548 571 573 575 577 597 598 602 606 607 617 620 623 637 638 653 664 668 678 680 681 683 693 702 703 708 722 725 728 731 734 735 736 742 747 758 793 794 5 6 11 13 18 25 26 30 45 46 61 70 75 76 91 96 97 98 118 136
426 83
83 742
742 728
728 367
367 182
182 310
310 547
547 339
339 731
731 388
388 197
197 575
575 680
680 617
617 606
606 598
598 668
668 344
344 113
113 390
390 747
747 542
542 27
27 486
486 664
664 271
271 440
440 77
77 331
331 291
291 298
298 736
736 451
451 545
545 43
43 1
1 382
382 708
708 342
342 548
548 446
446 384
384 380
380 459
459 623
623 461
461 314
314 526
526 793
793 186
186 128
128 681
681 476
476 794
794 250
250 389
389 184
184 725
725 386
386 502
502 637
637 229
229 735
735 519
519 678
678 518
518 22
22 346
346 522
522 536
536 57
57 529
529 114
114 702
702 693
693 168
168 274
274 289
289 703
703 381
381 358
358 363
363 300
300 734
734 34
34 36
36 683
683 240
240 758
758 515
515 602
602 577
577 248
248 376
376 333
333 722
722 222
222 543
543 173
173 53
53 463
463 653
653 573
573 369
369 126
126 620
620 607
607 571
571 206
206 9
9 432
432 791
791 741
741 495
495 597
597 638
638 739
739 751
751 759
759 733
733 771
771 799
799 707
707 697
697 716
716 752
752 778
778 709
709 783
783 757
757 118
118 76
76 701
701 46
46 687
687 25
25 70
70 13
13 30
30 75
75 97
97 61
61 11
11 18
18 91
91 96
96 45
45 6
6 26
26 136
136 98
98 5
144 157 166 169 170 179 185 190 196 209 220 227 231 241 253 270 278 287 306 307 311 312 315 323 327 329 337 360 364 374 379 383 411 412 414 416 425 429 438 445 448 458 465 482 490 494 497 499 514 530 544 546 583 587 614 615 625 629 643 646 647 657 661 662 669 673 674 677 690 694 695 700 705 715 717 719 727 730 732 745 749 755 760 763 769 777 785 789 790 797 0 2 7 23 38 47 54 56 58 64 65 81 85 89 101 109 112 120 121 122 127 129
121 54
54 89
89 56
56 112
112 65
65 127
127 7
7 38
38 120
120 47
47 58
58 81
81 85
85 101
101 2
2 129
129 64
64 23
23 109
109 122
122 0
0 412
412 674
674 209
209 769
769 253
253 179
179 227
227 669
669 383
383 797
797 364
364 374
374 429
429 190
190 448
448 241
241 717
717 416
416 646
646 379
379 749
749 700
700 185
185 157
157 231
231 307
307 677
677 196
196 763
763 727
727 220
220 705
705 482
482 490
490 278
278 458
458 465
465 327
327 329
329 315
315 169
169 789
789 312
312 425
425 643
643 629
629 323
323 144
144 615
615 614
614 695
695 690
690 445
445 790
790 411
411 170
170 287
287 587
587 414
414 514
514 499
499 337
337 673
673 270
270 715
715 306
306 438
438 785
785 311
311 647
647 694
694 730
730 719
719 583
583 777
777 760
760 530
530 497
497 755
755 546
546 625
625 661
661 494
494 166
166 657
657 732
732 745
745 544
544 360
360 662
133 138 162 167 177 178 180 183 201 203 207 223 237 238 255 257 260 261 265 276 290 292 301 319 322 325 330 332 355 357 366 370 372 377 391 394 400 401 407 410 417 418 419 434 444 447 469 471 472 478 496 507 508 525 528 549 559 584 585 589 599 600 604 624 630 631 634 639 641 652 655 658 660 665 679 684 711 740 748 750 754 761 762 779 784 787 788 795 15 24 29 42 50 63 67 68 69 88 104 111 119 134 137 139 141 151 154 156 161 208 217 224 233 235 239 242 243 262 275 279 283 297 302 328 341 347 351 396 413 431 433 436 464 468 473 475 477 479 483 511 516 523
754 478
478 631
631 788
788 750
750 507
507 444
444 585
585 599
599 177
177 604
604 377
377 761
761 276
276 391
391 207
207 655
655 201
201 238
238 410
410 795
795 779
779 290
290 257
257 260
260 652
652 589
589 679
679 472
472 748
748 394
394 162
162 639
639 357
357 658
658 634
634 660
660 355
355 203
203 223
223 665
665 630
630 417
417 255
255 261
261 787
787 322
322 600
600 525
525 624
624 447
447 784
784 366
366 528
528 292
292 418
418 762
762 496
496 684
684 319
319 372
372 740
740 180
180 301
301 370
370 138
138 407
407 559
559 183
183 325
325 178
178 265
265 419
419 641
641 434
434 584
584 469
469 549
549 237
237 400
400 167
167 332
332 133
133 401
401 508
508 330
330 471
471 711
711 473
473 433
433 50
50 233
233 67
67 242
242 217
217 141
141 151
151 104
104 302
302 235
235 464
464 341
341 239
239 297
297 275
275 479
479 88
88 243
243 477
477 511
511 119
119 523
523 29
29 396
396 161
161 154
154 475
475 139
139 224
224 516
516 69
69 468
468 42
42 262
262 351
351 208
208 279
279 328
328 68
68 347
347 431
431 283
283 483
483 137
137 156
156 63
63 24
24 134
134 111
111 413
413 436
436 15
527 537 539 540 554 590
539 590
590 537
537 527
527 540
540 554
592 595 611 626 632 635 640 645 659 676 689 692 704 713 724 726 729 746 768
713 726
726 595
595 632
632 689
689 611
611 746
746 676
676 724
724 692
692 659
659 640
640 645
645 626
626 704
704 729
729 768
768 635
635 592
