!
112 298 221 348 
348 298
298 112
112 221
202 355 568 577 705 754 422 243 
355 202
202 568
568 577
577 705
705 754
754 422
422 243
84 299 404 
404 299
299 84
210 
82 
208 144 
208 144
383 179 767 
767 179
179 383
578 742 
578 742
760 91 556 
760 91
91 556
107 788 
107 788
684 63 
63 684
595 109 278 
278 109
109 595
670 289 734 413 
413 734
734 289
289 670
586 218 18 20 518 43 
43 518
518 20
20 18
18 218
218 586
215 
414 359 
414 359
196 
396 
199 
544 
280 102 496 
280 102
102 496
669 562 472 
562 669
669 472
213 
737 
351 
46 
731 503 114 
114 503
503 731
443 673 
443 673
150 320 
150 320
277 15 318 
318 15
15 277
235 
416 123 709 
416 123
123 709
633 
513 
125 258 
125 258
227 
315 619 187 
619 315
315 187
49 
781 
219 555 
219 555
154 
780 
174 
650 457 446 265 
457 265
265 446
446 650
140 27 
27 140
241 
692 
759 
620 
346 42 
346 42
599 
189 
41 602 168 
41 602
602 168
314 
111 
681 
564 637 
564 637
224 205 420 
420 224
224 205
468 621 
621 468
614 
6 
169 616 604 188 
169 616
616 604
604 188
652 
201 
157 312 
312 157
83 93 
93 83
626 335 469 678 
626 335
335 469
469 678
374 161 
161 374
543 
295 
405 583 
405 583
598 
286 796 740 281 428 
281 740
740 286
286 796
796 428
302 162 
162 302
262 
230 
78 77 522 
522 77
77 78
375 
311 181 494 317 
311 181
181 317
317 494
504 
142 
447 376 96 
96 376
376 447
569 
100 
451 
119 226 573 106 
106 573
573 226
226 119
367 
170 
248 186 
248 186
521 39 120 694 697 
39 521
521 694
694 120
120 697
519 
193 
113 
632 385 246 
632 385
385 246
279 
393 520 44 576 
44 393
393 520
520 576
283 715 474 688 406 771 167 
167 771
771 406
406 688
688 474
474 715
715 283
397 
660 
155 
640 750 
750 640
122 409 748 
748 122
122 409
787 549 288 132 
549 288
288 787
787 132
203 
454 36 
454 36
200 
29 685 594 
29 685
685 594
73 
498 552 
498 552
653 528 541 9 515 
528 653
653 515
515 541
541 9
23 666 486 
486 23
23 666
403 764 354 643 
403 764
764 354
354 643
477 557 500 
500 477
477 557
536 
618 57 559 
559 57
57 618
481 
784 291 301 478 
478 301
301 784
784 291
234 333 
333 234
153 334 
334 153
778 
54 
401 
4 
372 671 105 
105 671
671 372
711 547 
547 711
25 
344 178 
344 178
95 749 535 19 358 336 
336 358
358 19
19 535
535 95
95 749
198 
502 
585 
529 
118 
103 
12 418 
418 12
331 464 
331 464
364 
92 232 
232 92
459 501 195 753 
753 195
195 501
501 459
287 
310 
601 699 580 687 
699 601
601 580
580 687
561 695 
561 695
634 
14 326 
326 14
539 
680 
197 
526 
347 506 719 591 
347 506
506 591
591 719
693 209 
209 693
479 
624 
527 
718 
273 180 
273 180
630 
285 381 791 
285 381
381 791
124 642 
124 642
382 165 
382 165
126 
204 722 130 440 
130 204
204 722
722 440
417 
623 50 
50 623
482 
110 164 507 572 605 135 223 
223 605
605 135
135 164
164 110
110 507
507 572
435 
779 
570 
589 
53 345 
53 345
360 
141 
74 10 282 
282 74
74 10
436 152 233 691 
233 691
691 152
152 436
554 
747 
68 
255 
80 
173 304 612 
304 612
612 173
22 485 138 
485 22
22 138
271 
411 
423 251 163 11 
423 251
251 163
163 11
700 220 
220 700
530 524 
530 524
542 
727 675 21 
21 727
727 675
654 
798 510 733 776 
776 733
733 798
798 510
668 610 458 35 
610 668
668 458
458 35
133 
399 453 
453 399
775 
55 631 
631 55
644 
607 296 651 260 
651 260
260 607
607 296
391 
352 
402 377 629 
377 629
629 402
67 101 
67 101
674 
450 362 713 455 676 384 708 275 
450 713
713 362
362 455
455 676
676 384
384 708
708 275
217 
274 
90 
146 
71 
8 254 
254 8
649 371 
371 649
729 445 757 789 121 390 
729 445
445 121
121 789
789 757
757 390
437 64 512 
512 437
437 64
493 
247 
272 
98 59 
98 59
400 
665 
256 
532 696 212 429 408 
408 212
212 429
429 532
532 696
38 389 449 378 
389 38
38 449
449 378
744 28 
28 744
13 
686 104 
686 104
421 611 319 702 
319 421
421 611
611 702
689 452 
689 452
799 615 
799 615
743 
706 
147 723 463 394 324 
463 723
723 147
147 394
394 324
639 
766 56 560 
560 56
56 766
252 434 484 
252 434
434 484
613 
609 488 432 339 
339 432
432 488
488 609
151 
31 
491 533 
491 533
316 
131 
175 
284 2 
2 284
216 
772 466 143 657 499 
499 657
657 143
143 772
772 466
58 
538 32 341 
32 341
341 538
249 683 
249 683
321 597 47 303 783 758 
758 783
783 597
597 303
303 321
321 47
166 330 
166 330
553 762 
553 762
395 61 
395 61
746 465 
746 465
268 
297 240 
297 240
192 537 
192 537
148 752 
148 752
782 
388 350 
388 350
85 514 
85 514
99 76 548 
548 99
99 76
704 617 511 65 
704 617
617 511
511 65
322 426 
322 426
88 584 211 730 373 
373 88
88 584
584 211
211 730
433 
467 663 790 70 
663 467
467 790
790 70
470 0 795 116 
470 0
0 795
795 116
419 
156 563 
563 156
603 
134 
566 
237 794 
237 794
489 
17 72 
72 17
703 
712 
480 
172 
139 716 329 361 441 732 26 726 300 313 
139 716
716 361
361 313
313 329
329 441
441 300
300 732
732 726
726 26
293 337 69 
69 337
337 293
229 1 
229 1
473 785 225 628 353 
225 785
785 628
628 473
473 353
136 425 398 
425 136
136 398
755 40 263 
40 263
263 755
244 
751 
183 
87 128 627 306 108 
306 627
627 108
108 128
128 87
745 608 
745 608
206 259 
259 206
369 
415 430 
430 415
797 
773 495 588 308 24 
24 308
308 588
588 495
495 773
245 
257 
590 338 476 
476 590
590 338
525 238 
525 238
431 
641 720 94 
641 720
720 94
191 207 655 267 793 
793 267
267 655
655 207
207 191
558 
635 448 
635 448
145 
60 508 662 16 386 
60 386
386 662
662 508
508 16
356 690 768 
768 690
690 356
647 667 294 769 
647 769
769 667
667 294
462 600 592 
600 462
462 592
81 182 516 171 
171 81
81 182
182 516
774 
551 575 786 363 
575 363
363 786
786 551
392 
30 
725 343 
725 343
97 
571 
656 
323 
505 
763 
327 531 328 
327 531
531 328
190 231 
231 190
305 
492 
574 606 
606 574
185 587 
185 587
48 
239 
412 
439 661 
439 661
534 
340 442 717 
340 442
442 717
410 
75 567 728 158 
75 567
567 728
728 158
379 
738 62 677 770 679 
677 679
679 62
62 770
770 738
66 52 
52 66
309 
648 646 269 
269 646
646 648
490 756 
490 756
682 593 
682 593
736 
438 
370 
638 460 
460 638
37 424 579 
37 579
579 424
325 127 
127 325
664 177 
664 177
407 
33 261 
33 261
242 86 546 270 
546 86
86 242
242 270
540 349 
349 540
739 
714 
659 
427 658 
658 427
582 545 194 
545 194
194 582
565 
724 214 
724 214
625 
777 
3 
264 253 
264 253
129 89 741 
741 89
89 129
292 
184 
159 
276 
761 645 
761 645
636 
368 228 5 461 342 290 
290 461
461 342
342 228
228 5
5 368
7 357 
357 7
707 
444 366 475 160 
160 475
475 366
366 444
365 45 
365 45
701 622 
622 701
332 509 
509 332
550 250 
550 250
596 
307 34 
34 307
792 
149 
387 471 117 517 
387 117
117 471
471 517
222 
51 
483 698 
483 698
456 
236 266 
266 236
380 
137 79 672 
672 79
79 137
523 721 
721 523
581 497 
497 581
710 
487 
765 
176 
115 
735 
