!
423 380 77 649 128 477 298 697 432 361 492 233 142 442 497 74 778 360 276 125 231 620 595 322 315 760 493 604 55 309 68 789 614 325 656 157 723 689 499 345 143 584 403 278 451 319 766 603 28 50 393 307 574 236 427 586 483 534 15 575 461 767 678 222 97 445 457 174 764 705 475 511 335 407 313 725 504 243 119 355 566 257 583 35 762 186 709 328 397 665 141 47 53 524 176 303 348 147 757 460 632 169 242 317 344 463 171 485 658 751 650 79 426 162 434 202 621 411 93 753 554 677 431 311 602 396 476 151 351 38 740 287 440 274 350 713 226 374 629 508 331 6 452 89 512 123 107 59 420 400 129 694 702 134 406 255 288 660 14 556 501 356 522 659 545 755 271 347 252 193 708 608 622 415 453 261 65 646 4 37 153 520 653 270 662 706 66 648 175 113 728 127 260 606 399 289 158 340 619 173 392 634 507 491 296 703 530 334 668 34 295 430 220 115 67 342 204 138 688 768 462 209 338 70 687 529 679 22 250 505 496 398 84 234 99 667 87 235 671 124 479 433 774 373 401 775 414 487 578 643 262 16 719 263 593 237 52 3 378 211 253 73 610 227 101 548 201 730 371 437 685 182 644 592 197 684 701 244 500 471 690 776 144 521 720 314 8 618 166 1 185 569 747 49 617 611 424 580 177 376 642 544 495 546 343 488 11 230 268 781 108 32 729 137 165 472 591 700 100 559 528 793 364 238 64 215 739 780 302 282 254 543 790 518 372 251 456 746 676 539 726 36 794 749 281 428 272 615 443 13 458 326 467 681 513 553 686 750 394 337 436 362 31 95 179 308 567 225 404 183 161 490 450 560 164 131 216 796 229 318 118 280 494 109 395 480 359 45 557 88 661 275 264 2 357 26 41 515 576 607 464 674 81 122 42 425 214 422 114 597 219 69 735 738 759 627 446 777 112 637 412 675 732 249 552 600 581 207 599 699 297 724 149 718 438 549 721 24 57 454 232 785 498 390 478 62 625 481 284 672 58 279 180 316 455 40 633 748 320 72 670 181 379 594 48 474 367 150 381 23 294 195 409 532 44 167 148 75 205 293 368 385 116 466 786 239 540 358 631 91 733 772 324 160 736 722 20 616 582 516 647 663 132 256 120 531 269 448 51 693 292 449 744 773 329 312 323 519 444 189 389 798 43 598 383 96 459 570 585 761 737 468 336 792 333 265 408 218 769 727 224 555 104 203 538 330 752 695 121 787 535 198 341 206 596 763 54 285 639 172 377 635 136 286 573 523 221 352 754 509 638 156 7 563 484 83 9 651 473 588 240 405 10 29 561 200 525 770 60 363 711 564 135 159 102 94 418 707 435 140 106 628 609 421 310 469 571 655 710 624 506 613 212 745 441 103 731 547 71 223 797 783 139 0 375 27 691 
548 47
47 176
176 101
101 462
462 141
141 312
312 744
744 773
773 665
665 303
303 524
524 397
397 329
329 53
53 798
798 519
519 355
355 444
444 119
119 323
323 138
138 243
243 147
147 73
73 348
348 189
189 610
610 227
227 186
186 204
204 116
116 762
762 460
460 385
385 389
389 378
378 260
260 757
757 253
253 768
768 688
688 342
342 709
709 504
504 127
127 211
211 368
368 728
728 520
520 415
415 65
65 786
786 622
622 466
466 334
334 153
153 67
67 328
328 43
43 608
608 646
646 261
261 530
530 313
313 648
648 453
453 725
725 175
175 457
457 668
668 705
705 169
169 445
445 296
296 4
4 407
407 113
113 764
764 373
373 37
37 174
174 491
491 34
34 703
703 340
340 774
774 755
755 475
475 347
347 97
97 22
22 540
540 271
271 511
511 634
634 239
239 158
158 420
420 222
222 392
392 250
250 545
545 678
678 507
507 659
659 335
335 767
767 575
575 708
708 50
50 461
461 193
193 679
679 400
400 619
619 124
124 566
566 606
606 399
399 289
289 173
173 15
15 6
6 28
28 123
123 522
522 242
242 252
252 501
501 129
129 671
671 317
317 338
338 687
687 556
556 257
257 319
319 583
583 505
505 70
70 483
483 529
529 452
452 694
694 586
586 574
574 496
496 89
89 331
331 451
451 344
344 629
629 14
14 702
702 508
508 512
512 151
151 463
463 236
236 35
35 356
356 393
393 84
84 398
398 307
307 476
476 351
351 534
534 427
427 406
406 713
713 584
584 374
374 396
396 143
143 403
403 226
226 171
171 134
134 107
107 288
288 234
234 209
209 766
766 345
345 255
255 740
740 38
38 667
667 632
632 602
602 66
66 278
278 621
621 99
99 485
485 723
723 157
157 660
660 59
59 311
311 689
689 87
87 431
431 202
202 128
128 603
603 499
499 235
235 287
287 653
653 434
434 751
751 270
270 77
77 658
658 295
295 162
162 325
325 650
650 493
493 479
479 433
433 649
649 401
401 426
426 79
79 201
201 614
614 643
643 760
760 662
662 440
440 197
197 380
380 487
487 458
458 578
578 730
730 719
719 411
411 309
309 262
262 414
414 443
443 604
604 93
93 789
789 423
423 706
706 775
775 371
371 615
615 677
677 16
16 753
753 477
477 3
3 554
554 685
685 13
13 272
272 315
315 437
437 274
274 68
68 55
55 182
182 428
428 350
350 644
644 52
52 358
358 298
298 701
701 237
237 281
281 592
592 684
684 263
263 430
430 656
656 231
231 539
539 244
244 8
8 125
125 726
726 74
74 593
593 794
794 314
314 36
36 697
697 500
500 276
276 395
395 676
676 220
220 749
749 620
620 432
432 480
480 497
497 471
471 100
100 442
442 559
559 521
521 528
528 361
361 144
144 115
115 492
492 746
746 690
690 360
360 778
778 142
142 720
720 571
571 710
710 233
233 776
776 322
322 655
655 268
268 326
326 251
251 686
686 488
488 793
793 618
618 595
595 166
166 64
64 343
343 364
364 1
1 467
467 238
238 546
546 302
302 553
553 32
32 11
11 472
472 780
780 137
137 729
729 185
185 681
681 230
230 165
165 108
108 750
750 580
580 215
215 424
424 495
495 513
513 739
739 282
282 591
591 611
611 569
569 544
544 617
617 177
177 781
781 49
49 254
254 310
310 747
747 700
700 691
691 421
421 376
376 456
456 543
543 518
518 337
337 642
642 394
394 790
790 103
103 436
436 609
609 731
731 372
372 106
106 628
628 441
441 308
308 567
567 362
362 31
31 140
140 179
179 547
547 375
375 0
0 783
783 95
95 225
225 745
745 71
71 435
435 490
490 131
131 94
94 418
418 139
139 707
707 216
216 159
159 223
223 102
102 404
404 27
27 797
797 135
135 796
796 564
564 62
62 474
474 183
183 229
229 161
161 450
450 60
60 367
367 711
711 148
148 377
377 478
478 560
560 318
318 770
770 525
525 532
532 75
75 381
381 54
54 164
164 409
409 635
635 390
390 23
23 118
118 48
48 294
294 195
195 150
150 363
363 200
200 561
561 498
498 596
596 205
205 293
293 763
763 469
469 280
280 29
29 181
181 285
285 494
494 44
44 232
232 639
639 206
206 785
785 219
219 359
359 172
172 72
72 557
557 624
624 320
320 45
45 633
633 109
109 506
506 748
748 752
752 631
631 212
212 455
455 40
40 613
613 121
121 88
88 341
341 405
405 438
438 167
167 330
330 149
149 695
695 670
670 316
316 26
26 594
594 240
240 724
724 661
661 535
535 336
336 379
379 357
357 297
297 198
198 718
718 292
292 96
96 787
787 449
449 699
699 383
383 588
588 473
473 275
275 24
24 599
599 721
721 468
468 693
693 581
581 207
207 549
549 459
459 10
10 555
555 264
264 448
448 598
598 570
570 136
136 585
585 2
2 651
651 286
286 737
737 51
51 269
269 597
597 9
9 573
573 761
761 531
531 57
57 454
454 792
792 41
41 120
120 256
256 735
735 42
42 422
422 221
221 515
515 523
523 754
754 333
333 122
122 663
663 132
132 265
265 352
352 69
69 769
769 625
625 464
464 7
7 408
408 156
156 214
214 114
114 81
81 279
279 83
83 576
576 425
425 674
674 607
607 509
509 481
481 218
218 638
638 284
284 484
484 647
647 563
563 672
672 224
224 58
58 727
727 91
91 738
738 733
733 104
104 180
180 160
160 736
736 516
516 203
203 759
759 772
772 538
538 20
20 627
627 324
324 722
722 616
616 446
446 582
582 777
777 732
732 112
112 637
637 249
249 412
412 675
675 552
552 600
366 130 541 187 5 154 46 349 741 259 514 117 184 86 305 696 429 517 266 56 273 527 85 502 382 683 716 98 734 654 715 228 537 791 245 19 565 551 612 771 447 779 673 717 152 465 192 246 758 386 92 413 562 25 568 704 188 577 133 503 196 126 306 652 756 82 743 17 369 194 765 365 33 346 439 698 321 170 213 76 277 110 155 742 39 510 384 353 168 111 657 370 210 304 301 327 267 388 290 80 601 799 712 300 664 354 536 550 258 714 788 533 63 190 208 18 191 419 605 402 682 645 291 199 12 470 579 241 299 641 217 145 78 630 558 247 416 489 146 542 782 636 391 163 339 387 669 623 572 248 21 61 417 587 482 178 486 410 784 589 526 692 640 795 105 666 283 332 30 626 680 90 590 
30 90
90 590
590 332
332 680
680 283
283 626
626 666
666 105
105 795
795 623
623 248
248 572
572 669
669 636
636 387
387 391
391 339
339 163
163 782
782 416
416 542
542 247
247 146
146 558
558 489
489 640
640 299
299 241
241 641
641 589
589 291
291 217
217 784
784 145
145 630
630 692
692 78
78 526
526 402
402 410
410 419
419 605
605 191
191 682
682 645
645 579
579 199
199 12
12 63
63 470
470 190
190 550
550 536
536 258
258 486
486 482
482 178
178 587
587 712
712 208
208 300
300 664
664 18
18 354
354 799
799 788
788 714
714 601
601 21
21 61
61 417
417 80
80 533
533 25
25 447
447 192
192 562
562 413
413 771
771 568
568 290
290 388
388 612
612 779
779 465
465 704
704 565
565 551
551 188
188 33
33 717
717 19
19 365
365 673
673 577
577 152
152 765
765 228
228 791
791 537
537 742
742 92
92 277
277 133
133 155
155 245
245 85
85 305
305 510
510 110
110 194
194 527
527 273
273 76
76 696
696 246
246 349
349 266
266 56
56 46
46 758
758 517
517 429
429 384
384 502
502 210
210 82
82 353
353 213
213 154
154 168
168 741
741 170
170 652
652 346
346 196
196 321
321 756
756 370
370 382
382 5
5 386
386 654
654 39
39 657
657 111
111 306
306 734
734 187
187 503
503 259
259 715
715 126
126 541
541 683
683 743
743 130
130 514
514 117
117 98
98 301
301 439
439 304
304 698
698 716
716 86
86 184
184 366
366 267
267 369
369 327
327 17
