!
33 54 181 190 192
181 190
190 33
33 192
192 54
221 223 233 284 289 304 319 356 377 392 399 414 443 476 562 615 628 697 703 725 733 742 747 6 42 63 64 96 98 136 166 177 178 196 220 224 227 231
377 443
443 733
733 223
223 289
289 476
476 284
284 392
392 304
304 414
414 356
356 628
628 742
742 399
399 615
615 319
319 697
697 221
221 747
747 562
562 233
233 703
703 725
725 178
178 63
63 224
224 6
6 196
196 231
231 42
42 166
166 98
98 177
177 64
64 220
220 96
96 136
136 227
238 267 317 483 511 539 558 569 610 682 729 749 795 34 50 82
682 558
558 483
483 749
749 610
610 238
238 82
82 317
317 267
267 511
511 569
569 539
539 795
795 729
729 34
34 50
114 141
114 141
155 157 237
157 155
155 237
278 285 406 407 413 453 481 500 564 567 624 627 633 658 678 689 693 730 25 44 49 97 138 253 272 344 347 366
406 567
567 413
413 693
693 689
689 678
678 481
481 285
285 658
658 407
407 278
278 564
564 453
453 633
633 624
624 730
730 627
627 500
500 97
97 138
138 347
347 49
49 253
253 25
25 344
344 44
44 366
366 272
383 416 448 485 537 543 575 587 596 599 625 679 743 789 790 27 104 144 151
151 144
144 104
104 27
27 485
485 587
587 599
599 790
790 789
789 679
679 575
575 543
543 537
537 383
383 596
596 416
416 448
448 625
625 743
161 180 189 218 219 277 280 372 387
219 161
161 280
280 218
218 189
189 387
387 277
277 180
180 372
415 465 489 574 611 648 700 701
465 648
648 701
701 574
574 611
611 415
415 489
489 700
713 727 768 771 8 21 26 79 91 94 135 186 206 212 286 426 456 460 466 494 514
768 727
727 771
771 713
713 286
286 91
91 460
460 514
514 426
426 466
466 212
212 494
494 186
186 21
21 135
135 206
206 8
8 94
94 26
26 79
79 456
552 571 656 680 709 712 769 38 66 203 245 258 259 292 315 357 362 367
38 259
259 203
203 362
362 258
258 367
367 357
357 571
571 245
245 680
680 769
769 552
552 315
315 66
66 712
712 292
292 709
709 656
384 398 422 423 433 501 517
422 501
501 423
423 398
398 517
517 433
433 384
559 638 646 670 704 724 87 95 105 125 217 225 239 321
105 239
239 87
87 321
321 95
95 217
217 225
225 125
125 724
724 646
646 704
704 559
559 670
670 638
405 427 440 472 479 484 531 578 579 642 661 687 751 754 756 783 89 100 172 194 198 232
531 642
642 472
472 440
440 172
172 100
100 479
479 194
194 579
579 232
232 484
484 661
661 427
427 751
751 578
578 756
756 89
89 783
783 405
405 198
198 687
687 754
244 288 293 309
293 309
309 288
288 244
355 371 446 486 549 550 647 651 652 672 676 719 770 799 1 7 29 51 154 243 291 329
652 647
647 799
799 676
676 550
550 371
371 446
446 770
770 486
486 549
549 719
719 672
672 355
355 651
651 7
7 1
1 51
51 29
29 154
154 291
291 243
243 329
339 424
424 339
454 471 478
471 454
454 478
544 597 655 675 684
675 597
597 655
655 684
684 544
732 753 763 774 785 32 81 101 147 167 228 265 282 297 308 330 331 348 352 378 429
331 282
282 297
297 308
308 81
81 352
352 378
378 101
101 265
265 228
228 167
167 330
330 348
348 147
147 32
32 429
429 753
753 774
774 732
732 763
763 785
576 582 632 637 681 707 776 13 47 62 127
13 62
62 127
127 47
47 637
637 582
582 776
776 576
576 632
632 707
707 681
183 250 290 318 437 450 467 509 519 541 545 590 592 673 696 735 772 791
318 250
250 290
290 791
791 467
467 673
673 183
183 545
545 509
509 592
592 437
437 450
450 696
696 590
590 772
772 519
519 541
541 735
78 120 130 149 179 251 305 314 322 334 342 557 591 593 621 640 745 746 764 765 779 787 28 30 36 164 176 240 262 310 313 361 380 410 480 488 502 522 524 595 631 737 740 793 37 52 53 76 106 126 215 279 300 302 311 376 510 533 536 540 548 556 755 786
522 595
595 740
740 737
737 262
262 240
240 410
410 480
480 380
380 310
310 30
30 313
313 488
488 361
361 176
176 524
524 793
793 36
36 502
502 164
164 631
631 28
28 533
533 126
126 536
536 548
548 300
300 37
37 786
786 755
755 76
76 53
53 52
52 540
540 302
302 556
556 376
376 311
311 215
215 279
279 510
510 106
106 779
779 591
591 787
787 149
149 314
314 640
640 764
764 322
322 305
305 745
745 78
78 179
179 130
130 746
746 120
120 334
334 251
251 765
765 557
557 621
621 593
593 342
794 75 112 118 146 163 169 173
794 118
118 112
112 169
169 75
75 163
163 146
146 173
174 182 246 252 255 390 409 457 553 572 594 645 723 780 67 119 142 187 269 354 360 369 452 487 490 528 538 565 613 619 669 694 781 11 17 35 109 184 207 256 281 312 338 340 364 447 461 532 535 649 686 58 103 124 143
207 256
256 17
17 532
532 461
461 338
338 281
281 535
535 364
364 447
447 340
340 35
35 184
184 669
669 686
686 11
11 187
187 109
109 312
312 452
452 360
360 649
649 487
487 619
619 723
723 694
694 354
354 553
553 119
119 781
781 246
246 409
409 490
490 613
613 182
182 269
269 369
369 528
528 142
142 143
143 174
174 780
780 565
565 457
457 67
67 572
572 538
538 390
390 255
255 58
58 103
103 645
645 594
594 252
252 124
159 200 249 325 391 400
391 159
159 325
325 249
249 200
200 400
418 419 434 469 475 555 598 798 22 59 69 71 72 115 148 199 213 328 394 396 445 458 464 585 650 762 14 18 77 107 108 208 241 295 350 370 375 411 436 560 580 609 616 766 158 193 226 242 301 320 335 346 470 498 504 530 554 573
458 72
72 394
394 445
445 115
115 762
762 328
328 396
396 650
650 59
59 213
213 71
71 22
22 585
585 199
199 69
69 464
464 148
148 504
504 554
554 335
335 350
350 436
436 530
530 295
295 560
560 411
411 242
242 320
320 226
226 208
208 616
616 766
766 346
346 107
107 498
498 77
77 158
158 241
241 193
193 301
301 470
470 375
375 609
609 18
18 573
573 14
14 370
370 580
580 108
108 798
798 555
555 469
469 418
418 598
598 434
434 475
475 419
607 699 721 734 86 122 139 153 209 294 303 444 491 496 523 547 660 722 728 757 778 0 40 41 80 90 116 133 235 236 261 393 495 505 518
116 90
90 518
518 133
133 393
393 261
261 40
40 41
41 235
235 80
80 495
495 236
236 505
505 0
0 734
734 699
699 721
721 607
607 523
523 778
778 139
139 728
728 444
444 757
757 153
153 86
86 496
496 294
294 491
491 122
122 547
547 209
209 660
660 303
303 722
520 664 717 24 168 270 296 327 365 379 395 417 493 526 563 601 667 731 738 748 9 23 57 152 230
520 664
664 717
717 748
748 563
563 24
24 417
417 395
395 731
731 493
493 379
379 738
738 365
365 526
526 667
667 327
327 296
296 168
168 601
601 270
270 23
23 57
57 9
9 230
230 152
298 343 412 425 581 584 663 666 683 752 773
663 581
581 752
752 425
425 298
298 584
584 412
412 343
343 773
773 683
683 666
70 110 137 160 216 287 324 385 477 492 499 635 691 716 744 797
324 797
797 287
287 635
635 70
70 385
385 716
716 691
691 160
160 110
110 216
216 477
477 499
499 744
744 492
492 137
2
46 117 140
117 46
46 140
175 276 333 373 388 402 586
586 175
175 402
402 276
276 388
388 333
333 373
688 705 739 760 4 45 48 68 185 266 273 358 439 551
48 4
4 705
705 185
185 439
439 266
266 688
688 358
358 68
68 739
739 760
760 273
273 45
45 551
623 654 668 695 750 5 16 56 88
623 654
654 668
668 750
750 695
695 88
88 56
56 5
5 16
191 210 323 349 482 577 588 622 671 677
677 577
577 191
191 323
323 349
349 622
622 588
588 671
671 482
482 210
65 131
131 65
145 162 195 214 306 326 430 570 605 618 767 784 12 19 85 248 283 307 345 602 630 643 710 715 720 775 61 74 83 128 204 211 271 332 336 606 641 711 718 788 92 99 102 121 123 260 264 316 403 463 561 568 714 761
92 463
463 74
74 204
204 102
102 332
332 714
714 61
61 761
761 316
316 271
271 403
403 128
128 641
641 718
718 121
121 606
606 99
99 568
568 264
264 260
260 211
211 83
83 788
788 123
123 561
561 711
711 336
336 710
710 248
248 643
643 602
602 307
307 630
630 12
12 19
19 715
715 85
85 430
430 720
720 784
784 345
345 605
605 775
775 283
283 214
214 767
767 570
570 195
195 162
162 145
145 326
326 306
306 618
93 171 247 341 359 404 513 529 603 626 657 659 741 782 39 43 268 299 397 401 420 438 468 474 644 662 726 132 156 274 353 442 525 546 620 685 692 706 758 796 84 188 197 337 386 428 451 462 503 600
442 706
706 353
353 758
758 274
274 132
132 525
525 156
156 620
620 796
796 546
546 685
685 692
692 726
726 39
39 299
299 401
401 644
644 438
438 43
43 268
268 662
662 474
474 468
468 420
420 397
397 428
428 337
337 451
451 503
503 84
84 247
247 386
386 197
197 359
359 600
600 462
462 657
657 659
659 404
404 782
782 513
513 93
93 188
188 171
171 626
626 529
529 341
341 603
603 741
617 653 708 3 10 20
20 10
10 3
3 617
617 708
708 653
31 73 263 512 534 542 629 665 690 113 222 229 381 382 389 435 515 521 589 612 698 134 150 202 234 351 374 431 455 506 507
73 534
534 31
31 542
542 512
512 690
690 629
629 665
665 263
263 150
150 431
431 455
455 351
351 202
202 506
506 234
234 134
134 507
507 374
374 382
382 222
222 521
521 612
612 113
113 589
589 381
381 229
229 698
698 515
515 389
389 435
608 759 201 257 275 408 441 459 516 604 639
516 441
441 408
408 201
201 257
257 459
459 604
604 275
275 639
639 608
608 759
674 777 15 60 254 363 421 432 508 636 702 736 129 165 205 368 449 497 527 583 792 55 111 170 473 566
60 432
432 702
702 508
508 363
363 421
421 15
15 636
636 736
736 254
254 777
777 674
674 205
205 165
165 792
792 449
449 368
368 497
497 583
583 527
527 129
129 55
55 111
111 170
170 566
566 473
614 634
614 634
