!
650 
309 
281 256 
281 256
796 663 377 
377 796
796 663
547 10 
10 547
740 0 15 
15 0
0 740
6 453 
453 6
645 581 146 92 
92 146
146 581
581 645
713 774 
713 774
303 82 743 
303 82
82 743
289 88 101 46 350 455 203 4 182 374 
182 4
4 203
203 289
289 455
455 88
88 101
101 46
46 374
374 350
324 
334 780 278 35 445 306 
334 278
278 780
780 35
35 445
445 306
153 
490 69 687 
490 69
69 687
25 114 
25 114
733 
176 331 785 
176 331
331 785
609 
230 
431 410 
410 431
579 678 38 22 792 656 291 404 
792 291
291 678
678 656
656 404
404 579
579 38
38 22
163 386 95 
163 95
95 386
530 298 452 
452 298
298 530
764 412 
412 764
676 36 363 
363 676
676 36
421 269 383 348 312 433 54 179 
348 269
269 421
421 383
383 312
312 433
433 54
54 179
443 50 105 425 216 258 595 768 
768 595
595 216
216 258
258 425
425 50
50 443
443 105
720 461 308 211 58 191 259 208 263 
263 259
259 208
208 191
191 58
58 720
720 461
461 308
308 211
44 
47 554 602 
47 554
554 602
761 
428 
70 338 
70 338
371 
701 326 679 
326 701
701 679
204 
705 349 149 3 
349 705
705 3
3 149
351 
639 
87 294 499 353 403 27 
27 403
403 294
294 353
353 87
87 499
367 501 
501 367
437 143 
143 437
317 332 140 
140 332
332 317
368 
691 772 
772 691
765 
719 132 241 677 416 51 160 
719 132
132 241
241 416
416 51
51 677
677 160
576 
126 751 355 
126 751
751 355
558 629 604 20 724 
724 20
20 604
604 558
558 629
364 
357 8 
8 357
669 
121 
180 
376 342 568 418 566 
376 568
568 418
418 566
566 342
173 
514 200 
514 200
75 138 39 
75 138
138 39
477 
488 37 673 237 737 497 635 401 152 61 
497 635
635 237
237 37
37 673
673 488
488 737
737 61
61 401
401 152
405 735 406 99 
405 406
406 99
99 735
76 578 479 
578 479
479 76
782 
572 250 675 
250 572
572 675
608 168 446 145 60 
446 168
168 145
145 608
608 60
717 660 378 272 414 615 533 299 779 704 142 449 
449 660
660 717
717 272
272 378
378 414
414 615
615 533
533 299
299 779
779 704
704 142
795 786 
786 795
352 
545 98 
98 545
9 606 527 683 
527 9
9 606
606 683
500 690 
500 690
649 628 797 
649 628
628 797
459 612 
459 612
93 
141 636 647 
636 647
647 141
487 396 726 316 
396 726
726 487
487 316
271 472 83 232 
271 83
83 472
472 232
586 762 652 
762 652
652 586
657 97 661 
661 97
97 657
562 
791 408 519 
519 408
408 791
460 698 
460 698
40 254 556 333 43 447 422 161 570 136 
333 422
422 556
556 447
447 43
43 40
40 254
254 570
570 161
161 136
607 201 715 174 699 430 617 643 
430 174
174 715
715 699
699 617
617 643
643 201
201 607
640 564 188 454 523 112 
523 112
112 454
454 188
188 564
564 640
522 718 
718 522
631 658 
631 658
177 397 427 440 
427 440
440 177
177 397
481 
694 202 131 238 511 508 
131 694
694 202
202 238
238 508
508 511
321 
295 493 130 
295 493
493 130
777 
729 426 228 341 
341 426
426 228
228 729
787 190 
787 190
555 323 603 62 264 513 
513 603
603 62
62 555
555 323
323 264
475 
742 624 462 466 81 456 
624 742
742 462
462 466
466 81
81 456
766 
502 
96 
623 491 80 738 222 
222 738
738 80
80 491
491 623
234 728 659 245 
245 659
659 728
728 234
48 492 84 752 320 
320 752
752 84
84 492
492 48
89 150 284 
89 284
284 150
685 340 
685 340
498 754 170 162 
498 170
170 754
754 162
471 67 
471 67
273 5 548 
548 5
5 273
59 94 758 277 
277 59
59 94
94 758
730 31 34 42 
42 34
34 31
31 730
593 388 438 
388 593
593 438
436 
107 300 666 175 223 156 239 450 
239 450
450 156
156 666
666 107
107 300
300 175
175 223
597 424 
424 597
773 
108 198 525 750 524 310 478 280 41 494 700 158 755 
478 755
755 310
310 41
41 524
524 280
280 108
108 158
158 198
198 700
700 525
525 494
494 750
528 337 
528 337
137 734 614 451 509 30 313 565 505 531 710 
137 509
509 734
734 505
505 451
451 614
614 565
565 30
30 313
313 531
531 710
790 373 594 
594 790
790 373
115 
662 260 680 775 389 
389 775
775 680
680 260
260 662
571 465 400 794 688 598 798 147 486 346 
486 147
147 798
798 346
346 598
598 794
794 465
465 571
571 688
688 400
420 630 483 
483 420
420 630
521 184 
521 184
224 
748 
551 714 634 
634 551
551 714
590 154 
590 154
712 268 
712 268
799 415 457 626 
799 457
457 415
415 626
746 65 407 
407 65
65 746
267 
305 393 648 372 186 616 358 553 
553 358
358 616
616 186
186 305
305 648
648 393
393 372
370 423 417 689 
689 417
417 370
370 423
235 
480 
484 288 681 247 226 
247 681
681 288
288 226
226 484
282 473 
473 282
432 504 711 344 708 429 209 
209 429
429 708
708 344
344 432
432 504
504 711
563 529 120 
563 529
529 120
541 55 118 270 304 
270 304
304 55
55 541
541 118
91 
395 
601 723 651 
651 601
601 723
293 642 620 113 119 
620 642
642 293
293 113
113 119
219 
599 292 
599 292
725 411 330 716 770 574 
770 716
716 725
725 411
411 330
330 574
286 557 587 
286 557
557 587
394 380 510 
510 380
380 394
559 
507 756 732 520 588 736 
736 588
588 520
520 732
732 756
756 507
45 
709 
343 
464 637 189 307 
307 189
189 637
637 464
11 778 
778 11
253 741 788 26 
741 788
788 253
253 26
109 627 489 749 274 283 
283 109
109 627
627 489
489 749
749 274
285 707 515 221 197 784 469 
197 221
221 515
515 707
707 784
784 285
285 469
85 252 360 193 
360 193
193 85
85 252
470 
517 
335 110 
110 335
171 
390 731 
731 390
240 
605 441 71 18 600 165 213 381 721 532 
721 532
532 381
381 605
605 18
18 441
441 600
600 71
71 165
165 213
53 739 
53 739
129 458 21 
21 458
458 129
516 311 
516 311
251 29 
251 29
90 382 187 
187 382
382 90
365 621 257 467 261 793 655 463 57 506 74 301 262 
655 74
74 301
301 463
463 621
621 793
793 262
262 365
365 257
257 261
261 467
467 57
57 506
589 543 387 172 199 290 354 135 757 19 
19 387
387 172
172 290
290 199
199 135
135 354
354 543
543 589
589 757
275 419 638 
275 419
419 638
573 697 287 577 366 549 78 537 
549 366
366 697
697 287
287 577
577 573
573 78
78 537
139 185 
139 185
181 546 314 167 
181 314
314 546
546 167
664 
584 347 123 
584 347
347 123
583 632 591 
591 583
583 632
722 622 144 610 231 
231 610
610 144
144 622
622 722
327 242 100 753 220 402 
100 327
327 242
242 753
753 220
220 402
210 668 214 
210 668
668 214
7 79 582 356 116 
356 582
582 116
116 79
79 7
225 244 17 266 
225 244
244 17
17 266
665 
399 
385 
155 
435 542 
542 435
561 276 567 104 534 
534 104
104 567
567 561
561 276
384 448 103 
384 448
448 103
392 122 
392 122
696 236 
696 236
409 692 
409 692
24 
646 585 
646 585
296 73 362 
362 73
73 296
23 
102 
693 670 
693 670
539 671 
671 539
178 552 
552 178
159 
633 319 196 
196 319
319 633
767 233 442 
767 233
233 442
169 
759 
124 684 769 325 
769 325
325 124
124 684
476 125 789 535 
125 476
476 789
789 535
111 
72 745 641 611 127 183 
641 72
72 745
745 127
127 611
611 183
56 16 
56 16
195 702 
195 702
444 64 
444 64
654 672 575 
575 672
672 654
302 229 
229 302
128 86 339 151 32 695 329 
128 86
86 339
339 151
151 32
32 695
695 329
246 413 
246 413
12 
68 
379 33 212 674 207 
674 212
212 207
207 33
33 379
248 
217 
2 
625 
134 
117 
14 
192 106 52 
192 106
106 52
318 540 474 
318 474
474 540
315 580 760 328 345 526 
526 345
345 328
328 580
580 315
315 760
618 194 763 
763 618
618 194
215 771 
215 771
63 485 218 703 148 164 644 
644 164
164 148
148 703
703 63
63 485
485 218
667 
686 482 361 
482 686
686 361
592 359 653 49 495 
495 653
653 359
359 592
592 49
227 613 538 
613 538
538 227
391 
682 
297 544 375 744 439 776 398 
297 776
776 544
544 439
439 744
744 375
375 398
536 
1 
206 
560 
28 619 
28 619
503 
279 
249 369 
249 369
243 518 13 596 747 
13 596
596 243
243 518
518 747
336 496 66 166 
336 496
496 66
66 166
550 
512 
255 781 
255 781
727 205 133 322 
322 133
133 205
205 727
434 
706 468 265 77 157 783 
77 265
265 157
157 706
706 468
468 783
569 
