!
14 38 53
53 38
38 14
84 91 154 176 179 201 321 343 355 393 413 419 467 512 543 565 576 581 615 631 651 689 706 755 7 8 13 15 24 61 83
24 83
83 61
61 8
8 7
7 13
13 15
15 393
393 651
651 615
615 467
467 355
355 154
154 512
512 576
576 543
543 631
631 84
84 419
419 321
321 176
176 706
706 689
689 91
91 413
413 179
179 565
565 201
201 581
581 755
755 343
89 125 159 180 185 215 236 248 262 285 298 520 611 720 734 763 792 1 54 132
1 54
54 132
132 611
611 720
720 298
298 89
89 215
215 285
285 262
262 180
180 185
185 792
792 248
248 159
159 236
236 520
520 763
763 125
125 734
156 192 196 291 308 332 362 367 376 381 384 422 445 610 632 662 675 724 726 762 781 64 70 73 157 163
157 73
73 163
163 70
70 64
64 192
192 610
610 384
384 675
675 196
196 762
762 781
781 724
724 156
156 332
332 376
376 367
367 362
362 726
726 291
291 662
662 308
308 381
381 422
422 632
632 445
214 237 295 424 425 478 514 523 571 607 624 635 657 708 709 735 749 786 23 57 96 136 267 282 311 326 375 399 415 536 552 585 590 629 712 740 751 772 785 799 31 46 56 98 147 229 232 271 340 475 501 513 526 555 558 564 574 580
513 271
271 46
46 31
31 98
98 558
558 232
232 475
475 555
555 147
147 56
56 340
340 526
526 580
580 574
574 229
229 501
501 564
564 709
709 624
624 571
571 749
749 425
425 478
478 237
237 514
514 523
523 708
708 786
786 424
424 735
735 657
657 635
635 295
295 214
214 607
607 23
23 590
590 740
740 399
399 375
375 267
267 552
552 799
799 585
585 415
415 772
772 629
629 311
311 282
282 751
751 326
326 57
57 785
785 136
136 536
536 712
712 96
626 698 767 59 133 211 242 310 357 373 405 416 457 469 557 608 619 643 647 650 733 747 768 780 47 124 144 145 158 220 233 239 327 349
698 767
767 626
626 327
327 145
145 239
239 47
47 124
124 144
144 233
233 158
158 349
349 220
220 59
59 608
608 780
780 416
416 650
650 133
133 647
647 405
405 747
747 768
768 242
242 457
457 643
643 733
733 373
373 211
211 469
469 557
557 310
310 619
619 357
440 521 559 617 630
440 630
630 521
521 617
617 559
649 654 714 741 766 22 33 80 188 218 312 328 344 464 495 510 535 561 575
328 188
188 218
218 535
535 495
495 561
561 510
510 312
312 80
80 33
33 344
344 22
22 575
575 464
464 649
649 654
654 714
714 766
766 741
583 678 692 722 752 759 45 49 135 146
759 692
692 722
722 752
752 583
583 678
678 45
45 135
135 146
146 49
166 178 195 305 372 389 417 462 466 488 494 621
494 195
195 166
166 462
462 389
389 305
305 621
621 417
417 488
488 466
466 372
372 178
693 702 787 37 234 238 293 297 335 338 408 471 505 507 545 622 627 684 721 778 779 791 4 35 52 69 74 97 199 235 318
778 238
238 297
297 37
37 234
234 505
505 791
791 622
622 627
627 293
293 507
507 408
408 545
545 684
684 471
471 721
721 335
335 338
338 779
779 235
235 69
69 52
52 318
318 97
97 74
74 35
35 199
199 4
4 702
702 693
693 787
331 392 553 655 671 730 745 746 771 775 25 92 102 110 126 141 155 213 334
25 141
141 334
334 92
92 213
213 110
110 155
155 126
126 102
102 331
331 553
553 745
745 392
392 771
771 746
746 775
775 671
671 655
655 730
414 473 490 503 508 595 638 641 687 43 66 81 169 177 226 263 288 300 301 383 406 410 423 516 518 685 694
473 414
414 595
595 503
503 638
638 641
641 490
490 508
508 177
177 687
687 66
66 300
300 406
406 518
518 423
423 288
288 301
301 694
694 43
43 169
169 226
226 516
516 81
81 263
263 410
410 383
383 685
93 106 142 148 160 167 212 217 348 379 397 511 517 587 588 600 604 661 19 107 143 181 241 256 260 277 278 428 459 530 609 676 715 728 774 76 88 103 172 182 240 268 333 350 491 550 596 601
103 491
491 182
182 333
333 240
240 350
350 268
268 172
172 596
596 88
88 550
550 76
76 601
601 379
379 106
106 661
661 348
348 587
587 588
588 217
217 604
604 212
212 511
511 517
517 160
160 167
167 93
93 142
142 600
600 148
148 397
397 428
428 676
676 728
728 143
143 256
256 181
181 530
530 241
241 107
107 277
277 19
19 774
774 459
459 260
260 609
609 715
715 278
634 672 719 758 16 129 209 329 377 430 455 468 480 532 572 586 636 644 665 668 783 41 60 118 128 222 230 249 272 274 342 387 486 538 547 642 659 105 203 205
634 719
719 672
672 758
758 783
783 668
668 480
480 129
129 586
586 16
16 636
636 329
329 532
532 209
209 430
430 644
644 455
455 665
665 377
377 572
572 468
468 538
538 272
272 118
118 222
222 342
342 41
41 128
128 486
486 642
642 659
659 230
230 60
60 547
547 274
274 387
387 249
249 203
203 105
105 205
221 254 275 287 320 341
254 287
287 320
320 221
221 275
275 341
364 404 411 452
364 452
452 404
404 411
496 660 666 11 27 77 191 197 219 251
11 219
219 27
27 191
191 197
197 77
77 251
251 666
666 496
496 660
252 257 361 380 453 533 548 691 789 130 139 294 307
548 361
361 533
533 691
691 453
453 252
252 789
789 380
380 257
257 130
130 139
139 307
307 294
323 347 396
323 396
396 347
484 498 648 677
498 677
677 484
484 648
699 732 750 784 788 30 51 246 270 292 304
246 30
30 304
304 51
51 292
292 270
270 699
699 732
732 750
750 788
788 784
351 483 573 582 597 602 606
483 351
351 602
602 606
606 597
597 582
582 573
640 667 790 120 127 173 286 315 446 454 460 463 465 598 625 690 725 736 50 79 85 100 151 162
667 625
625 640
640 690
690 598
598 463
463 790
790 725
725 446
446 460
460 736
736 127
127 454
454 120
120 173
173 286
286 465
465 315
315 162
162 50
50 85
85 151
151 79
79 100
223 225 231 273 391 540 591 688 777 138 189 210 227 247
247 189
189 138
138 227
227 210
210 223
223 777
777 231
231 540
540 688
688 273
273 391
391 225
225 591
279 382 429 461 568 618 656 683 738 782 26
568 683
683 461
461 738
738 429
429 618
618 782
782 382
382 656
656 279
279 26
175 330 337 385 431 474 534
431 474
474 175
175 385
385 330
330 534
534 337
537 686 713 729 756 760 794 55 101
686 729
729 713
713 756
756 55
55 794
794 537
537 760
760 101
111 174 187 204
174 187
187 111
111 204
206 324 378 388 442 566 673 744 764 28 40 63 149 200 281 296 353 482 519 525 541 652 723 9 116 137 183 394 409
9 137
137 183
183 116
116 409
409 394
394 324
324 723
723 566
566 652
652 388
388 296
296 378
378 744
744 353
353 541
541 149
149 63
63 206
206 764
764 442
442 673
673 519
519 40
40 525
525 28
28 200
200 281
281 482
426 500 504 594 599 710 754 761 39 48 184 284 290 316 319
754 500
500 710
710 426
426 599
599 504
504 761
761 594
594 284
284 184
184 39
39 316
316 48
48 319
319 290
395 432 562 577 653 670 748
748 653
653 395
395 562
562 432
432 670
670 577
18 68
18 68
114 117 123 152 153 171 289 365 390 542 570
570 114
114 171
171 390
390 153
153 365
365 152
152 123
123 289
289 117
117 542
658 62 71 164
164 71
71 62
62 658
317
322 325 400 444
325 444
444 322
322 400
458 524 589 639 646 753 5 29 36 72 165 356 420 421 439 470 613 620 663 21
663 613
613 21
21 36
36 439
439 72
72 165
165 420
420 29
29 470
470 5
5 620
620 356
356 421
421 458
458 589
589 646
646 639
639 753
753 524
67 104 243 443 472 481 669 680 681 717 737 798 20 99 113 121 186 208 346 528 531 556 612 727 731 168 244 280 360 398
67 717
717 481
481 680
680 104
104 243
243 669
669 681
681 443
443 472
472 737
737 798
798 99
99 528
528 208
208 186
186 612
612 727
727 121
121 556
556 731
731 113
113 20
20 531
531 346
346 280
280 244
244 398
398 360
360 168
522 551 567 578 696 711
522 578
578 696
696 551
551 711
711 567
739
765 12 86 119 264 359 403 412 437 506
119 437
437 12
12 506
506 403
403 86
86 359
359 412
412 264
264 765
603 682
603 682
695 17 78 87 122 224 313 352 448 450 502 539 796 6 32
32 6
6 695
695 224
224 502
502 78
78 352
352 87
87 448
448 450
450 539
539 313
313 122
122 796
796 17
108 112 131
112 131
131 108
358 402 427 476
476 358
358 402
402 427
489 499 773 82 109 216 306 354 363 436 449 479 579 645 674
436 109
109 306
306 674
674 449
449 216
216 363
363 579
579 82
82 499
499 645
645 479
479 489
489 354
354 773
95 140
140 95
190
193 370 487 515 592 616 679 795 797 44 94 134
616 797
797 679
679 370
370 487
487 193
193 515
515 795
795 592
592 134
134 94
94 44
336 369 447 554 707 716 743 3 202 261 302 314 339 345 623 628 664 75 150 265 266 401 433 451 584 718 742 245 255 259 309 418 493 563 569 637 704 90 198 228
569 255
255 418
418 245
245 704
704 563
563 493
493 309
309 637
637 259
259 198
198 90
90 228
228 261
261 743
743 345
345 623
623 336
336 314
314 664
664 302
302 3
3 447
447 554
554 339
339 716
716 202
202 707
707 628
628 369
369 265
265 266
266 742
742 718
718 433
433 401
401 451
451 584
584 150
150 75
276 374 434 697 705 757 770 258 303 366 435 438 492 544 546 605 776 0 10 34 65 115 253 407 456
492 435
435 605
605 438
438 303
303 366
366 546
546 258
258 544
544 776
776 374
374 757
757 434
434 770
770 697
697 276
276 705
705 253
253 456
456 10
10 407
407 65
65 115
115 34
34 0
497 593 161 170 207 283 299 441 485 509 769 42 194 368 371 477 527 560 614 703 58 250 269 529 633 701 793 2 386 549 700
58 793
793 633
633 269
269 529
529 701
701 250
250 700
700 549
549 2
2 386
386 161
161 769
769 207
207 170
170 299
299 441
441 283
283 509
509 485
485 703
703 560
560 194
194 477
477 42
42 371
371 527
527 368
368 497
497 614
614 593
