!
140 199 303 314 327 368
368 314
314 303
303 327
327 199
199 140
438 472 483 500 541 570 625 45
45 625
625 570
570 438
438 541
541 472
472 500
500 483
73 263
263 73
325
349 406 426 480 515 619 634 5 62 83 144 322 347 454 531 542 604 717
480 426
426 406
406 144
144 322
322 619
619 542
542 634
634 5
5 349
349 83
83 717
717 347
347 531
531 454
454 515
515 604
604 62
38 61 120
61 38
38 120
220 269 275 309 678 733 752 766 27
27 275
275 766
766 269
269 752
752 733
733 678
678 309
309 220
85 100 157 451 462 467 695 711 715 25
25 157
157 711
711 467
467 451
451 462
462 715
715 85
85 695
695 100
49 59
49 59
118 206 458 543 646 650 796 20 202 273 361 402
118 206
206 458
458 796
796 650
650 646
646 543
543 20
20 273
273 361
361 202
202 402
474
514 613 620 687 135 164 193 221 261 415
613 620
620 514
514 687
687 164
164 193
193 221
221 415
415 261
261 135
494 532
494 532
633 697 12 119 160 179 498 524 599
119 179
179 524
524 599
599 498
498 160
160 12
12 697
697 633
657 662
662 657
32 281 412
32 281
281 412
423 561 637 707 714 732 176 244 319 482 488
488 319
319 176
176 244
244 482
482 561
561 637
637 732
732 714
714 423
423 707
548 552
548 552
596 785
785 596
4 143 223 287 405
4 143
143 405
405 287
287 223
459 592 641 700 182 268
700 459
459 641
641 592
592 182
182 268
428 503
428 503
606 645 681 693 694 99 165 211 233 321 344 356 370 744
693 645
645 681
681 606
606 694
694 321
321 356
356 211
211 344
344 370
370 99
99 165
165 233
233 744
86 186 234 311 362 447 545
234 86
86 186
186 447
447 545
545 311
311 362
704 797 13 19 37 77 126 408 449 453 499 88 297 299 481 589 731
589 297
297 299
299 88
88 481
481 731
731 13
13 19
19 453
453 37
37 408
408 126
126 77
77 499
499 449
449 704
704 797
735 764 169 181 301
301 169
169 181
181 764
764 735
333 413 513 629 787 34 97 201 278
787 413
413 629
629 513
513 333
333 34
34 97
97 278
278 201
341 384 414 576 3 105
3 105
105 576
576 384
384 341
341 414
270 271 272 300 308 680 55 134 242 276 350 626 664 668 39 130 167 191 215 489 602 648 369 390 400 443 574 630 770 775 82
443 775
775 369
369 770
770 400
400 390
390 574
574 630
630 300
300 271
271 680
680 308
308 270
270 272
272 82
82 350
350 134
134 664
664 242
242 668
668 626
626 276
276 55
55 39
39 602
602 130
130 648
648 167
167 489
489 191
191 215
158 282 317 330
330 282
282 158
158 317
429 575 793 17 205 222 302 380 440
575 429
429 793
793 17
17 380
380 440
440 222
222 302
302 205
549
603 104 283
283 104
104 603
342
479
702 754 760 778 26 44 132 200
754 760
760 702
702 778
778 200
200 132
132 26
26 44
315
607 653 761 123 396 419 491
123 396
396 491
491 419
419 607
607 653
653 761
495 624 674 773 89
773 624
624 674
674 495
495 89
122 152 161 188 411 649 689
152 649
649 411
411 689
689 188
188 161
161 122
70
93
146 197
146 197
213 374 522 618 156 289 434
213 522
522 618
618 374
374 289
289 156
156 434
546 730 755 763 392 430 436 594 666 708
392 594
594 436
436 666
666 708
708 430
430 755
755 730
730 763
763 546
713 22 194 279
22 194
194 279
279 713
559
566 580 709 180 195 339 409 437 582 771
709 580
580 566
566 771
771 582
582 437
437 195
195 180
180 409
409 339
284 285 291 383 510 601 772 58 113
383 510
510 291
291 285
285 772
772 284
284 601
601 58
58 113
439 475 501 517 747 153 190 212 343
212 190
190 153
153 343
343 747
747 439
439 501
501 517
517 475
448 669 738 41 149 352 490 492
738 669
669 448
448 352
352 41
41 490
490 492
492 149
523 647 128 155
128 155
155 647
647 523
209
264 393 600 675 31 107 131 196 397 398 737 29 67 225 358 375 511
675 393
393 600
600 264
264 397
397 196
196 737
737 131
131 398
398 107
107 225
225 31
31 29
29 67
67 358
358 375
375 511
551 121 228 296 353
353 228
228 296
296 121
121 551
544 622 719 10
719 622
622 544
544 10
78
141 189 226 373 718 79 346
141 189
189 373
373 718
718 226
226 79
79 346
473
497 591 686 724 76 208 229
76 229
229 208
208 724
724 686
686 591
591 497
372 469 632
372 632
632 469
671 48 312
671 312
312 48
407 555
407 555
569 743 784 42 506 573 651 660 758 15 101 142 218 567 701 30 170 378 441 444 554 184 316 420 526 550 729 56 192 277 536 776 789 250 288 385 716
378 30
30 554
554 444
444 170
170 441
441 506
506 758
758 573
573 651
651 42
42 660
660 784
784 743
743 569
569 536
536 776
776 192
192 56
56 789
789 277
277 142
142 288
288 385
385 716
716 701
701 218
218 15
15 250
250 567
567 101
101 550
550 184
184 526
526 420
420 316
316 729
725 765 84 245
84 245
245 765
765 725
249 535
249 535
572 698 91 172 231
698 572
572 231
231 172
172 91
377 587 676 54 72 364 421 553
421 364
364 72
72 553
553 54
54 676
676 377
377 587
722 63 294 365 468
722 365
365 468
468 63
63 294
617 672 310 401 403 521 588 786 8 43
8 43
43 521
521 403
403 588
588 401
401 786
786 310
310 672
672 617
65 177 457 583 47 159
583 457
457 65
65 177
177 159
159 47
313 427 560 723 21 64 493
313 560
560 427
427 723
723 21
21 64
64 493
512 595 655
655 512
512 595
224 556 615 659 663 799 185 422
185 422
422 615
615 663
663 556
556 659
659 224
224 799
433 598 682
433 598
598 682
710
87 95 241 304 336 516 9
9 241
241 95
95 87
87 304
304 336
336 516
74 232 528 597 736 145 148 266 382 533 774
533 148
148 382
382 145
145 774
774 266
266 597
597 736
736 74
74 232
232 528
219 329 478
219 329
329 478
577
642 643
643 642
2 109
109 2
210 539 578 609 33 388 477 529
578 539
539 210
210 609
609 33
33 388
388 477
477 529
685 768 259 324 690 741
768 685
685 690
690 741
741 324
324 259
753
98
254 286 452 780 357 456 508 590 750
780 254
254 286
286 452
452 456
456 750
750 590
590 508
508 357
239
332
696 740
740 696
781
75 139 371 537 782 40 217
371 537
537 782
782 75
75 139
139 217
217 40
505
656 726 16 103 251 334 670 290 354 404 538 734 71 173 487 585 783 81 127 237 256 684 252 292
290 734
734 354
354 404
404 538
538 726
726 656
656 71
71 487
487 783
783 173
173 585
585 684
684 334
334 256
256 81
81 16
16 127
127 103
103 251
251 670
670 237
237 252
252 292
507 692 762 68 80 102 432
692 68
68 762
762 80
80 507
507 432
432 102
794 46 92 216 298
46 298
298 92
92 216
216 794
748
262 267 410 586
586 267
267 262
262 410
749 136 235 246 612 790 335 435 450 476 638 60
60 450
450 638
638 476
476 335
335 435
435 235
235 246
246 790
790 612
612 136
136 749
117
260
394 486 57
486 394
394 57
204 238 465 792 28 53
53 28
28 204
204 238
238 465
465 792
94 124
94 124
236
171 274 446 540 661 35
35 171
171 661
661 446
446 274
274 540
198 227 366 798 293 338
798 198
198 227
227 366
366 293
293 338
376
509 639 255 593 665 705 757 129
639 509
509 255
255 593
593 705
705 665
665 757
757 129
243 323 345 712 363 463 466 518 530 175 248 564 581 703 307 387 496 568 636 247 295
248 564
564 175
175 703
703 581
581 307
307 568
568 496
496 387
387 636
636 712
712 243
243 345
345 323
323 518
518 530
530 295
295 247
247 463
463 363
363 466
326
395 608
608 395
168 257 445 683 727 90 183 320 348
257 727
727 445
445 683
683 168
168 320
320 90
90 183
183 348
464 147 280 485 623
280 623
623 485
485 147
147 464
728 50 214 306 328 519 116 367
728 50
50 306
306 214
214 328
328 519
519 367
367 116
424 527 562 418 563 635 673 679 114 359
359 114
114 635
635 563
563 673
673 418
418 679
679 562
562 424
424 527
381 389 557 7 230 360 688
381 557
557 389
389 688
688 7
7 230
230 360
777 351 386 470 471 0 52 525 742 125 138 240 391 69
240 391
391 138
138 125
125 69
69 777
777 351
351 386
386 470
470 52
52 471
471 525
525 742
742 0
207 520
207 520
565 115 154 455 621 162 502
565 455
455 621
621 154
154 115
115 162
162 502
504
677 14
14 677
150 745 779 6 110 253 484 1 151 178 788 318 579
745 779
779 150
150 484
484 110
110 253
253 6
6 579
579 151
151 1
1 178
178 318
318 788
658 767 51 265 442 640 23
23 51
51 265
265 658
658 767
767 640
640 442
112 137 460 24 340 746
746 24
24 340
340 137
137 112
112 460
751 133 571
751 133
133 571
611 614 337 379 417 644 187 584 627 628 399 605 654 721 163
584 187
187 627
627 628
628 611
611 614
614 721
721 605
605 654
654 399
399 644
644 379
379 417
417 337
337 163
331 791
791 331
108 431 667 203 425 534 166 461
461 166
166 534
534 203
203 425
425 431
431 108
108 667
547 258 631
631 258
258 547
691 355 699
355 699
699 691
769 174 610 720
769 720
720 174
174 610
305 756 759 11 416 558 616 652 706 66 111 739
652 706
706 616
616 66
66 739
739 111
111 759
759 305
305 756
756 11
11 416
416 558
18 106 36
106 18
18 36
96 795
795 96
