!
204 218 236
236 218
218 204
328 467 507 518 594
328 594
594 507
507 467
467 518
603 616 635 685 8 77 127 332
77 127
127 332
332 8
8 616
616 635
635 603
603 685
401 439
401 439
510 513 754 760 776 46 53 115 159 254 272 537
510 513
513 760
760 754
754 776
776 46
46 159
159 115
115 537
537 53
53 272
272 254
553 660 764 795 177 184 263
553 764
764 795
795 660
660 263
263 184
184 177
270 405 406
405 406
406 270
449 480 682 697
697 449
449 682
682 480
761 45
45 761
149 223 404 460 501 607
501 404
404 223
223 149
149 460
460 607
684 735 778 25
25 778
778 735
735 684
117 201 208 410
201 410
410 208
208 117
544 584 611 677 71 129 257 323 340 540 648 719
129 340
340 719
719 648
648 540
540 71
71 323
323 257
257 584
584 544
544 611
611 677
739 251 346 362 488 490 503 602 691 693 226 262 444
226 444
444 262
262 488
488 602
602 691
691 693
693 362
362 503
503 490
490 346
346 251
251 739
574 723 756 783 784 785 56 146
756 785
785 723
723 783
783 784
784 574
574 56
56 146
217 220
217 220
234 452 454 519 520 72
72 519
519 454
454 452
452 234
234 520
164 209 420 437 451 496 541
496 437
437 541
541 451
451 420
420 164
164 209
636 9
636 9
373 431 433
373 433
433 431
445 446
446 445
671 716 765 58
716 765
765 671
671 58
214 219 230 350 681 712 726 752 30
30 726
726 350
350 230
230 214
214 712
712 681
681 219
219 752
110
163 182 425
182 425
425 163
516 592 675 758 62 132 357 422 517 601 658
592 601
601 658
658 758
758 675
675 62
62 517
517 516
516 357
357 132
132 422
669
689 102
689 102
232 326 343 408
232 343
343 408
408 326
506 620
506 620
664 696 48
48 664
664 696
160 180
180 160
347 375 441 514
375 441
441 347
347 514
668 0 3 41 198 199 240 381 629 143 161 284 325 390 453 577 647
668 161
161 284
284 647
647 325
325 143
143 577
577 453
453 390
390 0
0 198
198 381
381 3
3 629
629 240
240 199
199 41
140 169 247 273
140 247
247 273
273 169
360 477 494
477 360
360 494
578 121 145 147 153 278 623 651
278 121
121 153
153 623
623 651
651 147
147 145
145 578
789
23 37
37 23
51
312 315 345 692 725 248
345 315
315 725
725 692
692 248
248 312
264 351 361 499 598 753 797 17 57 191 288 379 557
361 264
264 499
499 753
753 598
598 351
351 797
797 557
557 191
191 57
57 288
288 17
17 379
653 705 52 60 70 139 298 417 521
705 653
653 52
52 60
60 417
417 139
139 521
521 70
70 298
530 228
530 228
352 355 402
352 355
355 402
461 614 665
614 461
461 665
683 85
85 683
119 300 394 567 741 769 798 174 197 302 318
567 394
394 798
798 769
769 741
741 119
119 300
300 174
174 318
318 197
197 302
576 661 732 788 424 527 625 673 713 755 768 774
527 625
625 424
424 768
768 755
755 713
713 673
673 774
774 661
661 788
788 576
576 732
67 138 380 646
646 67
67 380
380 138
655
679 720 777 78
78 679
679 777
777 720
144 285 403 415 563 613 678
613 563
563 678
678 415
415 144
144 403
403 285
88
173 196 348 385 419 450 66
196 385
385 419
419 450
450 348
348 173
173 66
94 229 309 640 698 781 213 294 330 388 448
294 388
388 448
448 213
213 330
330 698
698 229
229 94
94 781
781 309
309 640
539 633 337 409 458
539 633
633 458
458 337
337 409
597 619 731
597 619
619 731
740 44 150 291 364 387 624 632 16 38 81
740 81
81 16
16 38
38 364
364 44
44 632
632 624
624 387
387 150
150 291
338 372 750 771 162 171 396 471
372 750
750 771
771 338
338 171
171 471
471 162
162 396
498 555 766
555 498
498 766
235 241 265 290
235 290
290 265
265 241
384
583
734 5 134
134 734
734 5
562 585 621 718
585 621
621 718
718 562
737
20 42 49 261 495 581 667 18 91 135
49 20
20 261
261 667
667 495
495 18
18 42
42 581
581 135
135 91
389 428 657 742
742 428
428 389
389 657
21 104 165 202 342
165 342
342 104
104 21
21 202
533 690 130 322 359 704 711 747 799 31 258
31 258
258 322
322 711
711 359
359 130
130 704
704 690
690 747
747 799
799 533
468 641 652 715
641 715
715 468
468 652
763 80
763 80
376 418 462
376 418
418 462
599 717 2 82 336 341 552 749 207 301 522 569 617 796 76 92
336 82
82 341
341 92
92 552
552 76
76 2
2 749
749 617
617 522
522 599
599 301
301 207
207 717
717 569
569 796
259 412
412 259
605 745 90 93 168 447 560 709
605 745
745 90
90 709
709 560
560 93
93 447
447 168
26
233
305 391 561 663 59 190 344
305 391
391 663
663 561
561 344
344 59
59 190
423 511 572 13 151 321 529
572 423
423 529
529 511
511 321
321 13
13 151
730 743 24 244 442 489 531 729 64 397 398 714
531 489
489 24
24 244
244 729
729 442
442 398
398 714
714 64
64 397
397 730
730 743
733 782 14 100 125
14 125
125 100
100 733
733 782
314 317
314 317
427 172 243 429 559 700 722 12 50 111 112 189 269 255 556 593 595 609 751
427 609
609 595
595 751
751 593
593 556
556 255
255 189
189 429
429 112
112 722
722 111
111 559
559 12
12 172
172 50
50 269
269 700
700 243
32 421 474
474 32
32 421
534 680 762
680 762
762 534
69
86 363 435 484 628 133 242 276 296 590 642 142 281 366 470 694
366 281
281 694
694 470
470 142
142 628
628 435
435 363
363 86
86 484
484 276
276 133
133 590
590 296
296 642
642 242
780 194 215 528 600
194 600
600 780
780 215
215 528
610
637 61
637 61
101 378 483
101 483
483 378
639
779 103 186 319 374 392 546 40 195 308 438 523 775 292 354 482
354 292
292 40
40 482
482 775
775 195
195 523
523 308
308 438
438 779
779 546
546 392
392 186
186 374
374 319
319 103
543
549
727 29 126 179
727 29
29 179
179 126
245 443 627
443 245
245 627
6
43
63 120
63 120
221 356 22 188 287 382 407 455 35 299 464 686 721 109 113
382 455
455 22
22 407
407 188
188 287
287 109
109 113
113 686
686 35
35 299
299 721
721 464
464 221
221 356
368 746 792 225 253 286 304 320
746 368
368 792
792 320
320 304
304 286
286 225
225 253
239 266 303 538 644 505 508 674 744 772
508 674
674 505
505 744
744 772
772 239
239 303
303 266
266 538
538 644
10 79 122 630
79 630
630 122
122 10
699 136 307
699 136
136 307
473 566 670 158
473 670
670 566
566 158
358 475 525 558 271 472 481
472 271
271 481
481 358
358 558
558 525
525 475
526
649 268 333 411 568 571 33 97 316 416 440 252 310 504 606 707
252 707
707 504
504 310
310 606
606 649
649 97
97 440
440 411
411 316
316 33
33 268
268 416
416 568
568 571
571 333
47 457 466 492 551 128 212 306 512 703 154 349 532 659 687 28 311 463 626 676 95 155 224 365 588 55 83 116
95 224
224 365
365 588
588 155
155 128
128 306
306 83
83 212
212 457
457 116
116 47
47 703
703 55
55 492
492 551
551 512
512 466
466 659
659 687
687 154
154 349
349 532
532 626
626 676
676 463
463 28
28 311
339
622 27 185
622 185
185 27
203 535 618 114
114 203
203 618
618 535
178 485 486 645 156 170 324 329 688 1 7
1 7
7 178
178 486
486 485
485 645
645 688
688 329
329 156
156 324
324 170
98
335 770 105 200 282 400 582 34
770 335
335 200
200 105
105 582
582 282
282 400
400 34
256 547 587 672 19 118 176 580 666 279 289 479 634 181
634 479
479 289
289 279
279 672
672 587
587 547
547 256
256 19
19 176
176 666
666 118
118 580
580 181
469 615 757 565 586 701 787 74 395 631 643 11 39 596
11 39
39 596
596 643
643 74
74 395
395 631
631 469
469 615
615 565
565 757
757 586
586 787
787 701
608 250 554 570 612 123 211 430 502 68 297 465 591 15
608 250
250 554
554 570
570 612
612 123
123 430
430 211
211 297
297 502
502 465
465 68
68 591
591 15
216
327 536 54 65 131 662 436 500 589 786
436 786
786 589
589 500
500 65
65 54
54 662
662 536
536 131
131 327
96 227 383 456
96 227
227 456
456 383
353 371 564 793 205 459 573
459 205
205 573
573 564
564 793
793 353
353 371
759 283 370 702 728 89 124 157 399 108 152 706 767 277 367 426 604
759 702
702 728
728 283
283 370
370 152
152 767
767 706
706 108
108 604
604 277
277 426
426 367
367 157
157 399
399 124
124 89
187 369 478 695
695 369
369 478
478 187
193 497 550 790
193 790
790 497
497 550
238 575 708 773 260 377 432 650 192 334 393 509 222 280
650 260
260 377
377 432
432 393
393 192
192 222
222 280
280 509
509 334
334 575
575 773
773 238
238 708
524
542 99 206 476 738 75 267
542 206
206 476
476 738
738 99
99 75
75 267
654 237 275
654 237
237 275
434
175 231
175 231
313 386 493 548 4 249 295 73 87
249 4
4 295
295 73
73 87
87 386
386 493
493 548
548 313
748 84 141 491 183 414 791 579 656 710
748 656
656 579
579 710
710 491
491 141
141 84
84 791
791 414
414 183
167 293 487
487 293
293 167
545 724
545 724
736 36 106 166 107 246 331
331 36
36 166
166 106
106 736
736 246
246 107
515 137 638 148 794 274 210 413
210 515
515 638
638 137
137 274
274 794
794 148
148 413
