!
7 10 36 37 46 58 60 71 73 74 77 80 84 97 121 123 128 129 135 136 143 148 161 165 167 187 190 199 217 242 268 270 284 289 294 295 300 302 316 317 319 325 337 348 352 363 367 374 378 381 382 385 388 390 400
143 190
190 97
97 400
400 289
289 319
319 46
46 270
270 367
367 242
242 77
77 378
378 374
374 37
37 167
167 121
121 7
7 317
317 128
128 385
385 80
80 294
294 302
302 148
148 71
71 348
348 352
352 135
135 73
73 295
295 388
388 165
165 187
187 58
58 123
123 300
300 217
217 60
60 325
325 268
268 382
382 161
161 10
10 284
284 199
199 36
36 337
337 84
84 74
74 136
136 381
381 390
390 129
129 363
363 316
414 423 429 436 440 444 454 469 471 477 486 488 498 505 515 519 524 532 533 548 553 558 562 569 573 574 591 597 611 612 614 615 616 618 621 634 635 638 649 653 670 672 675 679 692 693 694 695 704 714 719 723 724 740 747 752 756 759 768 780 784 787 788 793 795 797 798 799 1 12 20 23 27 28 33 39 45 54 59 64 72 83 91 95 98 100 103 108 111 115 127 153 169 172 189 193 195 197 205 208 211 214 220 223 231 239 251 259 262 273 277 279 280 287 305 306 313 322 327 329 330 339 346 356 359 360 361 364 371 372 391 397 406 412 431 439 445 448 452 456 461 475 487 489 492 493 497 506 507 526 531 534 538 546 551 563 577 581 585 592 598 600 608 620 636 643 650 652 659 665 668 726 727 738 742 744 746 760 767 771 772 6 16 52 55 61 67 68 69 76 93 94 102 110 116 125 133 137 140 155 156 162 168 182 188 191 209 213 227 228 237 238 241 255 257 261 263 265 285 308 318 324 340 353 354 355 358 370 376 379 383 394 399 403 407 418 421 425 427 441 442 449 462 470 473 476 482 484 500 501 504 512 523 525 541 543 547 557 568 570 572 584 590 601 602 610 622 632 639 648 655 656 658 662 666 669 676 677 685 698
12 195
195 223
223 273
273 98
98 487
487 598
598 439
439 356
356 726
726 153
153 214
214 279
279 493
493 211
211 546
546 103
103 489
489 72
72 760
760 280
280 668
668 239
239 456
456 600
600 39
39 220
220 359
359 585
585 83
83 659
659 431
431 115
115 193
193 91
91 64
64 475
475 452
452 534
534 665
665 346
346 445
445 397
397 592
592 111
111 360
360 643
643 100
100 329
329 538
538 372
372 251
251 650
650 364
364 608
608 738
738 497
497 322
322 551
551 581
581 652
652 28
28 361
361 577
577 727
727 771
771 391
391 507
507 461
461 492
492 205
205 33
33 27
27 339
339 636
636 189
189 23
23 412
412 313
313 376
376 772
772 197
197 95
95 127
127 172
172 526
526 231
231 406
406 59
59 262
262 590
590 45
45 68
68 213
213 525
525 16
16 54
54 327
327 20
20 506
506 462
462 658
658 306
306 277
277 563
563 102
102 1
1 742
742 557
557 677
677 355
355 441
441 570
570 547
547 169
169 371
371 76
76 208
208 744
744 191
191 108
108 287
287 162
162 228
228 656
656 425
425 531
531 340
340 353
353 69
69 305
305 259
259 255
255 399
399 155
155 662
662 133
133 125
125 354
354 448
448 137
137 156
156 241
241 473
473 512
512 767
767 669
669 330
330 379
379 602
602 568
568 543
543 418
418 500
500 620
620 746
746 318
318 655
655 358
358 238
238 541
541 584
584 639
639 610
610 263
263 6
6 427
427 182
182 93
93 55
55 449
449 140
140 421
421 394
394 482
482 504
504 265
265 685
685 67
67 648
648 370
370 501
501 498
498 237
237 523
523 622
622 324
324 621
621 116
116 261
261 61
61 573
573 476
476 618
618 548
548 616
616 188
188 442
442 383
383 285
285 676
676 110
110 444
444 470
470 227
227 484
484 505
505 572
572 94
94 601
601 407
407 52
52 403
403 666
666 695
695 679
679 257
257 477
477 209
209 168
168 632
632 488
488 308
308 698
698 615
615 612
612 719
719 471
471 533
533 562
562 672
672 429
429 591
591 423
423 795
795 704
704 515
515 787
787 532
532 798
798 653
653 454
454 752
752 693
693 614
614 440
440 649
649 793
793 797
797 524
524 558
558 574
574 799
799 747
747 780
780 436
436 469
469 634
634 784
784 638
638 486
486 675
675 553
553 724
724 519
519 597
597 768
768 414
414 611
611 788
788 635
635 714
714 756
756 759
759 692
692 740
740 670
670 723
723 569
569 694
715 716 725 728 731 736 737 748 754 758 796 5 14 15 19 22 24 32 38 41 47 66 70 79 82 89 92 96 105 119 120 126 144 145 154
716 725
725 748
748 754
754 758
758 715
715 736
736 796
796 737
737 728
728 731
731 145
145 92
92 70
70 47
47 96
96 144
144 120
120 14
14 82
82 79
79 41
41 19
19 15
15 89
89 154
154 5
5 126
126 119
119 105
105 32
32 22
22 24
24 38
38 66
158 164 183 184 192 198 203 204 216 221 224 232 240 244 249 250 260 266 274 278 286 288 291 299 323 333 334 341 343 345 362 369 384 386 389 398 411 415 416 419 420 433 443 450 459 460 467 483 502 510 517 527 550 578 595 603 609 629 660 667 671 678 711 713 720 722 729 733 734 741 750 755 757 766 773 778 781 782 783 791 794 0 3 9 13 17 18 21 31 42 48 49 51 56 57 63 86 88 99 107 109 124 132 138 147 171 174 175 176 177 180 185 210 212 229 230 236 245 248 258 281 290 293 311 312 321 347 351 357 392 402 409 417 422 428 438
402 180
180 56
56 438
438 63
63 428
428 147
147 109
109 174
174 171
171 124
124 351
351 9
9 357
357 422
422 281
281 212
212 185
185 176
176 210
210 31
31 312
312 229
229 177
177 107
107 347
347 99
99 49
49 321
321 51
51 88
88 18
18 86
86 245
245 0
0 248
248 230
230 17
17 3
3 48
48 392
392 258
258 290
290 175
175 311
311 42
42 417
417 13
13 138
138 57
57 236
236 409
409 132
132 21
21 293
293 595
595 660
660 389
389 419
419 678
678 266
266 288
288 433
433 729
729 299
299 334
334 384
384 398
398 204
204 198
198 362
362 216
216 527
527 741
741 782
782 420
420 158
158 791
791 578
578 411
411 720
720 783
783 510
510 733
733 778
778 164
164 232
232 286
286 291
291 517
517 781
781 341
341 333
333 416
416 794
794 671
671 184
184 766
766 443
443 221
221 345
345 386
386 773
773 192
192 711
711 750
750 629
629 260
260 250
250 734
734 460
460 274
274 224
224 722
722 483
483 249
249 323
323 459
459 603
603 550
550 757
757 450
450 369
369 713
713 278
278 467
467 755
755 502
502 240
240 203
203 667
667 415
415 183
183 609
609 343
343 244
451 455 464 466 478 485 514 528
478 485
485 466
466 514
514 455
455 528
528 464
464 451
530 539 540 545 549 565 566 576 596 604 605 607 617 624 626 631 644 646 647 654 657 674 680 683 687 689 690 691 699 702 703 707 712 721 774 776 779 792 2 4 11 26 29 34 43 44 75 81 87 90 101 106 117 118 131 134 149 150 152 157 163 170 179 181 186 200 206 222 246 252 254 256 269 271 275 296 303 307 320 331 332 336 365 366 375 405 413 430 435 465 494 495 496 511 513 516 522 536 537 554 559 560 564 580 586 589 593 594 599 627 628 633 637 640 661 664 681 684 686 701 705 709 717 735 751 762 763 770 785 790 30 50 65 78 85 104 112 113 114 122 139 141 142
707 576
576 779
779 624
624 654
654 607
607 702
702 540
540 539
539 530
530 626
626 699
699 646
646 596
596 657
657 689
689 617
617 683
683 690
690 792
792 631
631 647
647 644
644 565
565 712
712 674
674 721
721 687
687 605
605 566
566 680
680 703
703 776
776 549
549 545
545 774
774 43
43 495
495 691
691 790
790 628
628 44
44 303
303 705
705 684
684 604
604 4
4 494
494 430
430 763
763 2
2 131
131 307
307 275
275 106
106 81
81 513
513 751
751 599
599 496
496 149
149 522
522 11
11 564
564 627
627 681
681 709
709 26
26 661
661 375
375 559
559 435
435 332
332 90
90 594
594 246
246 87
87 200
200 186
186 117
117 252
252 271
271 320
320 181
181 770
770 735
735 336
336 75
75 633
633 118
118 365
365 366
366 686
686 101
101 554
554 785
785 34
34 405
405 296
296 29
29 222
222 664
664 134
134 536
536 593
593 640
640 163
163 150
150 269
269 152
152 206
206 516
516 589
589 560
560 254
254 586
586 157
157 637
637 717
717 179
179 256
256 701
701 511
511 170
170 465
465 580
580 413
413 537
537 331
331 762
762 85
85 142
142 139
139 141
141 113
113 78
78 114
114 122
122 65
65 112
112 50
50 104
104 30
160 201 202 207 225 226 234 235 243 247 282
282 226
226 235
235 202
202 234
234 243
243 207
207 201
201 247
247 160
160 225
283 298 304 309 310 315 326 335 338 344 350 377 387 395 401 404 410 426 457 458 468 472 474 479 480 481 490 508 518 529 542 544 556 575 583 587 588 606 613 630 641 651 663 682 697 706 718 730 732 739 743 764 765 769 775 786 789 8 25 35 40 53 62 130 146 151 159 166 173 178 194 196 215 218 219 233 253 264 267 272 276 292 297 301 314 328 342 349 368 373 380 393 396 408 424 432 434 437 446 447 453 463 491 499 503 509 520 521 535 552 555 561 567 571 579 582 619 623 625 642 645 673 688 696 700 708 710 745 749 753 761 777
503 233
233 253
253 218
218 328
328 453
453 173
173 579
579 619
619 571
571 408
408 62
62 555
555 301
301 373
373 151
151 264
264 437
437 292
292 25
25 40
40 219
219 625
625 521
521 396
396 499
499 8
8 491
491 520
520 432
432 447
447 393
393 434
434 342
342 688
688 446
446 380
380 166
166 314
314 130
130 267
267 673
673 424
424 642
642 509
509 159
159 463
463 368
368 535
535 745
745 215
215 700
700 623
623 696
696 582
582 146
146 708
708 761
761 297
297 272
272 194
194 710
710 276
276 349
349 561
561 749
749 196
196 777
777 53
53 567
567 552
552 35
35 753
753 645
645 178
178 529
529 479
479 508
508 457
457 404
404 583
583 309
309 556
556 682
682 663
663 350
350 606
606 458
458 474
474 387
387 706
706 518
518 544
544 587
587 298
298 468
468 588
588 542
542 310
310 743
743 641
641 335
335 283
283 377
377 697
697 472
472 769
769 315
315 718
718 651
651 765
765 575
575 732
732 613
613 401
401 410
410 764
764 490
490 789
789 630
630 739
739 304
304 786
786 426
426 775
775 480
480 395
395 481
481 338
338 730
730 326
326 344
