!
127 167
167 127
191 241 394 654 770 173
173 191
191 770
770 241
241 394
394 654
274
612 636 671 790
636 671
671 612
612 790
44 204 258 259 401 684 171 230 443 473 545 656
204 684
684 258
258 259
259 401
401 44
44 656
656 545
545 443
443 230
230 171
171 473
284 460 508
508 460
460 284
569 635 657
569 657
657 635
10 11
11 10
28 398
398 28
594
601 233 441
601 233
233 441
461 486 541
541 486
486 461
661 270
661 270
432 615 658 772
432 658
658 772
772 615
781
205 221
205 221
232 568
232 568
702 74 224 296 741 789
702 789
789 224
224 741
741 74
74 296
14 272 467 481 514 174 249
272 14
14 481
481 467
467 514
514 249
249 174
475 512 525
475 525
525 512
152 183 190 372
183 372
372 152
152 190
742 256
742 256
289
469 600
469 600
605
91 160 347 592
347 160
160 592
592 91
681 110 155
681 155
155 110
220 620 651
620 220
220 651
35
166
208
674 798 36 112 264 297 687
297 112
112 264
264 36
36 687
687 798
798 674
164 226 450
164 450
450 226
507
559
37
168
280 452 479 65
65 479
479 452
452 280
151
250
363 709 125 295
125 295
295 363
363 709
406
535
743 64
743 64
90 244 275 596
244 275
275 90
90 596
33
57
308 733
733 308
749 332 428
749 428
428 332
488
756 769
756 769
349 418 555 677
555 349
349 418
418 677
712 429 609
429 609
609 712
722 725 774 88
722 774
774 725
725 88
484 496
484 496
551 251
551 251
361
402
791 301
301 791
317
371 644 290 543
290 543
543 644
644 371
625
764 154
764 154
261 419
261 419
724 39 52 588 754 58
754 52
52 588
588 58
58 39
39 724
263 490 666 129
490 666
666 263
263 129
193
426 553 311 560 753
426 753
753 553
553 311
311 560
766
298
348 495
495 348
515
16 169 664 778 247 399 487 691 55 101
778 169
169 16
16 664
664 55
55 101
101 487
487 399
399 691
691 247
309 693
309 693
70 199
199 70
554
761 54 195
195 54
54 761
268 276
276 268
121 222 451
222 121
121 451
468 24
468 24
238 446 489 5 482 595 698
5 482
482 595
595 698
698 238
238 489
489 446
50 73
73 50
637 740 61
61 637
637 740
390
421 442
421 442
86 511 608
511 86
86 608
649 134 265 422 628
422 628
628 265
265 134
134 649
117 277
117 277
538 675 47
47 675
675 538
179 197 326
326 197
197 179
403 623
403 623
643
787
92
267 532 597 118 159 518 534
532 597
597 267
267 518
518 118
118 159
159 534
76
172 176 583 126 140 524 655
126 655
655 140
140 524
524 172
172 583
583 176
80 148
148 80
602 750 89 93 391 622 8 96 672 792 25 189 527 645
8 792
792 96
96 672
672 25
25 527
527 645
645 189
189 89
89 622
622 93
93 391
391 750
750 602
131 161 505
161 505
505 131
704
150 305
305 150
373
425
111
234 339 462
462 234
234 339
1 411 531 786 85 145 146 502 63
63 145
145 502
502 85
85 146
146 531
531 411
411 1
1 786
231 269 375
269 231
231 375
100 537 746 793 77 116 302 694 156 498 755
694 302
302 116
116 77
77 498
498 156
156 755
755 537
537 100
100 793
793 746
782
59 94
59 94
690 799
690 799
38 364
364 38
571 613
571 613
188 552 576
188 552
552 576
759 192 376 417 775
759 417
417 775
775 376
376 192
23 345 561
345 561
561 23
716
97
342 626 652
626 652
652 342
352 494 646
352 646
646 494
700
0 186 214
0 186
186 214
223 30 142
30 142
142 223
669 685 115
115 685
685 669
356 570
356 570
735
219 293 556 648
293 648
648 556
556 219
102
165
629
22 581 638 143 744
744 143
143 581
581 22
22 638
777 45
777 45
323 395
323 395
31 321 591
591 321
321 31
185
215 353
353 215
42 312 526 201 606
526 312
312 42
42 201
201 606
752 314
314 752
405 604 338
405 604
604 338
736 767 9 236
9 236
236 736
736 767
433 397 431 780 227 413
413 227
227 433
433 431
431 780
780 397
590 286 355 501 381
590 381
381 355
355 501
501 286
384
630
128 229
229 128
679
82 437 660 53
53 660
660 437
437 82
122
768 6
6 768
104 362 75 119 719 627
104 362
362 627
627 119
119 719
719 75
695 723
723 695
206 407
206 407
647
72
98 99
99 98
69 572
69 572
773 133 385
385 133
133 773
548 158
548 158
213 369 202
202 369
369 213
447 668 17 322
668 447
447 322
322 17
480 200 436 614
614 200
200 436
436 480
51
139 319 181 315 334 430 449 697 549
334 315
315 181
181 549
549 697
697 430
430 449
449 319
319 139
567
705
423 546
423 546
713 162 243
713 243
243 162
579
586
721
730 359
730 359
477 499 474 617
499 477
477 617
617 474
619
252 547 763 78
763 547
547 252
252 78
320
374 2 558 624 318
624 2
2 558
558 318
318 374
377 771 325
377 771
771 325
500
523 153
523 153
589 718 144 510 536
510 144
144 536
536 718
718 589
278
509
788
242 282 285
285 282
282 242
472 665 779 478
478 665
665 472
472 779
485 599
485 599
95 641 642 253
95 642
642 641
641 253
368
483
414
578 650 60 255 497
650 578
578 60
60 497
497 255
245 476 728
245 728
728 476
400
464 676
464 676
40 404
40 404
557
438 544
544 438
680
83
341 408
408 341
209
292
566
281 358
281 358
732 196
732 196
388 762 124
124 388
388 762
520 574 3
3 574
574 520
217 580 291
291 580
580 217
357 378
357 378
235
639
640
182
366
727 32 163 387 351
727 351
351 163
163 32
32 387
776
491 689
491 689
137 662 87 765 132
662 137
137 132
132 765
765 87
616 34
34 616
760 130 530
760 530
530 130
27 678 106
27 678
678 106
715 240
240 715
707 528 686 103
103 528
528 686
686 707
631 107 294
631 107
107 294
13 670
13 670
521
734 177
734 177
239 492 607 382
382 492
492 607
607 239
708
304 445 456 550 135 587
587 135
135 445
445 304
304 550
550 456
81 610 383 745
745 383
383 610
610 81
41 465 79 797 439 663
663 439
439 79
79 797
797 41
41 465
46 136 180 493
493 180
180 136
136 46
410
582 218
218 582
731
455
653 300
300 653
306
386 392 178
392 386
386 178
726 29 331 198
198 29
29 331
331 726
225
344 562
344 562
20 504
20 504
409 444 114
444 409
409 114
519 257 470
470 257
257 519
287
380 26 113
380 26
26 113
12 710 109 621 307 634 260 350 434 633
710 12
12 633
633 434
434 109
109 621
621 634
634 307
307 260
260 350
412 699 66
66 412
412 699
271 157 563 346 757 333
271 333
333 757
757 346
346 157
157 563
389 68 720
720 68
68 389
147 149 316 784 170 577 415 758 43
170 577
577 758
758 415
415 316
316 784
784 43
43 147
147 149
659 187 459 18 457
18 457
457 459
459 187
187 659
84
228
266 288
266 288
246 632
632 246
529
795 598 673 194 706 517
673 598
598 517
517 795
795 706
706 194
603 211 682 141 539 611 794
141 539
539 682
682 211
211 603
603 611
611 794
184 463 21 618 506 564
564 506
506 618
618 21
21 463
463 184
522 703 454 471 542
522 703
703 454
454 471
471 542
748
354
688 367 503 120
688 367
367 503
503 120
448 7 427
448 427
427 7
336
393 327 796 365 785 138
138 393
393 796
796 327
327 365
365 785
453 19 337 15 783 123 216
453 19
19 337
337 783
783 15
15 216
216 123
248 420
420 248
329 360 67 573 273 683 458
273 683
683 458
458 329
329 360
360 67
67 573
466 212 435 203 584 237 585 328 701
203 584
584 585
585 237
237 701
701 328
328 466
466 435
435 212
48
379
335 737 108 262 343
335 737
737 343
343 108
108 262
565 299 739 340 513
565 739
739 340
340 299
299 513
279
540 729 105
540 729
729 105
324 56 696 440 313 330 396
396 56
56 330
330 696
696 324
324 313
313 440
717
711 62 303 575
575 711
711 303
303 62
692
416 533 747 714 738 310 370
714 310
310 533
533 738
738 370
370 747
747 416
49 4 254
4 254
254 49
71
516 175 207 667 424
207 516
516 175
175 667
667 424
283 751 593 210
210 751
751 593
593 283
