!
25 114 122 132 176 187 208 234 239 321 364 385 419 448 532 552 561 562 605 621 623 729 743 789 85 180 193
789 623
623 25
25 385
385 562
562 605
605 552
552 621
621 132
132 419
419 729
729 187
187 448
448 114
114 234
234 176
176 321
321 561
561 122
122 743
743 208
208 532
532 239
239 364
364 180
180 193
193 85
278 308 315 333 350 358 466 547 589 593 644 659 701 708 736 752 759 799 7 104 160 164
799 358
358 593
593 333
333 701
701 644
644 278
278 759
759 308
308 589
589 752
752 736
736 547
547 315
315 708
708 350
350 466
466 659
659 160
160 164
164 104
104 7
169 204 224 228 251 347 395 405 427 472 608 645 663 682 723 750 788 34 62
62 723
723 251
251 224
224 347
347 405
405 204
204 34
34 645
645 663
663 750
750 395
395 608
608 427
427 682
682 228
228 472
472 169
169 788
94 144 154
94 144
144 154
242 373 387 442 447
373 387
387 447
447 242
242 442
455 461 481 500 568 583
583 568
568 500
500 455
455 481
481 461
595 635 639
639 635
635 595
661 150 157 203 213 468 479 533 538
157 213
213 468
468 203
203 533
533 479
479 538
538 150
150 661
557 585 612 615
612 585
585 557
557 615
664 694 695 732 738 766 779 31 46 146 168 267 282 324 330 374 403 406 507
779 766
766 738
738 732
732 695
695 694
694 664
664 507
507 374
374 46
46 168
168 146
146 31
31 403
403 282
282 324
324 330
330 267
267 406
551 600 625 653 731 747
625 600
600 653
653 551
551 731
731 747
784 8
8 784
10
19 44
19 44
71 90 99 138 232 247 344 382 383 524 596 599
599 138
138 90
90 383
383 344
344 232
232 596
596 524
524 382
382 99
99 71
71 247
633 696 714 56 105
714 633
633 696
696 56
56 105
131
152 231 269 289 372 454 501 520 559 580 656
269 152
152 580
580 520
520 231
231 501
501 656
656 454
454 372
372 289
289 559
657
726 749 774 18 52 98 230 285 351 449 512 558 592 631 634 636 676 685 721 746 64 100 117 165 214 248 276
634 98
98 276
276 676
676 631
631 165
165 64
64 230
230 746
746 285
285 117
117 214
214 558
558 774
774 52
52 449
449 18
18 100
100 248
248 685
685 592
592 721
721 726
726 512
512 749
749 636
636 351
314 339 396 457 476
314 339
339 476
476 396
396 457
508 651 718 722 781 37 65 133 188 198 368 389 424
65 37
37 389
389 424
424 133
133 198
198 368
368 188
188 722
722 651
651 508
508 718
718 781
451 482 516 550 578 614 673 787 47 48 123 126 325 346 513 515 563 603 610 678 686 689 727 13 58
126 48
48 686
686 515
515 123
123 603
603 563
563 325
325 610
610 727
727 678
678 689
689 47
47 346
346 513
513 516
516 578
578 614
614 787
787 482
482 451
451 673
673 550
550 58
58 13
101 172
172 101
217 233 310
310 233
233 217
381 407 432 434 459
432 407
407 459
459 434
434 381
489 586 672 29 53
53 29
29 489
489 586
586 672
59
137 141 173 297 316 318 496 609 697 716 768 777 72 215 240 243 273 296 332 527 531 577 622 637 643 681 795 0 54 212 249
273 240
240 768
768 0
0 637
637 716
716 249
249 777
777 54
54 297
297 531
531 622
622 318
318 243
243 296
296 577
577 795
795 527
527 697
697 643
643 332
332 137
137 72
72 212
212 609
609 141
141 681
681 316
316 215
215 496
496 173
295 312 327 359 409 415 582 629 652 677 703 3 27 36 45 61 66 113 125 161 245 437 745
652 677
677 327
327 629
629 409
409 295
295 359
359 3
3 36
36 161
161 66
66 245
245 703
703 61
61 45
45 113
113 27
27 745
745 312
312 437
437 415
415 582
582 125
770 797 50 92 96 139 200 227 288 307
797 770
770 307
307 139
139 200
200 50
50 227
227 288
288 96
96 92
360 470 485 590 725 734 33 41 80 87 178 287 329
329 41
41 87
87 33
33 287
287 178
178 80
80 734
734 485
485 725
725 590
590 360
360 470
371 483 535 606 640 733 778 24 167 194 270 280 302 486 494 499 523 616 662 680 737 76 129 140
280 616
616 523
523 24
24 270
270 737
737 194
194 680
680 302
302 662
662 494
494 486
486 499
499 167
167 778
778 640
640 606
606 733
733 483
483 535
535 371
371 140
140 129
129 76
181 404 421 475 541 576 620 646 658 748 776 32 69
32 69
69 541
541 620
620 421
421 576
576 658
658 748
748 181
181 404
404 646
646 475
475 776
110 124 142 145 153 222
222 145
145 153
153 124
124 110
110 142
259 491 525 700 709 775 9 63 111 159 257 370 380 402 417 495 790 791 793 796 97 260 262 286 348 363 450 467 517 546 581 601 617 764 83 205 266 291 353 390 392 435 469 493 624 628
348 262
262 260
260 617
617 700
700 546
546 775
775 363
363 286
286 517
517 259
259 764
764 709
709 601
601 257
257 491
491 796
796 450
450 97
97 402
402 417
417 581
581 467
467 793
793 525
525 159
159 111
111 63
63 791
791 9
9 370
370 495
495 380
380 790
790 205
205 266
266 435
435 624
624 83
83 390
390 469
469 353
353 291
291 628
628 493
493 392
660 751 39 81 102 109 218 254 328 388 584 704 741 765 782
254 388
388 741
741 102
102 109
109 328
328 765
765 704
704 782
782 218
218 39
39 584
584 81
81 751
751 660
40 118 283 319 366 410 473 497 498 504
498 410
410 473
473 40
40 366
366 504
504 497
497 319
319 283
283 118
553 607 618 5 11 57 60 135 156
60 5
5 57
57 135
135 11
11 156
156 618
618 607
607 553
304
446 556 575 669 699 740 68 175 191 199 201 211 277 293 431 458 540 567 785 84 93 106 162 183 184 272 274 334
740 575
575 446
446 699
699 669
669 556
556 272
272 184
184 84
84 183
183 334
334 162
162 274
274 106
106 93
93 293
293 199
199 201
201 785
785 458
458 540
540 567
567 191
191 68
68 431
431 277
277 175
175 211
349 471 514 534 16 119 206
514 349
349 534
534 471
471 206
206 119
119 16
357 420
357 420
456 463 464 465 597 632 762
465 632
632 464
464 456
456 463
463 762
762 597
772
4 14 23 26 38 244 255 529 572 594 684 758 281 290 335 408 505 519 587 598 613 712 717 742 35 108 182 185 195 263 264 340 356
505 519
519 742
742 613
613 281
281 408
408 712
712 290
290 335
335 598
598 587
587 717
717 594
594 255
255 684
684 23
23 26
26 572
572 758
758 244
244 38
38 14
14 529
529 4
4 182
182 195
195 108
108 35
35 263
263 340
340 356
356 264
264 185
536 565 688 12 82 207 258 298 300 320 542 611 667 674 773 30
300 667
667 298
298 320
320 611
611 773
773 674
674 258
258 12
12 82
82 207
207 542
542 30
30 565
565 688
688 536
70 107
70 107
130 250 284 309 342 345
250 130
130 342
342 345
345 284
284 309
440
591 666 20 74 237 246 367 400
246 20
20 74
74 237
237 367
367 400
400 591
591 666
428 478 560 665 687 780 2 28 120 221 331 343 365 506 511 569 588 698 306 326
326 306
306 665
665 478
478 780
780 687
687 560
560 428
428 511
511 221
221 569
569 506
506 2
2 28
28 698
698 343
343 331
331 120
120 588
588 365
354 379 394 453 490 545 626 654 683 753 55 209 299 301 414 452 462 670 705
379 545
545 453
453 654
654 490
490 626
626 683
683 354
354 394
394 753
753 414
414 55
55 209
209 462
462 452
452 299
299 301
301 705
705 670
739 792 192 202 271 355 399 444
355 271
271 739
739 192
192 444
444 792
792 399
399 202
554 691 692 693 710 91 116 121 253 261 292 429 571 627 719 783
121 253
253 571
571 261
261 429
429 627
627 719
719 783
783 292
292 91
91 116
116 710
710 691
691 554
554 693
693 692
158 220 425 438 510 537 566 647 711 755 761 17 163 166 190 235 265
755 647
647 711
711 220
220 761
761 510
510 537
537 438
438 158
158 425
425 566
566 265
265 235
235 166
166 163
163 17
17 190
362 378 544 573 655 22 79 179 226 375 376 384 675 713 767 786 1 6 336 393 488 548 679 690 707 756 51 75 134 311 337 377 426 443 650 702 21 186 430 433 439 539 549
186 430
430 549
549 433
433 539
539 439
439 75
75 21
21 702
702 377
377 311
311 337
337 426
426 713
713 79
79 134
134 51
51 443
443 226
226 375
375 179
179 650
650 767
767 786
786 22
22 384
384 376
376 675
675 1
1 679
679 690
690 756
756 393
393 6
6 707
707 336
336 548
548 488
488 544
544 573
573 655
655 362
362 378
574 728 754 149 210 216 219
754 574
574 728
728 216
216 210
210 219
219 149
341 412 416 503 649 706 42 170 236 369 460 518 526 570 579 602 49 77 238 275 305 474 521 630 638 771 148 189 196 413 418 423
369 42
42 570
570 170
170 579
579 460
460 518
518 602
602 236
236 189
189 196
196 526
526 413
413 418
418 423
423 148
148 341
341 706
706 416
416 649
649 412
412 503
503 638
638 771
771 630
630 238
238 77
77 305
305 49
49 521
521 275
275 474
480 484 668 730 43 155 225 229 530 648 760 769 798 89 112 136 151 268 294
484 730
730 668
668 480
480 136
136 294
294 112
112 89
89 151
151 268
268 769
769 530
530 155
155 760
760 225
225 43
43 229
229 648
648 798
397 715 724 115 147 279 323 352 391 619 641 671 86 127 338 401 436 445 477 502 509 67 171 386 398 492 744 757 794 73 78 197 223 313 361
397 715
715 724
724 147
147 641
641 323
323 619
619 391
391 492
492 671
671 398
398 171
171 279
279 67
67 115
115 757
757 794
794 352
352 744
744 386
386 86
86 401
401 502
502 477
477 127
127 361
361 445
445 197
197 436
436 509
509 338
338 223
223 73
73 313
313 78
543 555 95 103 128 174 303 317 411 522 15 143 177 422 441 528 720 763 88 241 252 564 642 256 322 487 604 735
564 241
241 252
252 735
735 642
642 604
604 88
88 487
487 256
256 322
322 522
522 103
103 763
763 303
303 411
411 174
174 15
15 422
422 128
128 528
528 441
441 720
720 95
95 177
177 317
317 143
143 543
543 555
