!
196 331 144 
331 196
196 144
10 365 685 582 664 579 768 
768 579
579 582
582 664
664 10
10 365
365 685
655 612 395 408 
655 612
612 408
408 395
481 521 715 130 750 212 106 66 291 286 665 508 
508 665
665 286
286 291
291 66
66 481
481 106
106 521
521 130
130 750
750 715
715 212
217 555 503 548 287 323 321 216 361 631 666 696 455 237 751 254 76 273 341 104 419 623 476 71 68 
71 476
476 68
68 623
623 254
254 751
751 419
419 696
696 455
455 217
217 503
503 555
555 361
361 216
216 237
237 548
548 321
321 287
287 323
323 631
631 666
666 76
76 104
104 341
341 273
458 40 88 782 472 743 48 123 392 690 753 127 306 192 566 119 663 
753 690
690 392
392 306
306 127
127 123
123 192
192 566
566 782
782 48
48 663
663 119
119 743
743 88
88 472
472 458
458 40
11 173 726 132 402 
173 726
726 11
11 132
132 402
41 603 729 225 314 496 50 
50 496
496 225
225 314
314 729
729 41
41 603
114 153 619 13 718 581 468 429 622 298 575 167 714 385 762 757 621 37 329 504 461 19 238 418 258 710 630 737 
621 258
258 737
737 757
757 630
630 762
762 418
418 429
429 468
468 622
622 710
710 581
581 718
718 298
298 329
329 238
238 575
575 504
504 167
167 13
13 114
114 619
619 153
153 461
461 714
714 37
37 19
19 385
309 94 213 795 544 
544 795
795 94
94 213
213 309
456 444 228 673 529 588 15 327 660 101 591 641 497 99 164 179 
179 164
164 99
99 497
497 641
641 101
101 660
660 15
15 444
444 327
327 456
456 588
588 228
228 529
529 591
591 673
67 318 247 240 
67 318
318 240
240 247
73 416 713 657 75 
75 73
73 416
416 713
713 657
667 102 
667 102
542 169 199 624 221 719 404 525 128 723 708 210 490 285 61 241 734 270 72 778 668 676 350 793 467 748 790 328 662 253 263 107 580 488 
107 263
263 253
253 662
662 723
723 128
128 328
328 350
350 525
525 676
676 404
404 668
668 221
221 72
72 270
270 199
199 778
778 719
719 734
734 169
169 542
542 793
793 624
624 490
490 467
467 61
61 748
748 708
708 241
241 210
210 285
285 790
790 580
580 488
572 33 592 264 351 45 437 190 74 586 
586 190
190 437
437 74
74 351
351 45
45 264
264 572
572 592
592 33
738 
532 649 322 397 775 554 478 744 567 62 354 454 776 507 116 614 353 672 181 540 177 686 550 607 390 551 374 602 142 384 608 320 557 117 105 279 470 23 774 
374 540
540 181
181 607
607 672
672 550
550 116
116 686
686 614
614 353
353 62
62 567
567 354
354 454
454 602
602 744
744 177
177 557
557 776
776 384
384 142
142 279
279 478
478 117
117 507
507 608
608 105
105 470
470 320
320 775
775 23
23 397
397 774
774 554
554 322
322 532
532 551
551 390
390 649
706 292 236 
236 292
292 706
425 661 584 305 702 339 64 439 268 531 310 769 784 434 362 772 499 21 
268 439
439 434
434 784
784 64
64 21
21 499
499 339
339 702
702 305
305 584
584 772
772 661
661 310
310 362
362 425
425 769
769 531
459 146 
146 459
233 138 428 59 
428 233
233 138
138 59
373 
659 332 670 413 597 387 316 787 124 446 443 174 299 522 259 382 359 345 355 326 155 348 
348 155
155 382
382 670
670 413
413 259
259 332
332 659
659 597
597 787
787 124
124 387
387 299
299 174
174 316
316 446
446 522
522 443
443 359
359 345
345 355
355 326
377 539 558 295 671 791 0 704 720 308 
558 671
671 308
308 720
720 295
295 704
704 377
377 539
539 791
791 0
147 477 63 656 411 226 160 493 545 639 371 232 31 165 598 491 509 697 519 
519 697
697 509
509 31
31 656
656 491
491 232
232 371
371 598
598 477
477 639
639 165
165 545
545 63
63 147
147 493
493 411
411 226
226 160
533 577 55 157 
533 577
577 55
55 157
739 346 596 266 275 
596 346
346 739
739 266
266 275
754 269 
269 754
526 358 47 2 171 185 
185 171
171 2
2 358
358 526
526 47
682 296 143 415 779 98 
779 415
415 296
296 682
682 143
143 98
511 680 
680 511
95 648 620 335 605 278 463 543 43 234 489 239 745 112 482 403 333 770 688 502 3 77 445 453 162 474 475 604 759 494 441 38 58 195 
403 112
112 482
482 745
745 239
239 195
195 648
648 95
95 620
620 335
335 58
58 605
605 38
38 278
278 463
463 441
441 543
543 43
43 759
759 445
445 494
494 3
3 77
77 234
234 453
453 162
162 474
474 489
489 502
502 333
333 475
475 688
688 770
770 604
139 39 118 755 451 398 149 565 600 100 79 290 137 492 640 571 265 256 
39 139
139 118
118 755
755 451
451 398
398 100
100 565
565 600
600 79
79 256
256 137
137 290
290 149
149 492
492 640
640 571
571 265
244 109 151 653 711 
711 653
653 151
151 109
109 244
170 643 786 781 342 84 677 669 366 756 771 
756 771
771 366
366 669
669 677
677 342
342 84
84 781
781 786
786 643
643 170
319 336 780 570 
336 319
319 570
570 780
227 8 728 176 448 679 452 547 716 87 701 569 
569 701
701 716
716 679
679 448
448 452
452 547
547 87
87 176
176 8
8 728
728 227
721 515 457 562 730 363 469 
721 515
515 457
457 562
562 730
730 363
363 469
344 150 512 9 175 758 717 527 
512 150
150 175
175 717
717 9
9 527
527 344
344 758
163 610 
610 163
396 587 764 578 301 182 85 
396 587
587 182
182 301
301 764
764 85
85 578
158 
634 438 553 694 193 235 426 524 561 206 367 
367 206
206 193
193 438
438 634
634 553
553 235
235 694
694 426
426 524
524 561
293 34 
34 293
747 60 
747 60
246 307 699 681 799 700 436 126 294 159 479 12 632 722 689 324 230 707 506 628 732 464 594 
707 230
230 506
506 464
464 689
689 722
722 632
632 12
12 628
628 479
479 307
307 246
246 699
699 732
732 799
799 324
324 681
681 700
700 126
126 436
436 294
294 594
594 159
393 
24 82 383 218 
218 383
383 82
82 24
186 433 54 568 189 214 289 20 376 378 134 386 785 724 537 49 372 683 133 260 141 
54 186
186 433
433 568
568 214
214 189
189 133
133 289
289 20
20 376
376 378
378 134
134 386
386 49
49 372
372 785
785 537
537 724
724 683
683 260
260 141
152 633 209 262 406 166 113 16 277 53 252 712 789 698 28 675 245 
245 16
16 113
113 675
675 166
166 789
789 712
712 698
698 252
252 28
28 53
53 277
277 406
406 262
262 209
209 152
152 633
471 501 777 204 534 615 178 410 360 194 
194 615
615 178
178 410
410 777
777 360
360 501
501 471
471 534
534 204
518 563 583 248 220 420 480 417 684 271 136 207 381 627 792 340 505 749 303 375 644 103 93 
93 749
749 627
627 381
381 207
207 684
684 417
417 480
480 420
420 248
248 220
220 303
303 583
583 375
375 103
103 271
271 644
644 136
136 518
518 563
563 792
792 340
340 505
168 274 560 741 767 638 
741 767
767 168
168 638
638 274
274 560
315 200 589 369 629 766 
315 589
589 200
200 369
369 629
629 766
261 414 
261 414
198 658 585 
585 198
198 658
442 
549 466 69 81 223 145 447 646 89 364 224 652 593 
81 223
223 593
593 145
145 69
69 447
447 549
549 646
646 466
466 652
652 364
364 224
224 89
595 618 280 538 435 36 110 161 564 421 798 422 617 407 601 
618 595
595 435
435 538
538 280
280 161
161 36
36 110
110 798
798 564
564 421
421 422
422 617
617 407
407 601
1 172 388 394 
394 172
172 388
388 1
625 742 65 431 736 
65 431
431 742
742 736
736 625
201 337 255 735 590 26 343 705 574 687 313 243 91 
735 201
201 337
337 255
255 343
343 590
590 705
705 26
26 91
91 574
574 243
243 687
687 313
409 520 284 197 115 302 626 746 794 330 347 552 97 430 559 616 613 70 424 693 797 22 334 651 52 695 83 297 
695 334
334 651
651 83
83 22
22 797
797 693
693 70
70 424
424 613
613 616
616 52
52 559
559 430
430 97
97 347
347 552
552 330
330 794
794 746
746 626
626 302
302 409
409 520
520 115
115 284
284 197
197 297
514 440 788 44 391 
440 391
391 788
788 514
514 44
368 609 184 556 131 18 92 183 576 35 120 
92 183
183 556
556 131
131 35
35 18
18 576
576 184
184 120
120 609
609 368
484 57 449 495 154 
484 57
57 449
449 154
154 495
90 412 379 796 678 486 156 523 272 546 674 535 202 338 251 473 647 312 121 46 111 733 231 249 692 80 
473 647
647 251
251 312
312 338
338 202
202 535
535 674
674 272
272 156
156 796
796 523
523 379
379 412
412 90
90 678
678 486
486 546
546 121
121 46
46 111
111 231
231 733
733 80
80 249
249 692
611 29 4 211 513 400 423 
423 400
400 211
211 513
513 4
4 29
29 611
727 27 731 389 599 56 432 282 
27 727
727 731
731 389
389 599
599 56
56 432
432 282
530 370 500 
500 530
530 370
516 
78 709 
709 78
188 352 222 773 135 760 86 
760 135
135 188
188 773
773 352
352 222
222 86
761 7 242 108 250 740 483 17 
740 17
17 483
483 250
250 761
761 242
242 7
7 108
401 450 650 510 30 399 635 
30 399
399 401
401 450
450 650
650 510
510 635
541 642 765 517 498 208 
208 498
498 517
517 642
642 765
765 541
215 691 763 356 528 
763 356
356 528
528 691
691 215
267 42 606 465 636 637 462 536 25 5 783 122 349 487 180 191 51 257 
636 465
465 606
606 42
42 267
267 637
637 462
462 536
536 25
25 487
487 5
5 122
122 783
783 180
180 349
349 191
191 257
257 51
325 14 654 311 405 219 752 460 
460 752
752 219
219 405
405 311
311 654
654 14
14 325
645 281 229 725 573 283 288 205 6 703 125 148 317 276 140 300 485 304 
281 645
645 229
229 725
725 205
205 288
288 573
573 283
283 148
148 125
125 703
703 6
6 317
317 304
304 276
276 140
140 300
300 485
203 32 129 427 187 380 357 96 
427 187
187 129
129 32
32 203
203 357
357 380
380 96
