!
511 94 220 
220 94
94 511
469 
546 341 273 482 755 586 528 458 327 21 684 301 124 644 477 540 496 399 619 391 244 375 
619 399
399 391
391 375
375 546
546 644
644 528
528 540
540 477
477 496
496 755
755 341
341 482
482 586
586 273
273 244
244 21
21 327
327 458
458 124
124 684
684 301
645 766 776 
766 776
776 645
307 291 479 
479 307
307 291
789 24 
24 789
527 305 606 759 603 735 83 595 377 
759 735
735 603
603 83
83 606
606 377
377 595
595 527
527 305
795 171 503 
503 795
795 171
602 590 476 206 793 146 252 
590 602
602 476
476 252
252 206
206 793
793 146
779 478 103 304 784 219 
219 784
784 304
304 103
103 779
779 478
277 
125 720 741 53 492 798 790 788 324 84 
798 492
492 790
790 324
324 788
788 84
84 741
741 720
720 125
125 53
573 709 549 663 636 25 107 523 687 35 356 14 439 
107 663
663 709
709 549
549 573
573 25
25 636
636 687
687 523
523 35
35 356
356 14
14 439
117 86 553 558 26 491 420 338 728 
553 86
86 558
558 117
117 26
26 491
491 420
420 338
338 728
15 19 
19 15
334 101 635 512 403 607 466 22 
22 607
607 466
466 403
403 512
512 635
635 334
334 101
340 696 97 102 771 484 653 
696 340
340 771
771 97
97 102
102 484
484 653
767 673 787 649 576 664 
787 649
649 576
576 664
664 673
673 767
183 517 370 75 322 157 149 284 271 9 
149 183
183 517
517 370
370 75
75 322
322 157
157 284
284 9
9 271
460 697 677 41 133 175 256 714 450 121 120 703 609 395 296 
296 609
609 395
395 703
703 120
120 121
121 450
450 714
714 697
697 256
256 677
677 460
460 175
175 41
41 133
229 711 710 489 116 90 158 189 575 430 207 707 227 330 446 661 191 
661 446
446 330
330 191
191 227
227 707
707 229
229 207
207 711
711 430
430 489
489 710
710 575
575 116
116 90
90 189
189 158
742 757 433 222 567 278 
278 757
757 433
433 742
742 222
222 567
215 380 112 
380 112
112 215
521 738 100 660 115 106 
115 660
660 100
100 521
521 738
738 106
556 74 118 23 694 538 179 265 584 536 223 323 268 725 144 198 364 604 60 379 533 437 412 236 678 239 648 283 472 178 70 561 368 
364 604
604 198
198 144
144 60
60 725
725 379
379 283
283 70
70 538
538 472
472 179
179 178
178 694
694 268
268 556
556 265
265 561
561 23
23 536
536 584
584 368
368 74
74 223
223 323
323 533
533 118
118 437
437 412
412 678
678 239
239 236
236 648
454 80 
80 454
713 292 471 752 719 522 2 461 347 66 654 505 786 34 
34 66
66 654
654 786
786 347
347 505
505 719
719 292
292 752
752 2
2 522
522 713
713 471
471 461
372 781 140 55 671 113 429 444 45 785 569 105 642 226 335 321 525 392 354 415 702 154 216 774 67 794 212 483 690 560 48 
781 48
48 372
372 140
140 55
55 671
671 113
113 560
560 690
690 45
45 429
429 444
444 785
785 212
212 569
569 794
794 105
105 67
67 774
774 354
354 392
392 226
226 642
642 483
483 525
525 321
321 335
335 702
702 415
415 154
154 216
754 328 681 174 597 225 
681 174
174 328
328 225
225 597
597 754
448 440 30 499 138 172 267 548 150 131 
440 448
448 30
30 131
131 150
150 499
499 267
267 172
172 138
138 548
359 502 423 520 732 203 593 566 58 449 263 
593 423
423 520
520 359
359 732
732 566
566 502
502 58
58 203
203 449
449 263
467 
778 730 580 436 737 729 123 441 353 396 213 349 361 692 617 796 571 543 
796 353
353 441
441 123
123 729
729 580
580 730
730 436
436 737
737 778
778 571
571 543
543 617
617 396
396 213
213 361
361 349
349 692
17 208 443 289 416 351 695 542 393 142 579 
393 542
542 416
416 695
695 142
142 351
351 289
289 443
443 208
208 17
17 579
772 72 279 47 
772 72
72 279
279 47
685 98 312 747 
685 98
98 312
312 747
529 209 79 718 773 241 246 36 217 434 588 731 501 438 563 156 594 155 764 
764 155
155 594
594 563
563 438
438 501
501 156
156 731
731 588
588 434
434 217
217 246
246 36
36 241
241 529
529 209
209 79
79 773
773 718
493 258 486 
493 486
486 258
652 38 495 470 243 109 192 294 32 650 422 615 40 418 770 
652 38
38 495
495 470
470 243
243 109
109 192
192 294
294 650
650 32
32 422
422 615
615 418
418 770
770 40
151 164 743 382 628 18 170 114 232 775 384 535 204 613 
775 164
164 151
151 170
170 628
628 232
232 114
114 743
743 382
382 18
18 384
384 535
535 613
613 204
634 591 285 10 228 777 286 306 
228 10
10 777
777 286
286 285
285 591
591 634
634 306
600 
319 260 
319 260
362 
371 605 
371 605
587 799 46 180 688 184 43 166 233 62 769 622 
622 233
233 769
769 62
62 166
166 688
688 184
184 43
43 180
180 46
46 799
799 587
108 
218 269 530 85 
269 218
218 530
530 85
761 381 760 65 475 132 717 662 389 570 81 264 344 159 7 514 82 
514 7
7 159
159 344
344 264
264 81
81 570
570 662
662 717
717 389
389 132
132 82
82 65
65 475
475 761
761 760
760 381
508 618 763 559 194 
194 508
508 618
618 763
763 559
12 683 398 599 214 383 464 197 
383 197
197 464
464 214
214 599
599 12
12 398
398 683
564 365 715 333 411 
564 365
365 715
715 333
333 411
545 509 507 750 614 782 612 11 473 701 397 282 195 78 726 637 582 297 792 224 516 691 314 406 481 
509 545
545 507
507 750
750 614
614 782
782 612
612 78
78 701
701 397
397 11
11 726
726 297
297 473
473 481
481 406
406 637
637 195
195 582
582 282
282 792
792 314
314 224
224 691
691 516
704 136 402 339 348 119 419 
704 402
402 136
136 348
348 339
339 119
119 419
374 350 405 568 187 583 373 270 689 534 5 428 455 293 739 620 565 555 29 452 345 659 639 242 274 185 633 435 88 313 407 13 57 515 161 426 199 
407 88
88 313
313 13
13 435
435 633
633 185
185 274
274 242
242 161
161 345
345 452
452 57
57 515
515 639
639 29
29 555
555 659
659 565
565 739
739 293
293 620
620 428
428 455
455 426
426 199
199 534
534 5
5 187
187 568
568 373
373 405
405 270
270 374
374 350
350 583
583 689
266 8 
266 8
326 300 447 71 221 
300 326
326 71
71 447
447 221
797 318 369 165 474 608 1 698 490 451 352 130 261 288 519 211 
211 519
519 288
288 261
261 352
352 165
165 451
451 130
130 490
490 369
369 698
698 474
474 1
1 608
608 318
318 797
33 
780 181 
181 780
468 385 68 262 210 762 315 104 366 601 249 238 309 28 668 111 87 
385 468
468 262
262 68
68 210
210 762
762 315
315 111
111 249
249 668
668 104
104 238
238 87
87 366
366 601
601 309
309 28
463 143 674 574 99 63 52 497 160 147 675 200 173 
160 497
497 674
674 52
52 63
63 143
143 463
463 99
99 574
574 147
147 200
200 173
173 675
485 758 745 670 647 581 378 630 337 
337 630
630 378
378 485
485 758
758 745
745 670
670 647
647 581
237 153 89 387 632 
237 153
153 89
89 387
387 632
408 643 
643 408
453 
320 768 
320 768
724 37 331 744 462 577 308 578 168 336 193 317 722 672 646 69 721 388 127 756 547 
722 724
724 672
672 37
37 646
646 69
69 331
331 462
462 744
744 577
577 308
308 336
336 317
317 193
193 578
578 168
168 721
721 547
547 127
127 756
756 388
500 705 342 736 518 589 357 727 
705 500
500 342
342 736
736 518
518 589
589 357
357 727
666 134 287 
287 134
134 666
506 325 585 126 541 699 733 27 303 465 20 623 231 190 524 367 376 254 0 176 
699 506
506 585
585 325
325 126
126 541
541 733
733 623
623 27
27 231
231 190
190 303
303 0
0 524
524 20
20 465
465 254
254 376
376 367
367 176
401 682 
682 401
417 
257 
746 480 414 310 276 641 667 363 557 
667 746
746 363
363 480
480 641
641 414
414 310
310 276
276 557
3 61 592 629 
629 592
592 61
61 3
693 
76 110 686 611 6 658 360 410 669 95 751 598 562 230 
751 95
95 230
230 598
598 562
562 669
669 410
410 360
360 611
611 110
110 76
76 686
686 6
6 658
275 712 551 390 148 49 302 
551 712
712 275
275 390
390 148
148 49
49 302
234 442 343 526 54 791 182 
182 791
791 343
343 442
442 526
526 54
54 234
51 532 299 510 73 
51 532
532 73
73 299
299 510
708 
137 
626 504 188 4 631 552 638 177 255 162 
631 4
4 188
188 504
504 626
626 177
177 638
638 255
255 552
552 162
740 657 272 247 413 16 
413 247
247 740
740 16
16 657
657 272
716 56 
716 56
145 400 445 316 169 513 92 627 651 624 355 655 765 
655 355
355 624
624 765
765 651
651 627
627 92
92 316
316 169
169 513
513 445
445 145
145 400
245 152 42 
245 152
152 42
531 680 163 432 386 
386 432
432 163
163 680
680 531
64 431 311 
311 431
431 64
554 596 459 723 656 250 
656 250
250 723
723 596
596 554
554 459
550 202 253 96 394 457 251 409 421 77 141 
251 409
409 457
457 96
96 253
253 394
394 77
77 550
550 202
202 141
141 421
539 129 783 488 498 679 456 700 290 31 332 640 665 240 749 427 676 295 235 44 425 346 186 201 544 358 167 329 248 748 128 
640 290
290 498
498 679
679 332
332 700
700 456
456 783
783 186
186 31
31 129
129 539
539 488
488 329
329 676
676 240
240 427
427 665
665 749
749 295
295 358
358 235
235 201
201 44
44 167
167 544
544 425
425 128
128 248
248 748
748 346
93 139 122 59 494 537 39 706 616 298 734 404 424 135 487 205 621 625 
39 706
706 122
122 93
93 616
616 537
537 139
139 734
734 59
59 404
404 494
494 424
424 135
135 487
487 298
298 205
205 625
625 621
50 259 
50 259
572 281 280 91 196 753 610 
280 196
196 281
281 91
91 572
572 610
610 753
