!
32 138 376 52 422 616 587 276 629 446 247 272 321 345 312 515 171 358 208 613 167 361 185 305 349 373 292 215 584 614 135 
373 349
349 292
292 305
305 135
135 614
614 215
215 584
584 167
167 613
613 185
185 361
361 208
208 515
515 446
446 171
171 629
629 276
276 358
358 247
247 587
587 616
616 422
422 321
321 52
52 376
376 272
272 345
345 138
138 32
32 312
675 643 1 159 104 0 403 338 437 150 487 275 694 87 645 239 396 566 91 25 134 263 631 390 113 212 475 626 228 551 288 26 162 590 261 294 547 538 542 329 57 169 574 498 12 413 105 472 163 476 183 521 492 465 639 435 80 611 508 661 646 644 359 205 115 588 401 337 703 559 108 95 431 690 756 248 779 179 740 674 660 483 14 567 628 623 667 681 149 4 558 651 758 225 533 93 94 424 258 351 776 116 89 714 722 627 270 764 297 723 127 47 652 29 785 334 737 491 76 347 658 405 100 254 650 194 481 266 18 784 597 59 691 235 586 19 102 328 618 693 265 278 797 23 750 490 733 182 480 398 699 479 478 762 502 368 501 754 453 683 609 151 495 418 601 38 665 410 
699 398
398 480
480 182
182 733
733 490
490 597
597 797
797 23
23 18
18 784
784 328
328 618
618 266
266 750
750 59
59 102
102 691
691 737
737 491
491 235
235 76
76 19
19 334
334 658
658 586
586 347
347 405
405 650
650 693
693 278
278 265
265 785
785 127
127 100
100 723
723 254
254 479
479 270
270 627
627 502
502 764
764 47
47 297
297 652
652 478
478 762
762 722
722 38
38 481
481 601
601 714
714 368
368 29
29 418
418 89
89 194
194 501
501 495
495 151
151 351
351 609
609 776
776 683
683 258
258 754
754 116
116 453
453 424
424 665
665 225
225 410
410 533
533 667
667 628
628 758
758 93
93 623
623 651
651 674
674 779
779 660
660 558
558 4
4 740
740 681
681 179
179 94
94 756
756 248
248 690
690 149
149 431
431 108
108 95
95 401
401 559
559 588
588 337
337 483
483 14
14 703
703 115
115 567
567 183
183 359
359 644
644 521
521 294
294 492
492 538
538 547
547 476
476 472
472 465
465 163
163 611
611 542
542 498
498 574
574 475
475 169
169 329
329 12
12 80
80 639
639 212
212 105
105 435
435 413
413 113
113 390
390 631
631 626
626 508
508 205
205 551
551 263
263 228
228 661
661 25
25 134
134 646
646 288
288 91
91 566
566 26
26 162
162 590
590 261
261 694
694 87
87 645
645 487
487 275
275 239
239 437
437 150
150 338
338 104
104 0
0 159
159 396
396 403
403 1
1 57
57 675
675 643
301 507 747 118 86 220 682 438 320 712 732 111 291 136 429 77 309 103 17 463 579 13 759 61 8 153 380 415 308 298 412 226 101 354 286 42 727 311 289 471 393 124 552 725 676 318 671 729 381 73 489 459 170 407 84 553 232 143 75 678 473 7 625 375 793 279 48 250 360 710 363 408 158 211 207 698 468 49 72 402 97 771 433 374 469 409 696 726 561 
726 696
696 211
211 72
72 408
408 158
158 698
698 207
207 468
468 363
363 49
49 97
97 771
771 710
710 402
402 250
250 561
561 360
360 625
625 48
48 375
375 793
793 7
7 409
409 279
279 473
473 678
678 433
433 469
469 374
374 489
489 143
143 232
232 73
73 459
459 170
170 553
553 381
381 84
84 407
407 318
318 671
671 75
75 136
136 291
291 729
729 676
676 124
124 393
393 552
552 471
471 712
712 732
732 579
579 725
725 463
463 111
111 320
320 289
289 220
220 311
311 682
682 429
429 86
86 438
438 727
727 118
118 17
17 42
42 103
103 380
380 301
301 507
507 77
77 309
309 415
415 286
286 61
61 308
308 759
759 747
747 8
8 298
298 412
412 153
153 13
13 354
354 226
226 101
700 792 434 509 449 386 668 317 98 327 460 778 769 15 688 425 367 525 427 161 44 41 219 377 20 148 249 477 202 777 37 730 184 466 53 467 231 157 236 269 679 273 497 634 223 274 88 527 
249 219
219 148
148 377
377 20
20 778
778 477
477 41
41 44
44 98
98 161
161 327
327 317
317 668
668 427
427 777
777 460
460 730
730 386
386 449
449 37
37 509
509 688
688 434
434 769
769 15
15 184
184 202
202 700
700 792
792 53
53 425
425 466
466 367
367 467
467 525
525 231
231 157
157 269
269 236
236 274
274 679
679 88
88 527
527 497
497 273
273 223
223 634
534 728 112 757 146 353 24 680 180 282 746 486 121 450 556 145 35 210 689 715 673 177 519 430 545 414 426 417 738 721 565 364 576 589 655 284 735 520 709 
520 709
709 735
735 589
589 655
655 576
576 738
738 284
284 364
364 426
426 417
417 721
721 565
565 414
414 746
746 486
486 282
282 673
673 545
545 180
180 680
680 715
715 24
24 689
689 353
353 146
146 121
121 450
450 177
177 757
757 112
112 556
556 210
210 728
728 519
519 430
430 145
145 35
35 534
707 176 799 82 512 119 555 686 344 350 287 713 795 787 74 400 34 201 336 518 11 662 187 455 780 343 767 543 708 382 516 71 770 742 531 456 147 255 510 175 229 630 517 642 610 193 506 352 743 131 474 366 90 83 196 570 209 371 684 346 766 744 314 22 277 505 160 451 259 781 654 56 40 736 514 773 186 604 704 445 443 637 156 687 200 293 411 544 452 749 300 253 199 154 395 43 324 706 605 316 
316 605
605 706
706 324
324 749
749 452
452 43
43 300
300 704
704 604
604 253
253 186
186 259
259 395
395 451
451 773
773 443
443 160
160 544
544 445
445 22
22 781
781 514
514 314
314 637
637 766
766 654
654 744
744 156
156 505
505 56
56 687
687 346
346 40
40 277
277 199
199 736
736 200
200 293
293 411
411 90
90 336
336 154
154 787
787 366
366 713
713 196
196 474
474 74
74 371
371 131
131 795
795 570
570 209
209 743
743 83
83 287
287 684
684 352
352 343
343 708
708 400
400 686
686 767
767 543
543 555
555 456
456 34
34 742
742 71
71 344
344 350
350 531
531 147
147 512
512 707
707 382
382 255
255 176
176 510
510 119
119 516
516 770
770 799
799 175
175 82
82 229
229 630
630 517
517 610
610 201
201 193
193 642
642 506
506 518
518 11
11 662
662 187
187 780
780 455
549 46 
549 46
5 617 772 31 152 165 330 234 213 240 540 307 782 132 464 571 50 313 786 432 64 537 173 295 339 271 123 54 763 
339 307
307 540
540 763
763 271
271 132
132 240
240 152
152 330
330 213
213 782
782 165
165 31
31 54
54 772
772 123
123 234
234 464
464 5
5 617
617 571
571 432
432 50
50 313
313 786
786 64
64 537
537 173
173 295
582 3 139 264 632 697 774 702 372 227 739 216 583 
582 583
583 227
227 216
216 372
372 139
139 739
739 702
702 3
3 264
264 774
774 697
697 632
237 27 641 563 716 581 548 36 794 484 783 419 416 
419 416
416 783
783 36
36 641
641 548
548 484
484 563
563 581
581 716
716 794
794 27
27 237
117 624 172 748 285 107 260 137 440 206 620 494 554 606 653 692 144 607 391 332 580 192 638 532 
117 440
440 107
107 260
260 137
137 624
624 172
172 748
748 285
285 206
206 620
620 494
494 554
554 606
606 653
653 692
692 144
144 580
580 607
607 192
192 391
391 332
332 638
638 532
299 178 217 256 81 28 96 126 120 155 55 404 444 68 204 577 9 245 114 423 252 560 546 168 246 718 572 365 128 504 331 755 719 
719 755
755 331
331 504
504 718
718 365
365 572
572 246
246 168
168 128
128 423
423 577
577 204
204 9
9 546
546 560
560 252
252 245
245 114
114 68
68 444
444 120
120 155
155 28
28 126
126 81
81 96
96 404
404 55
55 217
217 256
256 178
178 299
493 485 257 461 442 541 394 323 290 243 191 
290 323
323 394
394 541
541 257
257 461
461 442
442 243
243 485
485 191
191 493
33 788 441 99 536 369 174 267 304 21 598 523 528 190 63 724 731 701 379 2 522 503 130 635 500 
731 190
190 63
63 528
528 379
379 21
21 724
724 304
304 267
267 523
523 174
174 598
598 369
369 99
99 33
33 788
788 441
441 536
536 701
701 2
2 522
522 503
503 500
500 130
130 635
568 539 462 705 664 659 197 647 578 388 387 564 283 85 789 636 370 573 454 296 322 663 92 341 181 357 593 657 
789 539
539 568
568 85
85 462
462 283
283 357
357 564
564 593
593 181
181 197
197 92
92 341
341 659
659 578
578 705
705 664
664 647
647 388
388 387
387 370
370 636
636 322
322 663
663 296
296 454
454 573
573 657
741 241 695 268 619 233 335 110 389 608 535 142 621 45 791 244 392 447 356 
791 45
45 621
621 244
244 392
392 447
447 356
356 268
268 695
695 741
741 241
241 619
619 233
233 389
389 110
110 335
335 608
608 142
142 535
51 711 262 385 633 482 319 720 421 62 420 67 69 530 745 436 622 648 524 672 649 141 685 488 10 751 166 761 109 717 251 281 397 224 140 6 78 30 355 569 39 562 198 384 798 602 333 513 133 238 603 203 125 591 310 765 557 511 656 195 670 768 666 600 383 340 214 526 585 242 280 378 790 65 106 775 669 362 342 594 315 303 595 734 796 79 760 596 58 753 550 188 222 457 122 406 592 458 529 306 612 470 189 439 70 230 129 677 66 302 615 496 499 599 164 
677 711
711 262
262 230
230 129
129 612
612 51
51 70
70 439
439 306
306 385
385 470
470 529
529 189
189 633
633 482
482 62
62 319
319 421
421 406
406 720
720 458
458 66
66 592
592 302
302 420
420 615
615 67
67 761
761 69
69 530
530 745
745 496
496 648
648 499
499 436
436 599
599 524
524 622
622 672
672 649
649 164
164 141
141 488
488 10
10 685
685 751
751 166
166 760
760 79
79 251
251 281
281 397
397 109
109 78
78 717
717 224
224 656
656 595
595 796
796 140
140 6
6 734
734 30
30 355
355 569
569 39
39 562
562 602
602 511
511 198
198 384
384 513
513 798
798 333
333 242
242 133
133 768
768 280
280 238
238 378
378 585
585 557
557 670
670 603
603 203
203 526
526 666
666 195
195 125
125 214
214 790
790 340
340 310
310 383
383 591
591 765
765 600
600 669
669 594
594 342
342 65
65 106
106 362
362 315
315 775
775 303
303 550
550 596
596 58
58 222
222 457
457 753
753 122
122 188
575 399 348 221 326 218 752 16 325 60 428 448 640 
640 448
448 428
428 60
60 752
752 221
221 326
326 348
348 399
399 218
218 575
575 325
325 16
