!
42 61 81
42 81
81 61
134 149 405 596 679 710 45 128
134 679
679 149
149 596
596 710
710 405
405 45
45 128
345 434 526
526 434
434 345
595 631
631 595
671 703 35 262
35 262
262 671
671 703
326 350 643
326 643
643 350
672 687
672 687
699 713 265
699 713
713 265
272 356 396 402 524 533
272 533
533 402
402 356
356 396
396 524
645 726 9 103 122 208 554 563
645 726
726 122
122 103
103 208
208 563
563 554
554 9
678 770
678 770
786
30 63 194
63 194
194 30
264 467 500
467 500
500 264
504 516 598 209
504 516
516 598
598 209
246 340
246 340
475 651 689 690 779 796 167
690 167
167 651
651 689
689 779
779 796
796 475
202
221 244 603 657 677
677 221
221 244
244 603
603 657
711
21 29 196 232 319
196 232
232 29
29 21
21 319
330 545 546
545 330
330 546
80
145 214
214 145
406
452 464 472 795 185 198 295 349 407 592 642 772
407 592
592 295
295 642
642 772
772 185
185 472
472 349
349 198
198 795
795 452
452 464
12 27 52 89 431 534 589
12 534
534 27
27 89
89 589
589 431
431 52
773 2 95 106 222 245 539 626 748 165 170 266 380
380 266
266 170
170 165
165 773
773 222
222 2
2 626
626 106
106 748
748 95
95 245
245 539
609 709
609 709
761 775 49 50 139 203 205
761 775
775 49
49 205
205 50
50 203
203 139
442 506
442 506
523
279 303
279 303
341
378 522 591
378 591
591 522
640 661 154 441 462 512 586
154 462
462 586
586 512
512 441
441 640
640 661
707 765
707 765
156 294 404 486 614 676 767 47 56 72 435 476 483 664 74 158 179 256
476 47
47 664
664 72
72 435
435 56
56 483
483 74
74 256
256 179
179 404
404 486
486 614
614 158
158 676
676 156
156 767
767 294
307 381 455
381 455
455 307
78
290 306 327 410 437
327 306
306 290
290 437
437 410
708 86 206 519 544 633 752
708 519
519 544
544 752
752 633
633 86
86 206
776 77 90 109 353 565 611
776 353
353 565
565 90
90 109
109 77
77 611
683 4 70
70 683
683 4
104 213 291 312 416 249 288
288 249
249 416
416 312
312 104
104 291
291 213
489 532 647 694 747
489 647
647 694
694 532
532 747
114 258 354 491 549 629 702 130 173 236
173 130
130 236
236 354
354 258
258 549
549 629
629 702
702 491
491 114
348 445 605 778 6 40 275 391 463
778 348
348 445
445 605
605 6
6 275
275 463
463 40
40 391
620 729 0 210 225 358 573 594 624
0 210
210 225
225 594
594 358
358 624
624 573
573 729
729 620
259 260 393 423 438 567
260 423
423 259
259 438
438 393
393 567
576 67 127 175 297
297 576
576 127
127 67
67 175
300 403
300 403
451 88
451 88
112 119
119 112
126 302
302 126
658 696
696 658
98 116 323 415 551 583 668 138
138 583
583 98
98 323
323 668
668 415
415 551
551 116
152 411 461
152 461
461 411
634
654 65 73 251 492 646 700 19 20 59 382 453 511 25 146 314 531 625 632 57 310 424
310 424
424 382
382 57
57 511
511 19
19 453
453 59
59 20
20 654
654 251
251 73
73 700
700 65
65 646
646 492
492 314
314 25
25 632
632 531
531 625
625 146
562 579 666
562 579
579 666
161
229 386 528 540 587 124 137 218 361 542 797
542 124
124 361
361 218
218 797
797 137
137 528
528 540
540 386
386 229
229 587
23 141
141 23
553
648 740 790 22 108 132 193 284 550 186 443
108 443
443 22
22 193
193 550
550 284
284 186
186 132
132 648
648 790
790 740
558 638 698 746 1 11 183 400 477 602 10 298 316 547 628
558 746
746 10
10 698
698 628
628 298
298 638
638 547
547 316
316 1
1 602
602 11
11 477
477 400
400 183
641 102 343 517 652 755 777 60 140 263
641 777
777 517
517 102
102 755
755 652
652 343
343 263
263 140
140 60
337 495 578
495 578
578 337
46 177
46 177
250
305 757 787 82 278 656 688 742 781 33 118
757 305
305 787
787 118
118 33
33 688
688 82
82 781
781 656
656 742
742 278
176 383 685 727 31 131 269 270 561 705 454 498 630
270 31
31 269
269 705
705 131
131 561
561 727
727 383
383 685
685 176
176 630
630 454
454 498
674 715 750 16
674 750
750 715
715 16
121 243 274 332 398 7 160 252 317 440
317 252
252 7
7 160
160 440
440 121
121 398
398 274
274 243
243 332
529
83 171 261 293 473 494 182 228
171 261
261 293
293 494
494 83
83 473
473 228
228 182
377 484 556 601 66 117 226
601 484
484 377
377 556
556 226
226 117
117 66
501 599 741 113 384
384 113
113 741
741 501
501 599
621 662
621 662
667 733 163 223 230 413 615 627 75 169 240
627 413
413 163
163 223
223 615
615 230
230 733
733 667
667 169
169 240
240 75
276 421 493 48 92 204 334
92 204
204 48
48 334
334 421
421 276
276 493
401 456 69 199 247 373 469 684 18
18 469
469 373
373 247
247 684
684 69
69 199
199 456
456 401
125 220 239
125 220
220 239
745 785 8 231 299 510
785 745
745 510
510 299
299 231
231 8
791 34 237 499 502 686 150 289 315 432 724 39 242 422 426 716 191 425 568 616 769 255
315 432
432 289
289 724
724 150
150 791
791 255
255 769
769 616
616 425
425 568
568 242
242 191
191 716
716 426
426 422
422 39
39 499
499 686
686 502
502 237
237 34
450 619 719
619 719
719 450
763 37 164
763 164
164 37
257 318 691 3 162 371 418 732 395 527 717 753 768 365
527 395
395 717
717 768
768 753
753 365
365 691
691 257
257 318
318 732
732 162
162 418
418 371
371 3
530 559
530 559
593 774 281 304 460 607 612 17
17 593
593 774
774 612
612 460
460 607
607 304
304 281
322 574 675 692 570 582 739 743 744 123
574 675
675 692
692 322
322 570
570 743
743 123
123 744
744 739
739 582
271 430 496 762 188 282 471
271 430
430 496
496 762
762 188
188 282
282 471
536
653 394 412
394 412
412 653
509
723 760 105 190
105 190
190 723
723 760
207 211 308
207 308
308 211
87 241 518 555 749 24 100
87 749
749 241
241 555
555 518
518 100
100 24
238
623 725 324 351 427 525 663 168 357 444 459
324 351
351 427
427 663
663 525
525 725
725 623
623 444
444 168
168 459
459 357
597 43 233 388
43 388
388 233
233 597
660 706 38
660 706
706 38
54 111 359 508 287 481
508 54
54 359
359 111
111 481
481 287
730 771 794 338 379 417
771 379
379 338
338 730
730 794
794 417
439 470 136 155 172 273
273 172
172 155
155 136
136 439
439 470
766
285 387 389 618 734 159 197 336 420 513
197 159
159 513
513 336
336 420
420 285
285 734
734 618
618 389
389 387
76
216 296 311 497 215 321 331 362
216 497
497 296
296 311
311 215
215 321
321 362
362 331
720 64 79 515 521 736
720 64
64 79
79 521
521 736
736 515
68 71 457 673 798 320 368 458 681 737 28
737 368
368 681
681 458
458 320
320 28
28 71
71 673
673 457
457 68
68 798
514 557
557 514
659 799 99 144 313 360
313 360
360 99
99 144
144 799
799 659
488 53 153 680 792 147 187
488 792
792 53
53 680
680 153
153 147
147 187
369 610 129 286 428
286 428
428 129
129 610
610 369
548 32 253 543 590 227 635 670
253 590
590 32
32 543
543 548
548 670
670 227
227 635
731
419 429
419 429
541 718 62
62 718
718 541
347 414 704 474 569 728 751 399 571 577 636 51 178
347 414
414 704
704 51
51 178
178 569
569 474
474 751
751 728
728 577
577 399
399 636
636 571
639 655 180 447 466 764 283 503 669 756 219 301 465
301 219
219 465
465 764
764 466
466 639
639 447
447 655
655 180
180 283
283 756
756 669
669 503
482 96 212 367 376 166
482 166
166 212
212 367
367 376
376 96
408 600 604 333 448 566
566 448
448 333
333 604
604 600
600 408
759 254 325
325 254
254 759
606 665 195 200
606 665
665 195
195 200
224 649 5 329 397 535 85 94 115
85 115
115 94
94 224
224 649
649 329
329 397
397 5
5 535
234 174 201 552 695 309 697
552 695
695 174
174 201
201 697
697 309
309 234
721 784 97 107
784 721
721 97
97 107
133
436 15 189
436 15
15 189
280 637
637 280
36
385 735
385 735
738 342 613 650 793
738 650
650 793
793 613
613 342
101 366 487 580
580 101
101 366
366 487
58 268
58 268
352 693 157 355 490
693 352
352 490
490 355
355 157
712
44 372 392 758 267 390 788
392 758
758 372
372 44
44 390
390 788
788 267
217 335 588 55 537
335 217
217 588
588 537
537 55
617
120 581 783 110 344 375 84 433 701
110 375
375 344
344 433
433 701
701 84
84 783
783 120
120 581
485 584 644
584 644
644 485
26 364
26 364
560 248 480 714 13 142
480 714
714 248
248 560
560 142
142 13
538 41 93 622 148
148 93
93 622
622 41
41 538
575
682 328 520 585 91 572 782 235 446 479
782 91
91 572
572 585
585 520
520 328
328 479
479 446
446 235
235 682
143
449 468 370 722
468 449
449 370
370 722
754 181
754 181
564 608 151 363 507 192 409 789 292 780 277
789 409
409 192
192 780
780 292
292 608
608 507
507 564
564 151
151 277
277 363
478 135 184 14
14 478
478 184
184 135
374 346 339 505
339 374
374 505
505 346
