!
1 26 68 87 97 120 141 162
87 68
68 1
1 141
141 97
97 162
162 26
26 120
210 214 232 239 260 332 339 359 368 413 439 450 546 553 573 586 668
368 439
439 232
232 210
210 359
359 239
239 450
450 586
586 668
668 546
546 332
332 260
260 339
339 214
214 553
553 413
413 573
677
684 689 754 793 12 24 45 142 198 204 213 245 253 270 303 350 356 380 396 443 458 468 490 522 530 583 598 609 706 738 782 783 792 10 84 111 163 207 226 230
163 207
207 111
111 10
10 230
230 226
226 84
84 793
793 684
684 754
754 689
689 792
792 24
24 530
530 253
253 782
782 522
522 213
213 706
706 12
12 45
45 583
583 490
490 204
204 396
396 598
598 198
198 458
458 142
142 609
609 783
783 350
350 380
380 468
468 356
356 738
738 443
443 245
245 303
303 270
256 261 271 289 370 376 445 472 481 493 518 581 592 608 632 637 646 672 675 698 700 13 21 83 117 125 133 166 206 246 301 302 307 310 351 385 433 483 509 516 556 597 659
271 581
581 261
261 632
632 700
700 675
675 672
672 472
472 518
518 256
256 608
608 445
445 493
493 370
370 289
289 698
698 376
376 481
481 637
637 592
592 646
646 301
301 516
516 13
13 307
307 310
310 483
483 166
166 133
133 385
385 433
433 125
125 206
206 351
351 21
21 509
509 302
302 117
117 246
246 597
597 659
659 556
556 83
664 701 759 781 37 47 66 95 143 157 274 392 422 440 543 550 554
37 95
95 274
274 554
554 440
440 143
143 47
47 422
422 157
157 550
550 66
66 543
543 781
781 392
392 701
701 759
759 664
562 569 580 585 644 648 652 658 676 702 722 751 208 257 273 281 282 304 311 369 377 387 398 402
569 648
648 562
562 676
676 644
644 652
652 580
580 751
751 702
702 658
658 585
585 722
722 377
377 304
304 208
208 387
387 273
273 402
402 257
257 282
282 311
311 398
398 369
369 281
435 476 479 544 575 614
435 614
614 476
476 544
544 479
479 575
665 697 720 741 746 747
747 741
741 665
665 746
746 697
697 720
767 52 82 130 144 150 200 237 241 285 299
130 241
241 200
200 150
150 299
299 82
82 144
144 52
52 285
285 767
767 237
373 383 416 462 467 496 502 606 611 622 661
467 383
383 373
373 661
661 496
496 622
622 611
611 502
502 416
416 462
462 606
686 731 753 48 60 65 77 80 113 118 173 202 267 372 405 449 453 541 548 561 576 621 654 724 766 775 777 22 72 148 176 225 254 367 374 503 505 512 524 545 588 594 601
77 453
453 225
225 594
594 173
173 545
545 48
48 65
65 148
148 267
267 588
588 80
80 22
22 505
505 576
576 503
503 118
118 654
654 367
367 512
512 561
561 372
372 113
113 548
548 777
777 202
202 374
374 541
541 72
72 254
254 524
524 176
176 621
621 766
766 724
724 405
405 601
601 60
60 449
449 775
775 753
753 731
731 686
603 605 627 650 670 673 681 773 11 56 61 115 152 158 174 185 194 199 283 284
773 627
627 670
670 152
152 199
199 115
115 605
605 174
174 603
603 284
284 673
673 194
194 56
56 11
11 283
283 185
185 681
681 650
650 158
158 61
290 390 400 429 446 478
400 446
446 290
290 429
429 390
390 478
484 495 625 682 694 784 57 94 96 139 146 182 201 218
484 495
495 784
784 682
682 625
625 694
694 96
96 94
94 139
139 146
146 201
201 57
57 182
182 218
221 240 250 265 295 324 329 423 475 492 498 604 618 669 739 33 50 88 101 126 161 184 187 193 220 268 272 315 349 415 418 457 494 560 565 638 680 715 15 59 127 135 155 183 209 211 217 249 258 294 352 361 382
361 217
217 211
211 59
59 209
209 127
127 352
352 294
294 183
183 155
155 135
135 15
15 382
382 258
258 161
161 249
249 415
415 349
349 193
193 187
187 418
418 715
715 565
565 457
457 315
315 33
33 50
50 126
126 101
101 560
560 88
88 638
638 494
494 268
268 220
220 680
680 184
184 272
272 295
295 492
492 423
423 329
329 221
221 265
265 604
604 618
618 324
324 739
739 250
250 240
240 669
669 475
475 498
414 487
414 487
555 559 595 628 640 641 6 67 86 102 179 191 195 247 259 262 312 323 358 364 395 485 624 634 666 719 729 732 791 18 19 32 53 81 149 292 317 341 375 408 419 441 454
19 341
341 292
292 149
149 32
32 408
408 375
375 454
454 317
317 53
53 419
419 441
441 18
18 81
81 555
555 628
628 595
595 640
640 559
559 641
641 624
624 191
191 102
102 259
259 358
358 6
6 729
729 666
666 364
364 719
719 195
195 732
732 791
791 247
247 485
485 179
179 395
395 634
634 67
67 86
86 262
262 312
312 323
474 551 602 607 610 696 744 752 771 38 263 321 330 331 353 397 411 426 452 461 471 486 506 511 631 695 703 740 757 760 799 41 55 73 93 134 164 219 224 252 276 277 309 421 437 482 547 552 639 699 727 742 790 4 35 39 70 103 170 215 298 360 425 463 520 568 570 578 642 653 776 785
610 771
771 551
551 474
474 607
607 752
752 696
696 744
744 602
602 703
703 263
263 411
411 631
631 330
330 740
740 452
452 695
695 506
506 486
486 397
397 331
331 757
757 321
321 511
511 426
426 760
760 799
799 38
38 461
461 70
70 463
463 471
471 353
353 578
578 298
298 653
653 570
570 360
360 215
215 39
39 642
642 568
568 170
170 4
4 425
425 35
35 785
785 776
776 103
103 520
520 134
134 639
639 276
276 277
277 252
252 41
41 699
699 421
421 547
547 552
552 742
742 790
790 164
164 73
73 437
437 219
219 482
482 93
93 309
309 224
224 55
55 727
787 789 798 54 69
798 54
54 787
787 789
789 69
128 145 165 286 291 296 354 407 424 434 456 500 508 510 599 612 662 723 745 2 58 63 109 131 132 137 147 212 223 355 381 488 507 549 615 616 660 709 725 765 42 46 62 110 116 129 171 178 244 279 346 347 431 432 480 528 577 674 690 763 764 5
131 223
223 355
355 2
2 147
147 63
63 137
137 212
212 507
507 381
381 549
549 109
109 709
709 616
616 58
58 660
660 132
132 615
615 725
725 765
765 488
488 5
5 296
296 456
456 286
286 745
745 508
508 424
424 407
407 599
599 432
432 662
662 145
145 431
431 434
434 500
500 763
763 291
291 165
165 528
528 46
46 690
690 480
480 510
510 178
178 354
354 110
110 279
279 674
674 62
62 128
128 346
346 171
171 42
42 612
612 723
723 577
577 129
129 244
244 116
116 347
347 764
8 30
8 30
71 108 124
71 108
108 124
154 229 305 327 391 394 501 537 542 593 728 736 756 770 779 51 74 79 92 180 188 335 336 399 420 470 517 584 587 623 629 656 678 714 774 49 100 104 156 242 248 319 340 365 409 444 532 538 566 617
656 74
74 335
335 92
92 188
188 51
51 336
336 180
180 770
770 501
501 399
399 517
517 391
391 79
79 593
593 154
154 714
714 327
327 420
420 542
542 470
470 537
537 779
779 394
394 305
305 736
736 623
623 587
587 229
229 728
728 678
678 756
756 584
584 774
774 629
629 409
409 444
444 617
617 49
49 319
319 248
248 104
104 340
340 100
100 242
242 365
365 156
156 566
566 532
532 538
633 683 708 749 758 14
14 633
633 708
708 758
758 749
749 683
28 107 112 168 190 255
190 255
255 28
28 168
168 112
112 107
306 308 326 404 521 600 630 667 671 691 693 726 735 119 175 236 313 318 338 366 388
326 630
630 306
306 667
667 600
600 691
691 521
521 735
735 671
671 726
726 693
693 308
308 404
404 388
388 338
338 366
366 236
236 313
313 318
318 119
119 175
406 410 436 455 459 515 531 626 704 733 797 121
121 626
626 459
459 531
531 455
455 410
410 797
797 704
704 733
733 436
436 406
406 515
136 151 153 159 169 205
159 169
169 205
205 136
136 151
151 153
345 371 427 466 491 529 571 721 761 786 0 3 99 106 122 172 269 287
721 786
786 345
345 466
466 571
571 529
529 761
761 491
491 427
427 371
371 287
287 0
0 106
106 3
3 122
122 99
99 172
172 269
378 379 557 596 647 657 710 734 796 17 23 25 98 228 275 297 337 477 497
23 337
337 228
228 17
17 477
477 25
25 275
275 98
98 297
297 497
497 379
379 557
557 734
734 378
378 647
647 710
710 596
596 657
657 796
564 591 620 663 711 743 75 123 160 186 192 251
591 743
743 564
564 620
620 663
663 711
711 192
192 75
75 186
186 251
251 160
160 123
288 342 438 451 504 558 613 643 716 795 78 91 177 278 293 325 344 384 430 469 489 533 536 539 589 619 31 105 167 181 203 234 264
105 181
181 264
264 234
234 31
31 167
167 203
203 504
504 78
78 288
288 451
451 795
795 613
613 438
438 430
430 716
716 539
539 293
293 558
558 91
91 489
489 619
619 643
643 325
325 278
278 344
344 177
177 342
342 536
536 469
469 589
589 533
533 384
314 473 514 574 582 705 768 780 64 216 280 328 348 412 428 447 519 679 688 713 717 794 9 89 189 222 233 320 363 525 649 692 712 748 762 772 40 44 76 140 300 322 386 393 417 442 526 635 651 718
314 473
473 780
780 582
582 768
768 574
574 705
705 514
514 216
216 328
328 447
447 412
412 519
519 64
64 679
679 717
717 348
348 794
794 428
428 688
688 280
280 713
713 320
320 772
772 748
748 189
189 222
222 649
649 89
89 525
525 233
233 363
363 692
692 712
712 762
762 9
9 417
417 300
300 635
635 442
442 140
140 526
526 393
393 76
76 718
718 651
651 40
40 386
386 322
322 44
90
114 231 333 357 362 460 464 513 523 567 687 750 16 27 29
567 750
750 523
523 464
464 231
231 687
687 460
460 362
362 513
513 357
357 333
333 114
114 27
27 16
16 29
85 138 197
197 85
85 138
243 316 343 540 685 737 20 36 196 235 266
540 343
343 316
316 266
266 685
685 20
20 36
36 235
235 737
737 196
196 243
403 465 527 579 645 707 788 7 43
43 7
7 403
403 527
527 465
465 645
645 788
788 707
707 579
334 389 534 535 572 636 655 755 778 34 227 238 401 448 499 563 590 730 769
563 401
401 448
448 769
769 590
590 227
227 238
238 34
34 499
499 730
730 755
755 389
389 334
334 572
572 655
655 778
778 534
534 636
636 535
