!
4 29 46 51 85 130 150 156 158 245 254 263 285 287 290 303 306 343
29 150
150 85
85 263
263 158
158 46
46 245
245 285
285 287
287 303
303 51
51 130
130 306
306 4
4 343
343 156
156 290
290 254
401 403 414 422 467 488 505 509 510 519 528 545 552 605 608 631 650 661 668 672 718
528 422
422 403
403 552
552 488
488 631
631 608
608 650
650 505
505 668
668 672
672 509
509 605
605 519
519 661
661 718
718 401
401 545
545 414
414 510
510 467
762 765 766 780 792 795 7 16 18 21 43 57 63 74 98 115 129 132
132 115
115 98
98 43
43 63
63 18
18 129
129 21
21 7
7 74
74 57
57 16
16 792
792 765
765 766
766 795
795 762
762 780
133 137 152 188 200
137 133
133 152
152 200
200 188
203 204 242 313 320 332 334 336 394 411 412 436 494 497 501 558 585 620 628 643 690 694 714 730 764 782 786 11 23 28 38 53 54 70 81 104 141 171 212 235 239 244 262 345 349 372 397 398 430 439 451 456 473 495 530 594 604 617 634 652 665 679 697 701 715 721 755 797
54 171
171 665
665 530
530 634
634 349
349 594
594 104
104 81
81 398
398 604
604 451
451 797
797 679
679 439
439 617
617 11
11 141
141 372
372 755
755 456
456 239
239 430
430 697
697 721
721 244
244 652
652 397
397 701
701 38
38 212
212 70
70 495
495 235
235 23
23 345
345 53
53 715
715 28
28 473
473 262
262 412
412 714
714 690
690 203
203 620
620 643
643 494
494 334
334 585
585 332
332 782
782 436
436 694
694 501
501 558
558 764
764 242
242 320
320 730
730 394
394 786
786 411
411 497
497 628
628 336
336 204
204 313
2 3 12 14 32 60
60 32
32 2
2 3
3 12
12 14
97 131 140 168 251 270 304 312 348 353 361
251 140
140 304
304 168
168 97
97 312
312 361
361 353
353 270
270 131
131 348
366 447 465 469 472 512 516 517 535 554 562 600 656 658 686
686 465
465 517
517 366
366 600
600 658
658 535
535 562
562 656
656 447
447 512
512 469
469 516
516 554
554 472
691 712 723 767 784 798 27 42 44 45 64 72 78 79 86 100 102 108 128 154 176 210 215 261 298 330 350 370 380 410 464 560 563 580 632 645 648 680 681 740 741 742 1 22 71 84 117 123 155 160 172 227 230 233 237 238 249 315 338 339 344 358 474 503 576 590 593 603 618 630 671 678 722 727 733 748 773 791 26 56
230 576
576 733
733 117
117 603
603 474
474 618
618 678
678 160
160 338
338 722
722 155
155 344
344 339
339 791
791 249
249 315
315 237
237 727
727 238
238 503
503 593
593 671
671 748
748 630
630 22
22 123
123 84
84 1
1 590
590 773
773 172
172 233
233 358
358 227
227 71
71 26
26 56
56 380
380 560
560 86
86 691
691 176
176 767
767 681
681 27
27 108
108 215
215 632
632 741
741 350
350 370
370 680
680 740
740 580
580 102
102 210
210 261
261 723
723 154
154 464
464 742
742 410
410 128
128 712
712 100
100 298
298 563
563 798
798 64
64 42
42 648
648 44
44 45
45 72
72 79
79 784
784 330
330 78
78 645
61 82 92 95 101 135 136 149 159
149 136
136 135
135 101
101 95
95 82
82 61
61 92
92 159
177 182 184 226 243
182 243
243 226
226 184
184 177
253 282 293 301 325 389 416 458 468 500 572 581 582 597 637 669 673 719 41 91 134 148 163 165 169 189 206 250 323 329 385 386 393 415 423 457 460 475 492 507 523
523 325
325 475
475 500
500 582
582 329
329 460
460 415
415 719
719 301
301 673
673 492
492 458
458 386
386 91
91 293
293 507
507 416
416 163
163 669
669 393
393 282
282 165
165 597
597 457
457 323
323 423
423 189
189 468
468 206
206 637
637 134
134 581
581 389
389 250
250 572
572 169
169 385
385 148
148 41
41 253
551
569 615
569 615
622 627 670 683 758 775 781 40 59 88 89 193 214 224 256 257 269 284 291 319
269 284
284 40
40 257
257 224
224 256
256 193
193 319
319 89
89 59
59 291
291 214
214 670
670 88
88 758
758 775
775 627
627 622
622 781
781 683
355 381 395 400 425 426 431 435 438 448 452 491 525 532 638 676 725 738 757 779 55 76 167 194 231 252 268 321 324 333 356 359 373 434 441 450 466 502 515 531 537 539 546 564 571 573 575 587 611 624 675 706 794 9 15 17 33 105 106 125 138 146 151 217 225 241 294 296 318 342 351 383 404 408 437 449 487 520 538 540 557 647 692 785 788 66 69 83 94 143 179 186 255 317 352 396 444 454 479 486 493 526 541 543 544 550 588 612 616 655 664 674 693 696 710 737 763 35 127 196 209 236
452 612
612 737
737 696
696 179
179 738
738 550
550 525
525 676
676 426
426 66
66 435
435 255
255 763
763 638
638 444
444 543
543 454
454 779
779 381
381 448
448 355
355 664
664 725
725 400
400 693
693 479
479 491
491 616
616 493
493 532
532 674
674 94
94 757
757 541
541 352
352 544
544 395
395 143
143 396
396 186
186 431
431 83
83 425
425 434
434 486
486 450
450 710
710 655
655 69
69 438
438 231
231 317
317 526
526 611
611 575
575 588
588 539
539 537
537 167
167 587
587 675
675 268
268 706
706 359
359 333
333 321
321 441
441 515
515 194
194 252
252 624
624 466
466 502
502 564
564 324
324 546
546 55
55 356
356 531
531 573
573 76
76 373
373 571
571 794
794 236
236 209
209 196
196 35
35 127
127 408
408 342
342 540
540 106
106 9
9 217
217 146
146 225
225 538
538 151
151 241
241 487
487 437
437 692
692 17
17 33
33 520
520 296
296 788
788 105
105 785
785 449
449 383
383 557
557 294
294 138
138 404
404 125
125 15
15 647
647 351
351 318
286 307 341 363 384 388 390 527 536 547 555 602 610 635 649 653 677
527 390
390 536
536 363
363 653
653 384
384 649
649 602
602 635
635 286
286 547
547 388
388 677
677 341
341 307
307 555
555 610
687 688 689 720 724 783 796 19 37 118 122 144 166 170 178 197 207 247 248 275 299 322 360 367 379 409 461 462 565 639 640 657 704 729 761 25 80 107 216 258
796 118
118 379
379 322
322 640
640 197
197 688
688 761
761 275
275 409
409 144
144 299
299 724
724 783
783 122
122 170
170 704
704 689
689 565
565 720
720 687
687 248
248 37
37 207
207 367
367 247
247 461
461 360
360 462
462 657
657 107
107 19
19 639
639 80
80 729
729 166
166 178
178 216
216 258
258 25
266 273 288 300 346 371 399 407 417 418 476 478 513 577 625 654 666 685 703 711 732 769 774 6 47 75 119 126 201 208 211 218 297 337 382 392 420 463 511 524 534 559 578 595 633 641 662 695 702 753 754 0 30 109 124 145 174 192 232 292 308 309 314
753 633
633 754
754 297
297 211
211 662
662 595
595 201
201 75
75 218
218 641
641 126
126 382
382 119
119 702
702 47
47 559
559 534
534 392
392 463
463 511
511 695
695 337
337 420
420 578
578 6
6 208
208 524
524 232
232 308
308 174
174 0
0 30
30 124
124 309
309 109
109 145
145 314
314 292
292 417
417 703
703 192
192 774
774 769
769 300
300 732
732 346
346 418
418 577
577 288
288 407
407 371
371 513
513 666
666 625
625 266
266 273
273 478
478 476
476 399
399 711
711 654
654 685
327 335 369 413 442 508 518 549 592 596 609 626 682 771 777 778 103 121 164 173 185 190 199 219 221 277 289 295 302 496 506 548 583 586 598 599 629 659 708 739 787 799 5 24 52 110 139 183 205 228 274 311 326 328 375 391 433 498 499 521
521 498
498 24
24 183
183 139
139 228
228 52
52 311
311 5
5 375
375 499
499 391
391 274
274 110
110 328
328 326
326 205
205 433
433 219
219 335
335 508
508 369
369 596
596 629
629 549
549 708
708 173
173 442
442 277
277 682
682 327
327 609
609 626
626 598
598 164
164 518
518 586
586 592
592 799
799 295
295 413
413 659
659 103
103 583
583 199
199 599
599 302
302 777
777 771
771 787
787 778
778 190
190 289
289 185
185 506
506 739
739 548
548 496
496 221
221 121
529 660 707 717 728 750 751 789 36 49 50 62 114 142 161 181 223 259 260 279 280 429 471 514 606 614 619 699 709 735 745 746 752 759 65 68 191 213 264 267 271 278 316 340
271 65
65 278
278 191
191 68
68 213
213 340
340 316
316 267
267 264
264 707
707 717
717 660
660 750
750 529
529 728
728 429
429 735
735 751
751 709
709 759
759 752
752 259
259 789
789 114
114 260
260 606
606 280
280 62
62 223
223 36
36 49
49 161
161 614
614 471
471 745
745 50
50 699
699 619
619 181
181 514
514 142
142 279
279 746
354 387 405 440 453
440 405
405 453
453 354
354 387
477 481 522 533 623 734 770 772 776 10 87 93 116 162 175 195 220 229 240 357 427 459 483 490
772 481
481 623
623 734
734 776
776 522
522 533
533 477
477 770
770 357
357 162
162 459
459 490
490 87
87 220
220 175
175 93
93 427
427 229
229 483
483 116
116 195
195 240
240 10
566 584 601 621 644 667 713 760 768 20 39 73 96 112 153 222 265 276 362 365 421 424 443 445 446 489 574 607 646 684 749 793 90 99 111 113 147 157 187 234 272 310 331 364 374 406 419
374 90
90 99
99 364
364 157
157 331
331 234
234 272
272 111
111 406
406 147
147 310
310 419
419 113
113 187
187 584
584 713
713 621
621 566
566 601
601 768
768 644
644 667
667 760
760 112
112 421
421 20
20 684
684 39
39 276
276 424
424 646
646 153
153 73
73 443
443 362
362 446
446 574
574 222
222 489
489 265
265 607
607 445
445 365
365 793
793 96
96 749
504 553 567 570 636 747 790 8 31 48 347 378 402 455 470 482 484 542 568
567 636
636 747
747 553
553 504
504 790
790 570
570 482
482 347
347 48
48 378
378 470
470 31
31 484
484 542
542 402
402 568
568 8
8 455
613 642 700 716 726 756 13 34 58 67 77
34 77
77 67
67 13
13 58
58 613
613 726
726 700
700 756
756 716
716 642
281 376 377 428 432 480 485 561 591 705 731 744 120 180 198 202 246 283 305 368 556 579 589 651 663 698 736 743
556 120
120 202
202 743
743 198
198 663
663 485
485 428
428 589
589 376
376 368
368 432
432 480
480 283
283 246
246 180
180 731
731 651
651 591
591 305
305 579
579 736
736 561
561 698
698 705
705 744
744 281
281 377
