!
17 34 49 52 65 67 71 77 105 130 132 135 137 166 167 171 185 198 202 217 225 231 237 249 394 406 414 417
225 217
217 67
67 406
406 237
237 394
394 34
34 52
52 417
417 71
71 202
202 130
130 249
249 231
231 105
105 49
49 414
414 166
166 65
65 198
198 17
17 171
171 185
185 167
167 77
77 137
137 135
135 132
450 456 460
460 450
450 456
488 514 528 541 551 556 601 613 616 642 658 662 692 704 725 730 732 735 736 748 761 793 5 40 44 64 155 187 205 209 216 227 230 272 275 311 320 341 374 376 390 407 424 428 433
748 541
541 551
551 692
692 704
704 488
488 761
761 556
556 514
514 601
601 735
735 528
528 730
730 732
732 736
736 642
642 793
793 658
658 725
725 44
44 376
376 5
5 662
662 341
341 205
205 155
155 616
616 613
613 275
275 40
40 390
390 407
407 320
320 227
227 374
374 424
424 209
209 311
311 187
187 64
64 216
216 433
433 272
272 428
428 230
440 443 469 487 535 537 552 558 574 576 617 641 646 664 665 682 691 707 718 741 754 769 794 799
665 552
552 741
741 641
641 558
558 576
576 487
487 707
707 718
718 574
574 443
443 664
664 535
535 469
469 646
646 691
691 799
799 682
682 769
769 794
794 537
537 754
754 617
617 440
8 9 33 43 45 51 72 93 120 121 178 204 206 245 246 260 289 316 351 355 360 387 402 408 416 418 435 437 463 466 496 505 519 538 588 622 637 640 675 738 740 749 752 762 798
408 93
93 798
798 204
204 519
519 351
351 360
360 8
8 316
316 640
640 463
463 738
738 437
437 435
435 120
120 387
387 762
762 33
33 355
355 752
752 9
9 749
749 43
43 740
740 466
466 496
496 402
402 178
178 538
538 505
505 289
289 637
637 45
45 121
121 675
675 206
206 72
72 245
245 622
622 246
246 588
588 51
51 416
416 260
260 418
7 21 29 36 50 73 83 88 102 103 110 115 158 180 196 243 248 256 313 322 324 330 338 375 378 420 425 459 465 481 578 583 594 597 600 630 686 694 734 764 774 779 790 24 25 66 99 111 117 148 149 161 184 190 212 214 240 252 259 278 292 304 310 332 371 373 413 461 467 471 473 482 506 513 530 540 656 667 670 701 726 747 770 787 795 6
248 88
88 158
158 180
180 36
36 21
21 583
583 73
73 7
7 29
29 465
465 115
115 594
594 597
597 764
764 694
694 6
6 774
774 790
790 103
103 734
734 83
83 578
578 375
375 420
420 324
324 425
425 338
338 102
102 313
313 243
243 322
322 686
686 330
330 378
378 459
459 196
196 481
481 630
630 256
256 110
110 779
779 190
190 50
50 600
600 117
117 111
111 726
726 471
471 467
467 656
656 25
25 161
161 371
371 149
149 461
461 373
373 304
304 99
99 66
66 795
795 332
332 747
747 701
701 667
667 506
506 24
24 240
240 473
473 482
482 292
292 413
413 787
787 310
310 259
259 770
770 214
214 148
148 513
513 530
530 184
184 252
252 540
540 670
670 212
212 278
31 32 80 92 95 98 118 119 164 221 222 283 295 325 326 342 349 367 383 385 397 405 409 476 499 533 549 572 585 590 598 608
499 80
80 549
549 397
397 295
295 367
367 98
98 119
119 385
385 221
221 585
585 476
476 533
533 222
222 283
283 405
405 383
383 92
92 409
409 164
164 349
349 32
32 590
590 95
95 572
572 608
608 118
118 326
326 342
342 598
598 325
325 31
609 673 689 702 744 750 766 783 12 15 39 87 133 143 150 157 177 186 194 201 210 234 261 265 268 308 364 377 389 410 430 439 447 470 497 525 529 539 568 596 669 705 739 745 746 757 767 782 23 35 79 90 145 176 182 192 200 213 236 238 291 306 346 388 400 444 479 554 564 573 580 586 604 606 612 620 624 626 638 652 663 699 713 716 720 724 753 786 0 26 38 46 47 53 55 59 112 151 175 258 264 297 305 366 372
306 182
182 652
652 400
400 612
612 479
479 35
35 23
23 786
786 346
346 638
638 236
236 753
753 200
200 388
388 176
176 699
699 291
291 620
620 90
90 663
663 79
79 716
716 624
624 564
564 724
724 604
604 720
720 145
145 213
213 626
626 573
573 238
238 554
554 444
444 192
192 606
606 766
766 586
586 713
713 580
580 53
53 297
297 305
305 689
689 744
744 366
366 151
151 175
175 258
258 783
783 47
47 673
673 702
702 750
750 372
372 55
55 609
609 26
26 38
38 59
59 46
46 112
112 264
264 0
0 669
669 15
15 12
12 596
596 261
261 133
133 308
308 529
529 389
389 439
439 430
430 234
234 268
268 539
539 568
568 745
745 757
757 201
201 410
410 705
705 364
364 210
210 194
194 150
150 377
377 470
470 767
767 87
87 143
143 525
525 177
177 157
157 746
746 497
497 739
739 447
447 186
186 39
39 782
782 265
396 412 421 422 429 438 448 468 472 510
422 472
472 468
468 438
438 412
412 510
510 448
448 429
429 421
421 396
512 517 570 619 623 654 668 688 714 722 733 758 785 30 48 78 94 122 138 147 179 219 229 247 253 318 352 357 368 379
78 179
179 352
352 138
138 147
147 48
48 253
253 368
368 357
357 229
229 94
94 318
318 122
122 219
219 30
30 379
379 247
247 623
623 654
654 785
785 758
758 714
714 517
517 668
668 722
722 619
619 512
512 733
733 570
570 688
393 395 401 415 419
415 419
419 393
393 395
395 401
484 492 498 500 531 545 553 563 591 595 602 636 653 696 788 791 19 91 107 108 152 159 160 165 203 208 211 242 269 309 317 323 327 334 336 348 350 358 369 442 445 458
563 545
545 602
602 484
484 595
595 696
696 653
653 788
788 492
492 791
791 500
500 591
591 531
531 553
553 498
498 636
636 317
317 269
269 211
211 442
442 348
348 107
107 458
458 242
242 334
334 208
208 350
350 309
309 91
91 19
19 358
358 323
323 152
152 165
165 203
203 369
369 108
108 327
327 336
336 159
159 160
160 445
491 504 507 526 544 569 584 611 655 685 768 778 18 54 68
54 68
68 18
18 504
504 584
584 526
526 611
611 507
507 569
569 768
768 778
778 491
491 685
685 544
544 655
69 85 101 188 228 251 262 266 279 319 335 339
228 279
279 262
262 335
335 251
251 101
101 319
319 85
85 69
69 266
266 339
339 188
344
365 411 426 453 462 464 495
426 411
411 365
365 464
464 495
495 462
462 453
567 589
567 589
631 666 674 678 687 717 719 727 729 731 776 1 3 134 141 144 168 169 197 241 267 271 288 296 337 370 398 452 485 502 511 518 522 527 546 560 562 566 621 625 633 644 679 706 771 777 86 116 126 136 156 170 181 183 218 220 282 301 343 354 362 432 434 483 493 503 523 555 557 605 614 643 650 657 684 715 751 755 784 789 797 28 42 62 84 104 109 113 125 131
727 719
719 674
674 717
717 731
731 631
631 729
729 776
776 678
678 666
666 687
687 605
605 301
301 343
343 183
183 789
789 220
220 218
218 684
684 434
434 523
523 116
116 493
493 362
362 715
715 170
170 483
483 86
86 797
797 267
267 650
650 557
557 555
555 518
518 679
679 126
126 282
282 156
156 136
136 546
546 296
296 751
751 657
657 560
560 168
168 771
771 452
452 197
197 181
181 706
706 755
755 614
614 354
354 643
643 485
485 522
522 141
141 271
271 503
503 777
777 511
511 566
566 527
527 432
432 784
784 644
644 633
633 562
562 3
3 625
625 502
502 288
288 398
398 241
241 1
1 337
337 169
169 134
134 144
144 370
370 621
621 109
109 42
42 104
104 28
28 131
131 113
113 125
125 84
84 62
153 172 244 254 255 274 284 302 380 431 480 548 559 571 599 635 661 677 681 709 711 728 759 765 27 56 57 97 127 189 224 226 287 300 315 345 361 382 455 475 516 520 521 534 561 577 593 603 618 628 690 695 760 763 772 781 792 14 22 75 81 96 106 128 129 139 146 154 163 276 293 294 298 321 427 489 501 509 532 542 550 672 697 710 723 737 773 10 61 74 76 124 140 257 285 299
723 509
509 542
542 501
501 154
154 146
146 22
22 427
427 276
276 737
737 96
96 697
697 710
710 298
298 550
550 14
14 139
139 321
321 773
773 106
106 163
163 489
489 128
128 293
293 75
75 81
81 532
532 129
129 672
672 294
294 603
603 520
520 695
695 516
516 345
345 792
792 57
57 361
361 534
534 577
577 224
224 56
56 475
475 763
763 382
382 300
300 628
628 760
760 781
781 561
561 97
97 285
285 593
593 690
690 618
618 74
74 27
27 521
521 61
61 140
140 124
124 189
189 127
127 226
226 455
455 772
772 315
315 299
299 287
287 10
10 257
257 711
711 76
76 548
548 153
153 661
661 244
244 635
635 431
431 255
255 559
559 759
759 677
677 274
274 728
728 284
284 172
172 681
681 765
765 571
571 302
302 380
380 254
254 599
599 709
709 480
303 314
303 314
404 454 477 478 515 543 565 582 629 639 649 660 693 721 742 743 756 58 63 100 142 173 174 193 239 250 273 328 356 381 384 423 474 494 536 575 579 587 607 645 698 703 712 775 796 2 13 60 82 123 195 207 232 233 277 281 286 333 347 359 392 446 490 508 547 592 651 659 676 683 700 11 20 41 70 89 162 191 199 223 280 290 307 312 329 353 386 399 436 581 615 627 632 647 648 671
721 223
223 477
477 454
454 162
162 290
290 543
543 399
399 436
436 639
639 191
191 199
199 312
312 632
632 70
70 329
329 756
756 648
648 307
307 693
693 565
565 478
478 629
629 743
743 627
627 41
41 647
647 660
660 89
89 20
20 280
280 671
671 11
11 353
353 615
615 515
515 386
386 381
381 582
582 404
404 649
649 581
581 645
645 742
742 508
508 446
446 142
142 286
286 474
474 333
333 328
328 575
575 356
356 174
174 547
547 651
651 60
60 796
796 592
592 123
123 250
250 698
698 359
359 273
273 423
423 195
195 232
232 347
347 490
490 13
13 494
494 703
703 58
58 700
700 281
281 277
277 536
536 659
659 579
579 683
683 63
63 587
587 82
82 100
100 2
2 607
607 233
233 384
384 239
239 173
173 207
207 193
193 392
392 676
676 775
775 712
4 16 37 114 215 235 263 270 331 340 363 391 403 441 449 451 457 486 524 610 634 680 708 780
4 16
16 524
524 441
441 610
610 486
486 449
449 708
708 37
37 114
114 331
331 215
215 270
270 391
391 363
363 680
680 634
634 340
340 263
263 403
403 780
780 451
451 457
457 235
