!
21
62 76 99 100 101 134 153 207 228 249 261 286 290 313 343 346 388 391 395 472 487 495 503 539 642 646 751 757 762 10 64 90 150 198 279 288 309 322 335 363 421 451 481 536 597 615 628 640 666 685 691 705 717 729 734 758 765 28 48 68
28 48
48 68
68 691
691 666
666 198
198 628
628 734
734 335
335 150
150 322
322 279
279 536
536 685
685 10
10 615
615 90
90 758
758 717
717 481
481 765
765 451
451 64
64 363
363 751
751 309
309 100
100 729
729 99
99 597
597 134
134 249
249 640
640 705
705 421
421 288
288 391
391 261
261 642
642 646
646 762
762 290
290 757
757 495
495 343
343 286
286 101
101 313
313 388
388 503
503 207
207 539
539 76
76 472
472 346
346 62
62 487
487 395
395 228
228 153
84 167 301 312 365 373 397 400 444 462 467 468 476 526 528 540 545 576 626 641 655 744 756 763 783 4 72 95 96 136 156 209 291 374 379 408 436 441 514 521 567 603 632 676 680 719 739 746 748 774 786 794 52 80 132 159 166 200 218 270 390 401 463 475 522 548 553 616 621 657 660 670 701 715 735 766 767 784 29 39 89 202 220 233 252 263 277 284 292 293 370 375 382 402 427 429 512 592 613 634 636 663 727 3 109 127 191 192 208 271
312 468
468 444
444 641
641 744
744 540
540 365
365 467
467 655
655 373
373 400
400 545
545 783
783 756
756 167
167 526
526 301
301 476
476 576
576 626
626 763
763 528
528 84
84 462
462 397
397 220
220 293
293 634
634 39
39 592
592 29
29 370
370 402
402 277
277 202
202 636
636 233
233 663
663 512
512 284
284 263
263 292
292 613
613 427
427 375
375 429
429 89
89 382
382 252
252 727
727 270
270 621
621 166
166 80
80 767
767 132
132 784
784 548
548 200
200 390
390 766
766 553
553 735
735 218
218 660
660 401
401 715
715 475
475 522
522 657
657 52
52 159
159 463
463 701
701 670
670 616
616 739
739 408
408 156
156 96
96 72
72 209
209 719
719 632
632 379
379 291
291 514
514 136
136 676
676 4
4 603
603 436
436 374
374 794
794 748
748 567
567 441
441 95
95 746
746 786
786 774
774 521
521 680
680 271
271 127
127 3
3 208
208 191
191 109
109 192
376 442 480 506 538 555 563 591 599 653 675 699 704 722 724 733 787 792 9
563 675
675 599
599 506
506 704
704 722
722 792
792 653
653 591
591 555
555 9
9 376
376 733
733 787
787 699
699 442
442 538
538 724
724 480
11 41 43 85 102 151 155 178 185 222 265 272 296 334 360 422 440 448 461 464 588 618
588 85
85 296
296 334
334 178
178 41
41 272
272 11
11 185
185 422
422 151
151 360
360 440
440 43
43 618
618 448
448 102
102 222
222 464
464 461
461 265
265 155
619 23 97 182 187 217
217 187
187 97
97 23
23 182
182 619
280 299 310 330 341 372 433 438 458 491 546 561 609 611 612 743 764 772 13 37
13 37
37 299
299 561
561 491
491 612
612 438
438 433
433 372
372 609
609 310
310 743
743 341
341 546
546 764
764 772
772 280
280 611
611 330
330 458
51 73 137 274 281 340 344 362 364 409 424 511
409 281
281 73
73 424
424 364
364 340
340 362
362 511
511 137
137 344
344 274
274 51
568 581 622
581 622
622 568
639 681 682 689 696 776 93 105 126
93 681
681 696
696 105
105 639
639 126
126 682
682 776
776 689
188 278 317 324 393
188 278
278 324
324 317
317 393
406 484 496 517 529 554 565 569
554 529
529 496
496 484
484 565
565 406
406 569
569 517
595 604 661
595 604
604 661
693 725 740 87 147 148 154 201 203 226 239 264 267 268 294 308 333 357 466 490 515 531 559 598 796
725 740
740 693
693 308
308 294
294 264
264 357
357 239
239 515
515 490
490 201
201 796
796 203
203 466
466 226
226 267
267 147
147 268
268 559
559 87
87 154
154 148
148 333
333 531
531 598
38 149 161 194 253 260 269 287 303 336 347 366 396 426 478 525 594 608 648 687 718 720 12 78 110 125 225 232 285 325 331 339 417 423 434 445 493 541 542 638 654 709 760 5 47 56 63 124 157 212 247 275 283 349 378 430 507 582 593 607 659 730 778 795 42 58 74
285 331
331 339
339 493
493 445
445 654
654 225
225 110
110 12
12 325
325 232
232 709
709 423
423 638
638 541
541 434
434 760
760 542
542 417
417 125
125 78
78 607
607 56
56 212
212 778
778 349
349 63
63 157
157 430
430 275
275 730
730 283
283 582
582 378
378 124
124 659
659 593
593 507
507 5
5 47
47 795
795 247
247 58
58 38
38 194
194 74
74 42
42 594
594 608
608 149
149 525
525 366
366 287
287 253
253 269
269 426
426 336
336 347
347 260
260 396
396 303
303 161
161 718
718 478
478 720
720 648
648 687
123 131 163 174 240 262 323 348 356 369 385 437 453 562 585 703 728 749 26 34 40 176 196 215 229 316 355 413 415 425
348 728
728 123
123 562
562 131
131 356
356 240
240 585
585 453
453 437
437 174
174 163
163 749
749 425
425 323
323 262
262 176
176 215
215 229
229 369
369 316
316 385
385 703
703 355
355 415
415 34
34 26
26 413
413 196
196 40
457
483 499 501 524
501 524
524 483
483 499
602 702 711 713 31 44 69 82 117 119 135 162 405 439 473 516 532 550 566
439 69
69 162
162 82
82 516
516 473
473 532
532 405
405 31
31 44
44 119
119 550
550 117
117 566
566 135
135 711
711 713
713 702
702 602
584 605 624 732 769 779 19 33 50 67 81 219 394 414 420 470 486 502 510 537 564 614 633 721 745 775 785 14 59 86 107 111 141 177 186 282 327 383 407 443 452 485 513 556 583 716 790 16 98 139 145 230 234 304
583 14
14 141
141 327
327 790
790 443
443 485
485 59
59 383
383 282
282 111
111 556
556 107
107 186
186 86
86 513
513 407
407 716
716 732
732 452
452 177
177 779
779 769
769 624
624 584
584 605
605 16
16 230
230 145
145 98
98 304
304 139
139 234
234 785
785 502
502 67
67 470
470 19
19 510
510 81
81 564
564 721
721 633
633 414
414 775
775 420
420 486
486 614
614 219
219 394
394 50
50 33
33 745
745 537
338 377 384 392 469 471 505 533 549 552
471 533
533 469
469 338
338 552
552 505
505 377
377 392
392 549
549 384
671 679 782
782 679
679 671
15 71 121 138 193 216 223 237 326 328 329 352 419 446 509 630 637 664 700 736 49 60 65 83 92 104
15 328
328 326
326 419
419 216
216 700
700 630
630 193
193 637
637 352
352 138
138 736
736 664
664 509
509 329
329 237
237 446
446 121
121 71
71 223
223 49
49 65
65 60
60 83
83 104
104 92
122 170 173 175
122 170
170 175
175 173
257 259 295 311 386 455 494 500 737 793 25 54 77
77 54
54 25
25 455
455 386
386 793
793 257
257 737
737 494
494 259
259 500
500 295
295 311
129 144 164 197 231 273 289 449 557 606 629 652 665 686 698 770 36 236 238 245 314 337 342 351 358
231 164
164 36
36 351
351 245
245 197
197 449
449 686
686 273
273 144
144 557
557 629
629 236
236 238
238 606
606 289
289 770
770 314
314 698
698 337
337 129
129 358
358 652
652 665
665 342
381 398 547 658 674 677 747
381 747
747 677
677 658
658 674
674 547
547 398
755 789 2 22 66 79 114 130 140 152 300 404 551 650 672 697 712
755 789
789 79
79 697
697 712
712 114
114 551
551 2
2 650
650 66
66 140
140 672
672 152
152 404
404 130
130 300
300 22
731 768 771 61 169 251 297 361 380 403 450 504 558 574 596 601 684 688
380 403
403 601
601 558
558 504
504 61
61 688
688 169
169 361
361 574
574 251
251 450
450 731
731 596
596 297
297 684
684 768
768 771
706 761 75 94 128
94 128
128 761
761 75
75 706
244 255 302 418 518 534 543 573 656 669 708 710 741 799 46 53 88 103 168 181 205 206 214 353 387 428 465
418 741
741 710
710 543
543 799
799 656
656 244
244 534
534 573
573 302
302 669
669 708
708 255
255 518
518 214
214 387
387 353
353 88
88 428
428 53
53 465
465 206
206 205
205 103
103 46
46 181
181 168
580 625 694 695
694 580
580 625
625 695
17 45 57 108 120 158
45 17
17 108
108 57
57 120
120 158
474 519 571 578 586 690 723 750 753 791 20 70 246 345 412 508
586 474
474 791
791 578
578 753
753 571
571 750
750 690
690 519
519 345
345 20
20 246
246 412
412 723
723 508
508 70
523 535 570 579 587 667 673 780 781 797
570 780
780 797
797 781
781 667
667 673
673 535
535 523
523 579
579 587
8 24 160 183 242 389 435 492 572 623 644 645 649 683 707 726 106 112 190 195 211 254
492 623
623 389
389 24
24 649
649 726
726 572
572 183
183 644
644 8
8 160
160 683
683 707
707 435
435 645
645 242
242 195
195 190
190 112
112 211
211 254
254 106
350 367 432 477 497 527 620
432 497
497 477
477 350
350 620
620 527
527 367
738 742 752 1 27 113 210 221 320 321 371 410 488 489 530 589 627 759 788 35 116 146 184 199 266 276 315 319 368 431 456 560 590 662 55 115 133 142 165 204 243 250 256
456 371
371 116
116 315
315 210
210 321
321 27
27 276
276 488
488 199
199 788
788 368
368 221
221 113
113 266
266 431
431 319
319 560
560 489
489 35
35 184
184 410
410 662
662 146
146 589
589 759
759 1
1 627
627 590
590 320
320 530
530 165
165 142
142 243
243 55
55 250
250 115
115 204
204 133
133 256
256 752
752 738
738 742
306 332 459 577
459 577
577 332
332 306
692 18 30 180 224 235 305 307 354 411 447 454 498 668 777 0 6 143 171 248 318 600 610 617 631 678 714 754 798 32 91 118 172 179 213 241 359 460 520 575 635 651 7 189 227 258 298 399 416 479 482 544 643 647 773
416 189
189 399
399 544
544 647
647 227
227 643
643 773
773 258
258 482
482 7
7 298
298 479
479 798
798 447
447 224
224 318
318 0
0 248
248 600
600 498
498 617
617 305
305 30
30 354
354 18
18 411
411 610
610 631
631 143
143 6
6 235
235 171
171 520
520 668
668 180
180 777
777 454
454 754
754 714
714 32
32 692
692 179
179 307
307 678
678 241
241 359
359 213
213 460
460 172
172 118
118 635
635 575
575 91
91 651
