!
548 
519 182 130 588 
182 130
130 588
588 519
388 184 630 715 161 746 515 
715 630
630 184
184 388
388 161
161 746
746 515
768 299 333 576 328 387 189 
576 768
768 299
299 333
333 328
328 387
387 189
76 8 793 737 332 585 159 390 639 595 
639 76
76 390
390 737
737 8
8 793
793 159
159 585
585 332
332 595
9 
554 538 764 138 589 
538 554
554 764
764 138
138 589
668 458 
458 668
63 
102 352 19 265 
19 265
265 352
352 102
2 699 689 437 
689 699
699 2
2 437
188 192 251 18 
188 192
192 251
251 18
403 233 74 
74 233
233 403
717 
650 379 758 496 31 444 393 614 
650 31
31 379
379 758
758 614
614 496
496 444
444 393
353 162 
353 162
494 377 508 
494 377
377 508
83 228 655 567 622 301 335 786 734 
786 301
301 734
734 83
83 335
335 622
622 228
228 567
567 655
727 443 331 446 237 238 258 719 788 
719 446
446 237
237 258
258 238
238 331
331 727
727 443
443 788
157 574 
157 574
725 469 365 675 287 464 419 677 
677 675
675 464
464 365
365 419
419 287
287 725
725 469
488 402 447 142 146 129 752 3 324 683 281 279 222 167 449 
146 142
142 449
449 488
488 447
447 167
167 402
402 683
683 281
281 279
279 129
129 324
324 3
3 752
752 222
22 
206 234 12 754 39 620 591 599 
591 599
599 620
620 39
39 12
12 234
234 754
754 206
166 769 62 52 334 175 
166 334
334 175
175 769
769 62
62 52
89 42 411 790 
790 411
411 42
42 89
597 
559 113 289 
289 559
559 113
400 97 429 605 
429 97
97 400
400 605
77 55 604 
604 55
55 77
389 114 660 285 484 762 543 
543 762
762 389
389 484
484 285
285 114
114 660
64 264 602 742 720 692 105 787 
105 742
742 692
692 602
602 264
264 720
720 64
64 787
160 348 759 706 
759 706
706 160
160 348
531 269 582 426 111 628 0 68 
628 68
68 0
0 269
269 531
531 582
582 426
426 111
149 243 252 329 
149 243
243 252
252 329
420 67 537 327 771 254 126 
126 537
537 327
327 67
67 771
771 254
254 420
370 424 
370 424
561 
313 555 267 722 566 436 751 
566 722
722 313
313 267
267 555
555 436
436 751
625 
223 355 212 713 268 
713 212
212 268
268 355
355 223
739 
495 553 369 663 413 354 427 525 750 579 421 128 
579 525
525 421
421 427
427 128
128 354
354 750
750 663
663 413
413 369
369 495
495 553
382 649 
649 382
346 661 351 
661 351
351 346
341 49 490 141 685 104 702 476 
341 49
49 490
490 104
104 702
702 476
476 685
685 141
651 523 81 207 
523 207
207 651
651 81
524 135 533 
533 524
524 135
23 
520 541 451 778 310 303 641 634 28 296 317 13 453 491 96 311 383 682 356 248 556 136 
136 556
556 248
248 356
356 682
682 383
383 310
310 778
778 303
303 641
641 541
541 453
453 520
520 451
451 634
634 28
28 296
296 13
13 317
317 311
311 96
96 491
412 698 
698 412
242 606 532 41 610 
242 606
606 532
532 41
41 610
176 215 528 198 549 
198 549
549 528
528 215
215 176
711 608 71 648 380 125 20 570 
648 380
380 71
71 711
711 608
608 570
570 125
125 20
603 562 578 753 765 21 472 148 721 
765 753
753 578
578 603
603 562
562 21
21 472
472 148
148 721
217 
657 513 112 57 262 338 247 516 
247 516
516 657
657 513
513 112
112 57
57 262
262 338
47 385 46 117 
117 47
47 385
385 46
144 140 465 493 
493 144
144 140
140 465
652 274 492 190 463 414 581 
463 652
652 492
492 274
274 414
414 190
190 581
460 
397 563 452 740 6 
452 563
563 397
397 740
740 6
466 221 378 
466 221
221 378
712 70 510 676 672 69 260 337 107 
676 510
510 70
70 712
712 672
672 69
69 260
260 337
337 107
361 288 211 79 
79 361
361 288
288 211
290 744 642 132 199 186 364 362 399 124 172 481 791 164 
481 172
172 124
124 399
399 164
164 186
186 791
791 199
199 364
364 132
132 744
744 642
642 290
290 362
245 796 94 283 
283 94
94 796
796 245
40 405 557 571 667 551 780 694 177 293 
557 40
40 405
405 571
571 667
667 551
551 780
780 694
694 177
177 293
319 229 644 714 799 134 122 131 669 292 619 101 
101 292
292 619
619 669
669 131
131 122
122 134
134 799
799 714
714 644
644 229
229 319
497 624 147 
497 624
624 147
731 133 85 
133 85
85 731
230 598 738 139 
598 230
230 738
738 139
798 66 54 316 678 
678 54
54 66
66 798
798 316
314 
270 205 430 360 
205 270
270 430
430 360
514 227 590 56 633 395 
514 590
590 227
227 56
56 395
395 633
517 770 108 
108 770
770 517
795 121 
121 795
103 
174 410 
174 410
119 470 95 
95 470
470 119
461 115 375 330 542 569 736 747 158 345 
158 736
736 747
747 569
569 330
330 375
375 542
542 115
115 461
461 345
226 417 601 100 359 391 
359 226
226 417
417 100
100 601
601 391
213 615 583 406 593 
593 406
406 583
583 615
615 213
214 
295 505 366 
505 295
295 366
638 404 774 
774 638
638 404
241 521 635 
635 521
521 241
195 381 398 
398 195
195 381
500 208 776 
500 208
208 776
621 547 442 457 489 305 277 201 653 506 
547 621
621 457
457 442
442 305
305 489
489 277
277 201
201 653
653 506
137 550 573 181 
181 137
137 573
573 550
58 10 86 78 
78 86
86 58
58 10
17 173 782 
17 173
173 782
767 116 789 
789 767
767 116
679 664 
679 664
29 467 65 210 43 15 326 749 307 475 432 
43 326
326 475
475 467
467 749
749 307
307 432
432 65
65 210
210 29
29 15
459 204 
459 204
504 558 640 93 170 530 312 343 594 763 200 278 
200 763
763 312
312 343
343 530
530 170
170 594
594 640
640 278
278 93
93 504
504 558
646 
779 662 322 431 416 697 
431 416
416 697
697 322
322 779
779 662
152 
529 757 374 
757 529
529 374
11 701 600 
11 701
701 600
401 99 474 522 35 781 
781 35
35 522
522 474
474 99
99 401
709 450 580 127 249 785 90 
785 249
249 127
127 90
90 450
450 709
709 580
536 408 
408 536
592 575 480 257 511 415 250 309 766 
766 309
309 250
250 575
575 592
592 480
480 257
257 415
415 511
220 616 302 688 282 
616 220
220 302
302 688
688 282
165 340 323 318 60 587 
587 60
60 318
318 165
165 323
323 340
636 372 
636 372
286 540 407 422 
422 540
540 407
407 286
783 718 80 564 339 435 729 
435 339
339 564
564 718
718 783
783 80
80 729
626 
44 526 647 368 632 611 710 777 273 342 728 
342 611
611 728
728 368
368 44
44 647
647 526
526 632
632 710
710 777
777 273
518 82 371 183 255 110 
518 82
82 371
371 110
110 183
183 255
690 723 168 445 656 512 645 284 761 33 216 
33 216
216 761
761 284
284 723
723 690
690 512
512 168
168 645
645 445
445 656
613 
681 631 
631 681
336 92 48 4 478 357 155 
155 336
336 92
92 48
48 4
4 478
478 357
545 
178 347 560 527 680 544 156 7 
527 680
680 347
347 560
560 544
544 178
178 156
156 7
73 455 91 120 308 760 448 
73 455
455 91
91 308
308 120
120 760
760 448
659 743 1 
1 659
659 743
358 
572 735 75 483 637 25 191 315 218 53 607 
315 483
483 637
637 191
191 75
75 25
25 572
572 735
735 218
218 53
53 607
306 670 272 
272 670
670 306
468 
577 499 507 297 686 224 373 325 236 61 376 84 673 454 300 691 
691 300
300 454
454 673
673 376
376 61
61 84
84 373
373 325
325 236
236 297
297 686
686 224
224 507
507 577
577 499
482 180 775 
180 482
482 775
755 485 
755 485
462 171 
171 462
203 501 27 
203 501
501 27
88 298 232 259 185 704 194 
194 704
704 185
185 259
259 298
298 88
88 232
253 197 263 
253 197
197 263
428 479 118 
428 479
479 118
687 123 609 730 423 
123 687
687 609
609 730
730 423
169 34 671 38 30 
671 34
34 169
169 38
38 30
349 36 439 433 
36 349
349 439
439 433
261 703 50 202 98 700 
261 700
700 98
98 202
202 50
50 703
37 565 
565 37
51 684 
51 684
584 441 275 
275 584
584 441
643 196 231 106 552 733 617 225 
225 617
617 733
733 552
552 106
106 643
643 231
231 196
24 
59 246 
59 246
87 304 772 153 26 487 396 568 741 546 154 477 666 386 219 
772 26
26 304
304 87
87 153
153 487
487 396
396 568
568 154
154 741
741 546
546 477
477 386
386 666
666 219
187 797 418 
797 418
418 187
256 14 193 732 239 784 
784 239
239 732
732 256
256 14
14 193
535 534 716 145 
535 534
534 716
716 145
16 596 471 708 271 
596 471
471 16
16 708
708 271
280 618 143 240 
143 280
280 618
618 240
367 794 498 
794 498
498 367
321 665 350 654 32 748 693 623 291 434 707 745 
291 748
748 693
693 623
623 32
32 434
434 665
665 654
654 321
321 350
350 707
707 745
486 
724 473 
473 724
539 45 726 792 72 658 
539 45
45 726
726 792
792 72
72 658
440 627 394 696 612 
612 696
696 627
627 440
440 394
109 235 392 
109 235
235 392
773 179 320 
179 773
773 320
276 705 674 695 344 
276 705
705 674
674 695
695 344
756 
266 425 503 209 
503 209
209 425
425 266
363 502 409 294 5 456 151 586 244 150 
586 5
5 294
294 409
409 502
502 456
456 363
363 151
151 150
150 244
438 384 163 509 
509 438
438 163
163 384
629 
