!
525 99 204 756 430 474 556 573 203 217 132 781 
756 781
781 525
525 132
132 217
217 99
99 204
204 430
430 474
474 556
556 573
573 203
444 287 505 585 518 674 
674 518
518 287
287 444
444 585
585 505
38 248 297 532 417 339 644 54 47 600 326 687 422 368 199 691 507 69 234 355 11 572 566 322 76 226 591 190 755 344 794 44 686 137 48 593 102 654 584 749 206 655 477 376 476 242 252 
252 242
242 476
476 477
477 376
376 137
137 654
654 686
686 44
44 794
794 344
344 755
755 48
48 297
297 38
38 593
593 584
584 591
591 248
248 339
339 102
102 206
206 417
417 749
749 226
226 572
572 532
532 11
11 190
190 655
655 76
76 54
54 644
644 47
47 326
326 687
687 566
566 600
600 422
422 368
368 322
322 199
199 234
234 69
69 691
691 355
355 507
695 271 413 262 
413 262
262 271
271 695
596 
452 597 
452 597
480 719 361 527 100 
527 480
480 361
361 719
719 100
629 608 602 415 
415 608
608 629
629 602
606 266 769 106 296 52 215 712 126 
215 52
52 296
296 126
126 106
106 712
712 606
606 266
266 769
662 681 32 514 96 
96 514
514 32
32 681
681 662
419 380 
380 419
605 202 410 460 
460 202
202 410
410 605
777 116 235 393 483 446 291 43 780 269 754 451 138 489 663 628 549 613 
754 269
269 780
780 116
116 777
777 483
483 235
235 549
549 138
138 613
613 393
393 663
663 451
451 489
489 446
446 43
43 291
291 628
729 
791 219 
219 791
496 733 438 
438 496
496 733
429 317 672 570 537 295 
295 537
537 570
570 672
672 317
317 429
314 645 228 253 4 153 229 28 594 511 692 727 367 2 513 521 707 529 630 
228 645
645 314
314 727
727 630
630 511
511 594
594 692
692 529
529 28
28 253
253 229
229 707
707 153
153 4
4 367
367 2
2 513
513 521
564 374 510 407 583 403 544 502 546 659 174 208 209 91 666 305 36 411 634 
209 634
634 208
208 666
666 174
174 546
546 659
659 91
91 502
502 374
374 305
305 510
510 407
407 583
583 544
544 403
403 564
564 36
36 411
93 128 
128 93
466 396 776 723 23 117 129 673 660 114 785 62 82 581 290 469 
469 290
290 82
82 129
129 673
673 581
581 117
117 466
466 396
396 776
776 723
723 23
23 62
62 660
660 785
785 114
758 577 31 159 169 770 509 372 610 631 709 
709 631
631 159
159 610
610 31
31 509
509 770
770 169
169 758
758 577
577 372
545 53 762 7 625 263 550 500 58 721 
721 58
58 550
550 263
263 7
7 545
545 53
53 625
625 762
762 500
239 349 170 479 183 171 64 197 81 9 
170 349
349 239
239 183
183 171
171 479
479 64
64 9
9 81
81 197
315 302 390 240 
315 302
302 390
390 240
256 730 689 
689 730
730 256
298 135 3 97 
135 298
298 3
3 97
796 27 541 491 207 267 304 307 148 360 534 270 690 495 424 536 493 57 735 704 95 751 788 300 167 13 647 435 80 742 72 334 160 693 427 456 17 406 711 251 670 746 179 303 753 394 34 224 471 799 635 457 5 
5 457
457 635
635 427
427 406
406 693
693 17
17 207
207 456
456 80
80 160
160 690
690 534
534 742
742 270
270 304
304 435
435 334
334 711
711 267
267 491
491 495
495 72
72 307
307 670
670 541
541 251
251 27
27 424
424 536
536 746
746 179
179 796
796 788
788 303
303 360
360 148
148 753
753 751
751 394
394 95
95 735
735 704
704 34
34 224
224 493
493 471
471 300
300 799
799 57
57 167
167 13
13 647
653 720 571 237 213 688 617 
617 688
688 213
213 237
237 720
720 653
653 571
112 578 29 567 101 437 639 212 175 145 268 
175 268
268 145
145 639
639 212
212 101
101 112
112 578
578 29
29 437
437 567
397 
176 652 
652 176
61 575 526 310 395 696 121 119 589 255 221 
310 589
589 395
395 119
119 696
696 526
526 121
121 575
575 255
255 61
61 221
705 259 37 42 538 98 524 370 667 
42 259
259 705
705 37
37 538
538 524
524 98
98 370
370 667
702 434 
434 702
328 455 
328 455
356 506 375 468 134 
375 356
356 506
506 468
468 134
385 377 231 122 423 543 512 461 77 15 288 
512 543
543 423
423 122
122 77
77 15
15 288
288 231
231 377
377 385
385 461
426 481 408 542 
542 426
426 481
481 408
281 700 789 332 92 186 436 553 450 637 318 763 726 685 320 245 391 725 
245 320
320 725
725 391
391 685
685 726
726 450
450 318
318 553
553 637
637 436
436 186
186 92
92 332
332 763
763 281
281 700
700 789
464 428 345 111 156 475 494 795 554 136 486 201 
494 464
464 111
111 554
554 428
428 156
156 345
345 795
795 475
475 136
136 486
486 201
189 188 362 
188 362
362 189
568 633 63 621 
568 63
63 633
633 621
338 
247 
442 559 133 330 485 
330 133
133 442
442 485
485 559
616 161 46 140 627 335 
335 627
627 46
46 616
616 161
161 140
292 465 14 50 369 94 348 555 337 458 387 618 
458 618
618 387
387 292
292 465
465 337
337 348
348 94
94 14
14 369
369 50
50 555
773 280 421 71 
773 280
280 421
421 71
748 738 272 515 316 761 250 439 651 620 453 40 238 793 65 68 
68 65
65 793
793 439
439 316
316 250
250 515
515 761
761 748
748 738
738 272
272 40
40 651
651 238
238 620
620 453
414 165 579 490 299 488 49 454 679 404 732 441 508 498 405 598 26 607 
607 441
441 732
732 598
598 405
405 498
498 26
26 404
404 299
299 490
490 49
49 454
454 579
579 488
488 679
679 165
165 414
414 508
306 399 697 285 739 517 324 220 6 
324 517
517 220
220 739
739 6
6 306
306 399
399 697
697 285
459 278 
459 278
178 530 273 244 669 718 279 1 716 487 728 516 151 191 548 146 649 105 163 282 33 265 760 39 664 650 482 85 59 757 463 51 623 177 501 131 563 198 141 551 325 402 185 293 462 724 164 433 
191 146
146 548
548 151
151 198
198 516
516 728
728 487
487 718
718 279
279 716
716 1
1 178
178 649
649 530
530 244
244 273
273 669
669 105
105 163
163 462
462 463
463 282
282 51
51 623
623 501
501 757
757 177
177 724
724 33
33 433
433 265
265 59
59 760
760 164
164 141
141 551
551 325
325 85
85 39
39 664
664 650
650 293
293 402
402 185
185 482
482 563
563 131
731 
619 181 20 641 779 309 
619 181
181 20
20 641
641 779
779 309
172 646 180 
172 646
646 180
75 792 626 622 261 
792 75
75 626
626 622
622 261
109 118 615 440 
615 118
118 109
109 440
657 784 205 21 308 218 540 547 658 698 569 665 759 10 588 448 601 193 329 478 
205 21
21 308
308 657
657 784
784 218
218 540
540 547
547 448
448 658
658 601
601 193
193 698
698 569
569 665
665 329
329 10
10 759
759 478
478 588
744 401 
401 744
786 676 
676 786
562 
41 258 364 168 90 790 774 351 614 492 363 365 336 359 254 354 636 333 110 233 319 283 216 561 443 195 519 
110 319
319 233
233 333
333 636
636 283
283 443
443 561
561 216
216 354
354 195
195 336
336 365
365 359
359 254
254 519
519 41
41 258
258 364
364 168
168 363
363 90
90 492
492 614
614 351
351 790
790 774
409 347 
409 347
103 350 154 574 236 173 246 19 192 18 398 684 418 768 503 680 187 
246 173
173 236
236 574
574 350
350 103
103 154
154 19
19 192
192 398
398 18
18 684
684 418
418 768
768 503
503 680
680 187
74 714 147 87 155 535 432 70 78 222 382 586 750 
155 74
74 714
714 147
147 87
87 535
535 78
78 432
432 70
70 222
222 382
382 586
586 750
431 520 275 523 384 150 22 713 497 243 184 765 383 123 139 294 472 
431 523
523 520
520 275
275 384
384 150
150 243
243 22
22 713
713 497
497 294
294 184
184 765
765 383
383 123
123 139
139 472
741 340 166 522 371 104 157 225 108 447 736 227 722 797 560 152 
340 741
741 152
152 157
157 108
108 225
225 104
104 166
166 447
447 736
736 560
560 797
797 227
227 522
522 722
722 371
710 143 638 24 25 640 388 323 771 682 214 
710 143
143 638
638 24
24 25
25 214
214 682
682 640
640 388
388 323
323 771
249 346 612 737 45 311 60 120 107 798 504 313 661 55 210 264 113 678 611 400 767 115 782 675 528 772 284 715 373 125 558 590 743 127 392 449 
313 504
504 798
798 107
107 772
772 737
737 45
45 612
612 767
767 60
60 120
120 115
115 661
661 311
311 210
210 400
400 55
55 611
611 264
264 346
346 678
678 113
113 284
284 782
782 715
715 675
675 249
249 373
373 528
528 125
125 558
558 392
392 743
743 590
590 449
449 127
470 162 
470 162
642 342 
642 342
425 766 412 289 683 381 778 677 343 533 200 124 358 764 89 357 223 84 595 484 624 752 16 701 260 56 83 775 787 592 599 671 301 
671 301
301 599
599 592
592 83
83 775
775 787
787 595
595 752
752 16
16 200
200 533
533 343
343 778
778 223
223 677
677 357
357 89
89 358
358 764
764 124
124 381
381 260
260 683
683 289
289 84
84 701
701 484
484 56
56 624
624 412
412 766
766 425
86 182 88 142 531 341 539 378 321 276 
86 182
182 88
88 142
142 531
531 341
341 378
378 539
539 321
321 276
389 643 609 
389 643
643 609
366 552 331 158 
158 552
552 366
366 331
149 
312 783 416 232 352 580 211 740 194 379 582 473 565 12 656 196 
565 740
740 473
473 582
582 211
211 379
379 580
580 312
312 352
352 232
232 12
12 783
783 194
194 416
416 656
656 196
467 703 699 0 668 8 386 706 745 734 
467 703
703 699
699 386
386 745
745 734
734 706
706 0
0 668
668 8
66 420 694 604 230 79 130 445 747 286 277 632 648 557 144 
747 286
286 632
632 277
277 144
144 66
66 420
420 557
557 648
648 694
694 604
604 230
230 79
79 130
130 445
30 274 717 327 73 67 576 241 35 603 353 257 708 
708 274
274 257
257 30
30 353
353 327
327 73
73 717
717 67
67 576
576 241
241 35
35 603
499 587 
587 499
