!
433 781 523 
523 781
781 433
442 157 
157 442
558 
534 444 172 613 526 181 762 112 
181 112
112 762
762 526
526 534
534 172
172 444
444 613
517 104 627 765 692 
692 765
765 627
627 517
517 104
128 362 379 7 23 288 479 146 647 540 
288 540
540 128
128 146
146 647
647 379
379 362
362 479
479 7
7 23
596 733 381 
733 596
596 381
563 225 137 
225 563
563 137
655 380 
655 380
726 215 102 621 562 
562 102
102 215
215 726
726 621
205 191 
205 191
455 393 512 564 176 350 321 45 446 624 
455 176
176 350
350 321
321 45
45 393
393 624
624 512
512 564
564 446
53 189 
53 189
679 
416 506 488 521 443 
443 521
521 488
488 506
506 416
583 536 39 782 
782 39
39 583
583 536
19 450 791 581 735 370 
370 735
735 581
581 791
791 450
450 19
578 322 132 316 118 
316 578
578 322
322 132
132 118
387 377 
387 377
320 788 
788 320
330 
244 720 74 162 418 399 147 
244 74
74 720
720 162
162 418
418 399
399 147
665 473 690 430 178 
690 473
473 665
665 430
430 178
507 516 476 623 683 
683 623
623 476
476 516
516 507
249 192 317 115 
115 317
317 249
249 192
64 508 75 372 
508 64
64 75
75 372
560 543 635 304 662 
662 304
304 543
543 560
560 635
342 263 
342 263
243 469 73 203 
203 73
73 243
243 469
24 
348 298 483 
483 348
348 298
702 789 155 408 519 689 
155 408
408 789
789 702
702 519
519 689
301 154 
301 154
67 
278 251 289 43 550 718 474 549 580 89 682 
682 550
550 89
89 474
474 43
43 718
718 580
580 549
549 278
278 251
251 289
219 84 
84 219
313 127 654 
654 313
313 127
748 471 
471 748
714 65 241 
65 714
714 241
242 419 645 168 364 
419 645
645 242
242 168
168 364
496 25 571 
571 25
25 496
431 717 
431 717
195 386 
386 195
426 37 139 539 593 
37 426
426 539
539 593
593 139
553 
595 579 280 739 167 528 744 
595 579
579 280
280 739
739 167
167 744
744 528
186 332 224 532 
332 532
532 224
224 186
584 
163 
106 535 513 236 598 
598 236
236 106
106 513
513 535
417 216 547 218 773 445 
218 773
773 445
445 417
417 216
216 547
675 69 184 55 
184 69
69 55
55 675
731 
742 
670 774 
670 774
432 520 336 
336 432
432 520
427 587 602 
427 587
587 602
693 
454 591 79 
454 591
591 79
573 92 44 494 152 136 351 620 
494 92
92 573
573 620
620 44
44 351
351 152
152 136
226 
495 
221 492 57 695 
57 695
695 492
492 221
294 561 
561 294
29 729 
729 29
41 732 441 769 
732 769
769 41
41 441
704 637 527 36 58 254 279 604 199 
254 637
637 704
704 527
527 36
36 58
58 279
279 604
604 199
339 480 282 
282 480
480 339
799 396 293 609 107 145 371 723 111 557 590 
609 293
293 107
107 145
145 396
396 371
371 590
590 723
723 111
111 557
557 799
325 63 400 449 
325 449
449 400
400 63
524 
439 40 758 
758 40
40 439
135 737 329 283 
329 283
283 135
135 737
204 460 575 38 785 490 684 209 
684 490
490 209
209 785
785 38
38 575
575 460
460 204
397 193 719 211 257 
257 211
211 397
397 719
719 193
169 72 234 285 334 795 485 
485 795
795 169
169 334
334 285
285 234
234 72
61 324 326 768 
324 61
61 326
326 768
12 367 710 438 
438 12
12 367
367 710
95 617 227 686 673 368 610 641 276 
95 617
617 227
227 673
673 686
686 368
368 610
610 276
276 641
738 
287 
129 502 497 622 295 639 740 
740 639
639 497
497 622
622 502
502 129
129 295
701 271 208 378 402 626 
626 402
402 208
208 378
378 271
271 701
333 615 489 696 230 
230 696
696 489
489 615
615 333
451 504 747 
451 747
747 504
505 486 275 77 
77 486
486 505
505 275
783 779 164 618 687 
779 687
687 618
618 164
164 783
273 22 5 597 436 56 356 784 576 559 568 264 360 725 
56 273
273 22
22 568
568 5
5 597
597 264
264 436
436 360
360 725
725 356
356 784
784 559
559 576
437 
493 659 607 286 706 
706 286
286 607
607 659
659 493
338 314 792 
792 338
338 314
66 213 48 756 
66 756
756 213
213 48
472 
96 272 648 
648 272
272 96
644 616 470 31 68 462 70 415 577 20 
470 616
616 31
31 644
644 68
68 462
462 20
20 70
70 577
577 415
122 179 366 566 217 
566 366
366 179
179 122
122 217
200 14 182 667 794 335 284 
200 14
14 667
667 182
182 794
794 335
335 284
453 672 17 
672 453
453 17
202 
354 
323 252 612 
323 252
252 612
83 91 10 62 131 
131 62
62 91
91 83
83 10
308 
235 746 237 
235 746
746 237
515 207 
207 515
173 680 170 745 491 
173 680
680 170
170 745
745 491
570 296 119 
119 296
296 570
85 245 660 187 796 603 481 421 715 398 
245 85
85 660
660 187
187 481
481 603
603 796
796 421
421 715
715 398
35 15 
15 35
640 52 46 347 724 
347 52
52 46
46 640
640 724
300 101 
300 101
736 750 
750 736
614 458 
458 614
365 
757 198 
198 757
628 
343 389 392 
392 389
389 343
468 99 194 
99 194
194 468
98 177 352 
98 177
177 352
228 589 600 777 340 262 153 694 
262 340
340 153
153 777
777 694
694 600
600 228
228 589
124 277 709 
124 277
277 709
60 582 
60 582
567 522 306 232 33 
567 522
522 232
232 306
306 33
588 261 34 707 
707 34
34 261
261 588
303 
463 
465 125 772 388 260 376 
260 376
376 125
125 465
465 772
772 388
767 
466 661 269 346 
346 269
269 466
466 661
459 143 341 126 16 555 630 685 
126 143
143 341
341 16
16 555
555 459
459 630
630 685
253 188 786 775 698 440 
253 188
188 786
786 775
775 440
440 698
337 312 594 9 238 633 103 
103 633
633 238
238 9
9 312
312 594
594 337
452 
760 
212 518 734 429 121 1 88 544 537 171 21 197 315 310 331 130 382 424 
88 197
197 21
21 130
130 382
382 1
1 424
424 537
537 121
121 544
544 171
171 331
331 310
310 315
315 734
734 518
518 429
429 212
754 
569 407 349 
349 407
407 569
728 305 611 423 108 541 
541 108
108 423
423 305
305 728
728 611
28 134 464 
464 134
134 28
116 533 358 761 585 78 246 790 76 113 668 636 
358 533
533 116
116 113
113 636
636 668
668 761
761 585
585 78
78 246
246 790
790 76
663 
681 
27 
751 97 605 
751 97
97 605
160 531 250 
160 531
531 250
552 730 643 759 743 
743 552
552 730
730 643
643 759
214 
721 50 548 770 
721 50
50 548
548 770
658 475 642 722 247 150 565 529 525 420 148 
150 475
475 658
658 247
247 722
722 642
642 565
565 529
529 525
525 420
420 148
448 307 499 780 359 619 49 
499 307
307 448
448 780
780 619
619 359
359 49
666 
239 
3 697 344 142 26 638 222 353 
26 344
344 697
697 3
3 142
142 638
638 222
222 353
406 
90 
484 11 
11 484
649 741 206 413 
413 741
741 206
206 649
478 601 30 
601 478
478 30
545 144 651 297 233 248 133 656 159 4 86 311 
4 159
159 86
86 656
656 311
311 248
248 233
233 133
133 297
297 545
545 144
144 651
141 223 749 299 
299 749
749 141
141 223
510 
345 487 369 274 
487 345
345 369
369 274
94 185 699 425 503 428 266 355 
266 355
355 503
503 425
425 428
428 699
699 185
185 94
677 764 482 161 404 
404 677
677 161
161 764
764 482
8 220 
220 8
674 
778 447 629 361 586 
447 778
778 629
629 361
361 586
763 712 713 
712 763
763 713
309 140 542 
140 309
309 542
267 
158 530 477 
158 530
530 477
166 
572 
183 705 
705 183
551 405 467 
551 405
405 467
574 511 708 500 138 
500 708
708 138
138 574
574 511
676 
384 117 100 
384 117
117 100
2 
554 599 54 625 422 
422 625
625 54
54 554
554 599
409 383 
383 409
290 373 509 6 606 632 109 318 395 461 210 13 390 797 
13 210
210 461
461 318
318 797
797 395
395 109
109 606
606 373
373 632
632 290
290 509
509 6
6 390
787 385 80 
385 787
787 80
669 302 
302 669
766 
59 240 546 190 
59 240
240 546
546 190
42 664 
42 664
391 650 711 149 
149 711
711 650
650 391
514 
47 556 87 
47 556
556 87
798 319 688 32 727 
32 688
688 727
727 798
798 319
631 412 703 678 
703 678
678 412
412 631
229 
123 
259 
771 291 671 327 
771 327
327 671
671 291
401 434 793 
793 401
401 434
394 255 375 
255 375
375 394
634 82 363 374 
363 634
634 82
82 374
657 
411 652 753 
753 652
652 411
752 
51 403 716 151 120 180 
180 716
716 120
120 403
403 151
151 51
93 435 
93 435
0 110 
0 110
81 700 292 18 
18 700
700 292
292 81
281 414 
281 414
328 201 
201 328
498 501 592 196 646 755 105 268 691 175 114 165 
175 691
691 268
268 114
114 592
592 165
165 498
498 646
646 196
196 501
501 755
755 105
357 270 231 
231 357
357 270
258 71 
258 71
456 265 457 776 538 256 174 608 653 156 410 
174 256
256 538
538 776
776 456
456 457
457 265
265 410
410 156
156 608
608 653
