!
698 670 
670 698
314 650 633 74 478 452 705 451 222 455 253 587 212 282 87 304 732 490 602 
602 490
490 732
732 87
87 282
282 212
212 304
304 587
587 253
253 452
452 705
705 478
478 650
650 451
451 74
74 314
314 633
633 222
222 455
447 200 
447 200
258 
790 387 16 325 786 701 760 333 557 
790 557
557 333
333 760
760 387
387 16
16 325
325 786
786 701
320 109 696 156 761 10 68 252 284 101 518 80 686 392 664 7 
664 392
392 686
686 518
518 284
284 252
252 80
80 761
761 101
101 156
156 10
10 68
68 696
696 7
7 320
320 109
261 332 353 
353 261
261 332
67 313 
313 67
624 777 589 29 330 464 735 521 753 214 77 390 
777 589
589 624
624 29
29 330
330 464
464 735
735 521
521 753
753 214
214 390
390 77
411 439 752 
752 411
411 439
641 319 161 
641 319
319 161
199 232 
232 199
363 78 
78 363
722 245 567 342 345 122 
722 567
567 245
245 342
342 122
122 345
711 179 103 28 423 
711 179
179 28
28 103
103 423
406 368 
406 368
107 25 655 
107 25
25 655
112 189 177 729 505 661 118 263 530 246 255 
255 530
530 263
263 118
118 246
246 661
661 112
112 189
189 177
177 729
729 505
291 765 449 414 640 215 404 651 586 
215 404
404 640
640 414
414 449
449 291
291 765
765 651
651 586
652 666 562 312 
562 312
312 666
666 652
527 55 536 
527 55
55 536
681 789 469 662 207 
207 789
789 469
469 681
681 662
426 736 400 111 38 
426 736
736 400
400 38
38 111
757 211 8 
757 211
211 8
293 327 
293 327
394 
205 522 
205 522
740 322 274 
322 740
740 274
175 146 430 283 764 
146 175
175 430
430 764
764 283
504 691 37 706 123 206 138 158 545 355 145 362 336 
545 158
158 355
355 145
145 336
336 362
362 504
504 706
706 37
37 123
123 691
691 206
206 138
461 271 772 783 730 708 
772 271
271 461
461 783
783 730
730 708
421 373 202 
373 202
202 421
257 84 168 339 259 462 397 443 201 
462 201
201 259
259 443
443 339
339 397
397 168
168 84
84 257
371 378 34 689 773 731 482 280 276 593 155 672 307 642 687 218 574 542 787 197 346 512 544 210 239 54 341 419 751 
751 419
419 378
378 341
341 371
371 210
210 512
512 544
544 346
346 34
34 197
197 773
773 731
731 482
482 239
239 689
689 280
280 542
542 787
787 155
155 276
276 593
593 574
574 672
672 218
218 642
642 687
687 54
54 307
185 716 436 
436 185
185 716
756 208 609 209 44 665 
609 208
208 756
756 44
44 209
209 665
770 534 531 
531 534
534 770
71 747 524 377 629 671 695 398 766 519 
524 71
71 747
747 377
377 519
519 629
629 671
671 766
766 695
695 398
724 495 
724 495
6 568 166 11 541 673 106 264 94 49 347 703 690 88 286 
94 264
264 106
106 49
49 673
673 347
347 541
541 568
568 11
11 703
703 6
6 166
166 286
286 88
88 690
157 
470 526 
470 526
763 498 465 237 159 431 169 697 453 306 340 463 
463 340
340 306
306 453
453 169
169 431
431 159
159 697
697 237
237 763
763 498
498 465
288 93 507 793 126 50 191 292 639 685 9 315 240 
685 240
240 9
9 793
793 288
288 315
315 93
93 507
507 126
126 50
50 639
639 191
191 292
630 
92 
408 635 329 318 547 692 184 
408 635
635 329
329 318
318 547
547 692
692 184
645 649 
649 645
749 66 
66 749
399 719 468 277 133 759 129 638 65 105 571 
105 65
65 638
638 129
129 759
759 133
133 277
277 571
571 719
719 399
399 468
750 238 564 
750 238
238 564
432 114 741 590 102 769 
741 432
432 114
114 590
590 102
102 769
688 152 797 
152 688
688 797
654 
18 
176 203 275 583 311 
311 176
176 275
275 203
203 583
579 
506 584 445 287 
506 584
584 445
445 287
497 196 620 677 14 22 60 148 
60 22
22 148
148 14
14 677
677 196
196 620
620 497
676 46 389 204 267 560 657 563 139 476 422 81 
676 46
46 476
476 422
422 389
389 204
204 267
267 81
81 560
560 657
657 563
563 139
601 324 79 223 605 781 744 598 374 
374 598
598 223
223 601
601 781
781 605
605 324
324 79
79 744
780 61 272 
272 61
61 780
24 40 743 366 762 748 663 693 552 540 
540 552
552 693
693 663
663 748
748 762
762 366
366 743
743 40
40 24
213 580 82 499 1 73 100 391 19 224 674 241 795 143 503 532 250 742 305 375 124 
73 499
499 82
82 674
674 100
100 580
580 213
213 1
1 224
224 391
391 19
19 241
241 143
143 503
503 795
795 532
532 124
124 375
375 250
250 742
742 305
637 358 429 381 91 
637 91
91 358
358 381
381 429
479 679 707 
679 707
707 479
577 226 440 572 142 508 405 738 5 533 350 290 76 634 720 190 754 
754 577
577 190
190 226
226 720
720 440
440 634
634 572
572 142
142 508
508 405
405 738
738 76
76 5
5 533
533 350
350 290
558 516 493 604 
558 604
604 493
493 516
48 
39 372 734 32 
734 32
32 372
372 39
244 457 565 488 
244 565
565 488
488 457
110 646 127 746 425 555 483 178 
127 646
646 110
110 555
555 746
746 483
483 425
425 178
234 396 51 116 384 417 427 475 317 491 
384 427
427 417
417 234
234 396
396 116
116 317
317 475
475 51
51 491
64 616 
616 64
104 438 365 402 608 299 553 153 229 
229 153
153 553
553 104
104 365
365 299
299 402
402 438
438 608
678 385 523 269 
269 523
523 678
678 385
136 
418 413 
418 413
0 622 481 181 474 150 194 660 31 59 349 119 723 170 254 581 460 180 
194 660
660 150
150 481
481 0
0 622
622 181
181 59
59 723
723 474
474 349
349 119
119 31
31 170
170 254
254 460
460 581
581 180
456 718 367 236 334 613 528 600 675 
334 236
236 718
718 456
456 367
367 600
600 613
613 675
675 528
58 437 
58 437
72 779 659 
779 72
72 659
113 
86 
473 782 382 3 501 409 243 733 791 393 420 612 41 302 700 268 233 717 
612 791
791 393
393 420
420 733
733 501
501 268
268 717
717 3
3 233
233 409
409 382
382 243
243 782
782 41
41 473
473 302
302 700
42 308 768 410 725 511 513 23 383 128 52 525 486 699 265 331 606 248 108 17 316 357 466 85 444 
444 85
85 357
357 466
466 108
108 17
17 316
316 248
248 606
606 331
331 42
42 525
525 768
768 486
486 308
308 52
52 410
410 128
128 265
265 725
725 511
511 383
383 513
513 699
699 23
576 446 386 27 
27 386
386 446
446 576
298 496 
298 496
799 21 617 459 
21 799
799 617
617 459
726 90 543 
543 90
90 726
295 99 658 775 401 13 
13 401
401 295
295 99
99 658
658 775
727 737 471 
737 727
727 471
594 537 57 694 348 
348 594
594 537
537 57
57 694
174 621 683 
683 621
621 174
120 
712 758 4 297 230 132 
4 758
758 230
230 297
297 712
712 132
281 
225 785 538 442 323 359 647 416 644 492 45 520 231 
442 538
538 785
785 225
225 492
492 644
644 416
416 323
323 359
359 647
647 45
45 520
520 231
570 591 517 270 193 
193 270
270 517
517 591
591 570
337 728 573 235 
573 235
235 337
337 728
582 140 131 510 30 343 485 228 458 755 309 15 643 549 669 165 
131 510
510 140
140 30
30 582
582 343
343 485
485 458
458 228
228 549
549 15
15 755
755 643
643 165
165 669
669 309
710 369 794 
710 369
369 794
618 
489 667 56 134 
489 667
667 56
56 134
75 745 
75 745
188 344 247 356 217 
217 247
247 344
344 356
356 188
256 
96 704 
704 96
303 376 561 260 53 441 35 535 135 480 603 
441 53
53 561
561 260
260 376
376 303
303 35
35 135
135 535
535 480
480 603
219 98 739 592 539 62 632 709 251 
219 98
98 251
251 739
739 592
592 632
632 709
709 62
62 539
566 147 137 412 326 
412 137
137 566
566 147
147 326
554 628 
554 628
301 
771 784 
771 784
125 684 428 
428 684
684 125
656 242 
656 242
569 192 285 
569 192
192 285
364 407 424 162 559 714 550 514 321 141 360 97 
559 162
162 714
714 360
360 97
97 424
424 407
407 550
550 514
514 364
364 321
321 141
220 70 186 487 615 182 262 636 379 221 
636 379
379 221
221 262
262 186
186 182
182 70
70 220
220 615
615 487
370 144 
370 144
627 328 450 619 556 448 774 266 454 713 167 796 289 69 187 623 
627 328
328 450
450 289
289 619
619 69
69 556
556 448
448 187
187 713
713 796
796 167
167 454
454 774
774 266
266 623
361 626 776 668 433 500 130 195 296 607 721 702 294 160 
626 361
361 776
776 668
668 433
433 500
500 130
130 195
195 296
296 702
702 607
607 721
721 294
294 160
597 472 278 585 47 216 767 494 
494 47
47 767
767 585
585 216
216 597
597 472
472 278
20 351 575 788 183 467 
351 20
20 467
467 575
575 788
788 183
588 380 279 43 117 610 121 551 614 434 509 310 
588 380
380 279
279 117
117 43
43 610
610 121
121 551
551 614
614 434
434 310
310 509
164 484 36 63 
63 36
36 484
484 164
33 
599 648 388 
648 599
599 388
578 149 
578 149
26 354 
354 26
154 2 
154 2
338 352 595 227 
338 352
352 595
595 227
173 395 249 546 548 163 
173 249
249 395
395 546
546 163
163 548
611 682 625 172 335 151 792 
172 625
625 611
611 682
682 335
335 792
792 151
198 171 596 95 415 
596 198
198 171
171 95
95 415
300 778 502 
502 778
778 300
631 12 403 529 477 653 
653 403
403 12
12 631
631 529
529 477
115 798 435 515 273 89 
435 798
798 115
115 515
515 273
273 89
680 83 
680 83
715 
