!
31 43 115 136 155
155 136
136 43
43 115
115 31
236 254 335 404 550 604 624 665
335 550
550 254
254 624
624 404
404 665
665 604
604 236
742 772 799
799 772
772 742
18
98 102
102 98
246 257
246 257
331 356 365 519 591 609 634 748 35 135 269 357
357 269
269 135
135 35
35 519
519 609
609 591
591 748
748 331
331 365
365 356
356 634
368 403 434 445 495 782 783 785 75 88 229 239 288 298 318 372 505 526 625 639
318 239
239 88
88 229
229 505
505 288
288 639
639 298
298 75
75 526
526 625
625 372
372 434
434 368
368 783
783 782
782 495
495 403
403 785
785 445
219 234 380 422 431 628 631 633 674 725 789 8 54 130 187
422 628
628 219
219 234
234 789
789 674
674 380
380 431
431 631
631 725
725 633
633 8
8 187
187 54
54 130
291 442 489
291 442
442 489
558 700 701 762 42 114
558 762
762 700
700 701
701 114
114 42
134
311 477 485 513 600 666 698 80 142 192 208 223 231 317 373
317 80
80 231
231 373
373 208
208 223
223 192
192 142
142 311
311 698
698 600
600 513
513 477
477 485
485 666
453 580
580 453
48 56 144 264 272
264 272
272 48
48 144
144 56
325 438
325 438
482 611 752 23 186 206
206 23
23 186
186 752
752 611
611 482
210
248
255
259 390 516 537 37
259 516
516 390
390 537
537 37
73
137 263 294 420 536
420 263
263 294
294 137
137 536
547 594 97 118
594 118
118 547
547 97
138 204 303 452 478 692 699 367 407 458 647
407 458
458 367
367 647
647 204
204 478
478 699
699 138
138 692
692 452
452 303
667 690 749 768 795 19 96 112 207
667 749
749 96
96 768
768 690
690 795
795 112
112 19
19 207
241
278 378 384 435
278 384
384 435
435 378
25 65 238 324 362 522 613
25 362
362 522
522 238
238 324
324 65
65 613
736
796 16
16 796
125 128 287 334 387
334 387
387 128
128 287
287 125
502 531
531 502
638 147 245
638 147
147 245
286 474 574
286 474
474 574
644 656 750 758
758 656
656 644
644 750
161 163
163 161
281 299 423
281 299
299 423
440 520 746 91
440 520
520 746
746 91
101 175 302 316 480 509 732 90
90 732
732 316
316 175
175 509
509 302
302 101
101 480
165 178 448 469 524 622
178 448
448 622
622 524
524 469
469 165
744 3
744 3
77 179 533
179 77
77 533
583 619 658
583 619
619 658
786 49 202 216 292 338 389 589 781 0 7 218 285 444 575 578 726 14 355
575 0
0 7
7 578
578 726
726 218
218 285
285 444
444 216
216 14
14 589
589 781
781 292
292 355
355 338
338 202
202 389
389 49
49 786
454
515 528 643 670 730 289 312 322 409 410 517 660 707
322 517
517 660
660 312
312 289
289 410
410 409
409 707
707 730
730 528
528 643
643 515
515 670
28 71 166
166 71
71 28
258 328
258 328
511 617 787 15 148
148 15
15 617
617 787
787 511
212 227 315 416 551 597 59 66 190 466 507 569 721 792 156 182 251 348 460
721 190
190 792
792 59
59 507
507 569
569 66
66 466
466 182
182 348
348 251
251 156
156 460
460 212
212 315
315 227
227 597
597 551
551 416
605 632 753 100 167 211
605 753
753 632
632 211
211 100
100 167
306 584 673
306 584
584 673
733 797 17 55
797 733
733 55
55 17
116 194 300 598 711 760 10 174 261 396
261 174
174 10
10 396
396 760
760 116
116 194
194 300
300 598
598 711
525 627 678 720
627 720
720 525
525 678
244 344 386 490 571 573 652 718 214 296 297 392 626
718 652
652 571
571 490
490 626
626 296
296 244
244 344
344 297
297 214
214 386
386 573
573 392
635
688 755 127 157 243 279 290 370 397 646 9 46 188 217 270 381 499 747 41 240 250 282 354 433 437 500 13 176 237 242 585
270 747
747 755
755 688
688 188
188 46
46 217
217 9
9 381
381 499
499 397
397 370
370 646
646 127
127 157
157 290
290 279
279 243
243 282
282 433
433 240
240 585
585 13
13 250
250 176
176 237
237 437
437 354
354 41
41 500
500 242
610 669 29
29 669
669 610
129 332 593 620 709 757 133 215 340 383 461
757 709
709 129
129 620
620 593
593 332
332 215
215 133
133 383
383 340
340 461
543 735 107 170 221 395
395 221
221 170
170 107
107 543
543 735
421 432 668
421 668
668 432
61 252 262
262 252
252 61
492 506 592 761 105 160 168 408 484
506 492
492 592
592 761
761 168
168 105
105 484
484 408
408 160
527
572 24 52
52 24
24 572
79 183 191
183 191
191 79
345 623 273
345 623
623 273
274 339 385 441 559
385 339
339 441
441 274
274 559
790 82 173 180 450 459 577 731 93 307 309 350 353 581 771 20
353 771
771 93
93 581
581 309
309 307
307 350
350 173
173 82
82 180
180 459
459 450
450 790
790 577
577 731
731 20
443
449 567
449 567
614 756 759 36 131 151 382
382 36
36 131
131 151
151 614
614 759
759 756
430 512 774 12 464 630
430 774
774 512
512 12
12 464
464 630
661
675 683 697
675 697
697 683
2 69 150 360 388 653 766
69 360
360 388
388 766
766 150
150 653
653 2
143 164 185
143 164
164 185
447 486 553 723 27
486 553
553 723
723 447
447 27
60
117 197 220 336 729 39 84 280
280 39
39 84
84 220
220 197
197 117
117 336
336 729
400
411 590 199 201 310 379 563 788 465 497 539 556 739 763 74
590 411
411 74
74 199
199 379
379 788
788 201
201 310
310 763
763 739
739 563
563 465
465 556
556 539
539 497
467 481 510 706 728 106 111 436 491 501 504 21 301 308 483 494 545 149
728 467
467 706
706 481
481 510
510 545
545 494
494 483
483 301
301 149
149 308
308 21
21 436
436 504
504 111
111 106
106 501
501 491
260 319
260 319
363 377 599 86 154 475 693 713
363 599
599 377
377 475
475 86
86 693
693 154
154 713
719 67 232 341
341 232
232 67
67 719
564 645 677 51 53
53 51
51 645
645 564
564 677
177
606 664 708 265 275 326 636 680
606 708
708 664
664 636
636 326
326 680
680 275
275 265
777 267 284 366 601 689 793 57 153 181 406
406 57
57 181
181 153
153 689
689 366
366 284
284 267
267 601
601 793
793 777
532
715 30 146 226 375 555 738 94 253 268
146 555
555 738
738 30
30 375
375 268
268 226
226 253
253 94
94 715
295 612 734 83 139 230 418
139 418
418 230
230 83
83 734
734 295
295 612
427 488
488 427
32 224 247 521 579 655 103 249 540 621 642 769 11 72 104 276 659
621 769
769 103
103 642
642 249
249 540
540 247
247 579
579 655
655 224
224 521
521 104
104 72
72 659
659 32
32 276
276 11
773 58 351 648 682 727 737 6 233 439
439 737
737 6
6 58
58 727
727 233
233 351
351 682
682 648
648 773
493 596 22
596 493
493 22
576 608 662 775 81 126 209 394 794
608 775
775 662
662 576
576 126
126 794
794 81
81 209
209 394
463 681 687 694 791 70 398 471 566 595 329 371 603 651 685 26 145 235 568 586 4 64 132 714 722
64 4
4 722
722 132
132 463
463 714
714 791
791 681
681 687
687 694
694 329
329 603
603 651
651 685
685 371
371 235
235 145
145 586
586 568
568 26
26 70
70 471
471 595
595 566
566 398
361
369
541 704 717 68 402 455 615 686 5 40 195 393 780 305 352 561
305 561
561 352
352 402
402 615
615 455
455 686
686 68
68 541
541 40
40 5
5 704
704 393
393 195
195 780
780 717
587 696 34 347 476 691 751 85 333 349 405 429 109 414 503 602 712
587 696
696 85
85 405
405 349
349 333
333 429
429 712
712 109
109 503
503 602
602 476
476 414
414 691
691 751
751 34
34 347
62 424 457 745 798 330 546
330 546
546 798
798 62
62 457
457 424
424 745
560 741 770 256 523
560 741
741 770
770 523
523 256
535 654 764 293 538 542 549 702 33 196 304 314 640 313 374 401
314 196
196 33
33 764
764 640
640 304
304 654
654 535
535 293
293 702
702 549
549 538
538 542
542 401
401 374
374 313
548 779 120 213 277 428 554 198 346
779 548
548 346
346 198
198 428
428 120
120 213
213 277
277 554
557 607
557 607
703 283 320 473 629 705
703 629
629 283
283 320
320 705
705 473
47
124 266 487 641 327 342 618 663
641 266
266 487
487 124
124 342
342 327
327 663
663 618
740 119 343 364 417 754 140 415 426 743
140 426
426 743
743 415
415 740
740 119
119 417
417 754
754 343
343 364
38 89 95 159 50
95 89
89 38
38 159
159 50
87 123 472 78 412 529 649 399 456 582 616 1 205 650
412 529
529 649
649 78
78 205
205 1
1 650
650 582
582 399
399 616
616 456
456 472
472 87
87 123
671
169 203 225 323 121 376 534 676 76
121 534
534 376
376 676
676 76
76 169
169 203
203 225
225 323
110 425 767 562 570 710 724 44 228 514 695 222 271
222 271
271 425
425 767
767 110
110 570
570 562
562 724
724 710
710 514
514 44
44 228
228 695
479 530
479 530
113
122 518 784 92 321 359 588 45 200
122 518
518 784
784 588
588 92
92 321
321 359
359 200
200 45
391 684 63 446 765 776 152 172
684 391
391 152
152 172
172 776
776 446
446 63
63 765
565 141 189
565 141
141 189
358 470 637 657 413 498 679 158
637 470
470 657
657 413
413 498
498 679
679 158
158 358
162 716 419 508 672 171 193 451 496 544 552 184 468 778 99
99 496
496 552
552 544
544 716
716 162
162 451
451 193
193 171
171 508
508 672
672 419
419 184
184 778
778 468
462 108 337
462 108
108 337
