!
616 
183 752 80 
80 752
752 183
361 686 
361 686
264 483 
483 264
89 
469 237 19 555 59 
19 237
237 469
469 555
555 59
138 429 112 536 496 624 377 672 181 410 497 
672 377
377 624
624 496
496 536
536 429
429 112
112 181
181 410
410 138
138 497
431 75 
75 431
240 
498 452 407 
498 452
452 407
446 
744 541 601 38 
541 744
744 601
601 38
547 
364 147 511 344 
344 511
511 364
364 147
263 111 110 438 338 22 382 246 770 553 698 453 385 556 128 506 456 603 27 546 613 86 
246 382
382 338
338 110
110 438
438 22
22 111
111 553
553 263
263 770
770 385
385 698
698 86
86 453
453 556
556 128
128 506
506 546
546 603
603 27
27 456
456 613
2 343 
343 2
279 527 73 117 552 550 476 
279 73
73 527
527 550
550 552
552 117
117 476
375 
716 18 586 97 161 
97 586
586 161
161 716
716 18
745 
693 
789 3 599 67 290 230 
230 3
3 789
789 290
290 599
599 67
55 
455 316 
316 455
373 
589 
96 678 384 773 301 687 282 
282 773
773 384
384 687
687 678
678 96
96 301
426 
576 
520 295 49 751 
520 751
751 295
295 49
563 228 670 533 219 176 571 140 
140 563
563 228
228 571
571 176
176 670
670 219
219 533
302 126 291 132 101 202 711 276 501 467 
467 126
126 291
291 302
302 276
276 101
101 132
132 501
501 202
202 711
305 423 526 
423 305
305 526
34 
638 
172 325 
325 172
674 677 365 
677 365
365 674
401 156 
156 401
598 585 
585 598
44 650 718 691 619 
650 718
718 44
44 691
691 619
567 
701 93 
701 93
570 785 
785 570
333 122 292 529 582 390 23 69 574 85 704 755 543 
574 69
69 23
23 390
390 292
292 122
122 529
529 333
333 582
582 85
85 704
704 755
755 543
459 597 458 779 591 568 353 266 209 436 243 203 477 
477 203
203 243
243 436
436 209
209 266
266 591
591 568
568 353
353 779
779 458
458 597
597 459
404 641 242 425 
641 404
404 242
242 425
578 92 422 
422 92
92 578
341 700 774 83 
83 774
774 341
341 700
647 
214 630 791 479 
214 630
630 791
791 479
371 
689 761 617 192 191 411 394 633 
394 633
633 617
617 192
192 689
689 191
191 761
761 411
90 587 742 177 482 135 503 320 631 441 413 95 5 
5 95
95 441
441 413
413 631
631 320
320 503
503 135
135 482
482 90
90 587
587 177
177 742
121 
562 736 386 206 618 575 439 
206 575
575 618
618 736
736 386
386 562
562 439
756 796 
796 756
697 387 226 160 
160 226
226 387
387 697
36 332 16 671 730 261 47 
36 332
332 16
16 47
47 671
671 730
730 261
314 249 626 331 1 760 14 495 51 
495 14
14 51
51 760
760 331
331 249
249 626
626 314
314 1
307 573 
573 307
300 725 327 119 315 275 
725 327
327 300
300 119
119 315
315 275
673 777 63 222 269 218 
222 63
63 673
673 777
777 269
269 218
569 753 388 312 46 287 304 278 788 146 
388 304
304 287
287 278
278 312
312 569
569 753
753 788
788 146
146 46
108 
776 12 799 171 
799 12
12 776
776 171
640 115 428 
428 115
115 640
792 
294 
66 656 56 440 
440 56
56 66
66 656
311 21 272 717 
311 21
21 272
272 717
403 15 336 285 64 481 
481 64
64 336
336 15
15 285
285 403
489 
525 37 
37 525
154 288 163 
154 288
288 163
614 523 433 82 141 238 
141 82
82 614
614 238
238 523
523 433
620 
606 253 57 580 666 162 127 
606 127
127 253
253 57
57 580
580 666
666 162
0 205 213 559 
0 205
205 213
213 559
767 308 518 329 648 31 551 577 659 245 471 392 560 
560 471
471 245
245 392
392 659
659 577
577 518
518 329
329 551
551 308
308 767
767 31
31 648
645 782 155 
155 782
782 645
133 
636 68 485 
636 68
68 485
223 151 406 
406 151
151 223
283 114 419 
419 114
114 283
229 167 
229 167
8 738 412 293 
293 412
412 738
738 8
604 731 
604 731
239 565 199 713 30 706 40 
40 30
30 713
713 706
706 199
199 565
565 239
513 772 170 324 7 124 
513 324
324 7
7 170
170 772
772 124
210 490 627 609 660 694 703 189 98 77 683 224 
490 210
210 627
627 694
694 609
609 660
660 703
703 189
189 77
77 98
98 683
683 224
347 
795 663 724 43 188 9 775 628 6 669 286 743 
775 743
743 9
9 286
286 669
669 6
6 628
628 43
43 724
724 795
795 663
663 188
255 72 771 
72 255
255 771
741 
720 378 70 600 639 50 664 303 153 665 149 
600 70
70 378
378 720
720 50
50 639
639 664
664 153
153 303
303 665
665 149
643 581 416 680 
581 643
643 416
416 680
448 309 340 100 270 545 424 310 393 198 391 
198 310
310 393
393 424
424 391
391 545
545 270
270 100
100 448
448 309
309 340
470 
399 
544 
512 197 
512 197
707 
667 415 379 
415 667
667 379
142 
200 
144 289 
144 289
564 583 
583 564
790 335 190 54 
54 790
790 335
335 190
231 217 397 24 252 
217 231
231 252
252 397
397 24
634 539 662 
662 539
539 634
398 139 763 359 357 284 561 346 
398 357
357 763
763 139
139 359
359 284
284 561
561 346
299 26 345 271 79 
26 299
299 345
345 271
271 79
152 635 
152 635
766 396 158 251 754 727 360 103 
103 727
727 754
754 360
360 251
251 158
158 766
766 396
166 668 32 330 
32 668
668 166
166 330
464 
710 
94 
728 487 130 486 
728 487
487 130
130 486
76 
765 88 
765 88
374 247 
374 247
220 381 74 532 366 737 
737 366
366 532
532 74
74 381
381 220
595 244 260 233 557 71 169 468 449 
468 260
260 244
244 233
233 169
169 595
595 557
557 71
71 449
216 10 685 679 
216 10
10 685
685 679
125 732 653 494 235 182 53 
53 182
182 235
235 494
494 732
732 125
125 653
684 
105 590 180 143 
590 105
105 143
143 180
447 
542 179 
179 542
355 
362 91 186 
186 91
91 362
99 794 
99 794
519 52 148 572 107 227 369 534 514 178 579 759 778 621 676 395 722 212 334 317 349 
178 514
514 572
572 534
534 519
519 107
107 227
227 52
52 148
148 369
369 621
621 676
676 395
395 579
579 759
759 349
349 722
722 778
778 212
212 334
334 317
632 354 
632 354
35 414 136 367 714 625 
625 714
714 35
35 367
367 414
414 136
748 474 61 548 507 
748 474
474 507
507 61
61 548
193 
780 
262 208 649 644 517 257 418 280 
280 257
257 208
208 262
262 644
644 649
649 517
517 418
781 437 164 306 530 784 20 729 241 417 
241 417
417 729
729 20
20 784
784 781
781 164
164 437
437 306
306 530
610 463 
463 610
554 248 538 537 705 323 504 328 566 723 
554 248
248 538
538 705
705 537
537 504
504 566
566 323
323 328
328 723
157 296 629 
296 157
157 629
443 337 
443 337
159 
445 615 516 472 
615 472
472 445
445 516
33 510 739 758 352 712 
712 352
352 739
739 510
510 758
758 33
451 322 339 41 187 
41 187
187 339
339 322
322 451
708 715 661 
661 715
715 708
493 642 225 692 491 726 492 524 
524 492
492 726
726 493
493 225
225 692
692 642
642 491
719 
232 370 400 
400 370
370 232
749 87 368 106 
106 368
368 87
87 749
427 184 535 402 250 594 787 484 389 
402 484
484 787
787 250
250 594
594 389
389 535
535 184
184 427
488 274 281 258 
274 488
488 281
281 258
234 363 
234 363
175 201 165 461 
201 165
165 175
175 461
528 62 798 29 
528 62
62 798
798 29
342 150 
150 342
4 
104 735 558 
104 735
735 558
460 120 500 
460 120
120 500
515 185 58 584 465 747 11 
11 747
747 58
58 185
185 515
515 465
465 584
350 721 84 
84 721
721 350
502 81 221 319 499 611 297 
502 81
81 221
221 319
319 499
499 297
297 611
521 
646 
762 612 
762 612
682 605 769 
769 605
605 682
123 651 652 204 466 709 750 549 321 540 356 
204 652
652 123
123 651
651 466
466 709
709 750
750 549
549 356
356 321
321 540
194 695 25 
695 194
194 25
435 372 
372 435
588 
380 
267 768 454 405 236 28 623 688 351 658 409 134 129 
129 409
409 658
658 134
134 623
623 28
28 236
236 405
405 768
768 351
351 688
688 267
267 454
39 593 602 444 
444 602
602 593
593 39
733 
505 42 137 
505 42
42 137
145 793 
145 793
273 
173 313 131 383 
383 131
131 313
313 173
508 
637 
215 734 430 509 478 48 358 102 797 196 298 480 420 
420 480
480 196
196 797
797 298
298 102
102 358
358 48
48 478
478 734
734 215
215 509
509 430
174 
195 109 
195 109
681 442 168 259 60 607 265 432 
259 60
60 607
607 168
168 681
681 442
442 432
432 265
13 421 702 690 757 786 277 
277 786
786 421
421 702
702 757
757 13
13 690
78 
17 408 696 462 65 657 
657 696
696 17
17 408
408 65
65 462
118 450 254 45 434 783 592 608 256 655 
45 434
434 592
592 783
783 254
254 608
608 256
256 450
450 655
655 118
211 
376 207 622 675 764 116 457 475 318 596 
207 376
376 622
622 318
318 596
596 116
116 764
764 675
675 457
457 475
746 531 522 740 113 348 699 
348 113
113 699
699 531
531 740
740 746
746 522
268 
326 473 654 
473 326
326 654
