!
70 
131 
507 232 408 707 541 
408 707
707 232
232 541
541 507
24 
85 614 412 180 
614 85
85 412
412 180
711 586 115 392 580 107 367 433 58 
580 433
433 392
392 58
58 115
115 586
586 107
107 711
711 367
33 550 153 606 486 
486 606
606 33
33 153
153 550
66 216 746 171 376 43 
43 171
171 376
376 66
66 216
216 746
430 
754 
82 612 762 129 28 483 68 
82 612
612 129
129 762
762 28
28 68
68 483
375 530 
375 530
428 
349 
764 334 
764 334
699 528 697 
697 699
699 528
364 48 525 31 791 768 369 492 512 756 651 551 120 737 
512 551
551 120
120 492
492 369
369 756
756 791
791 651
651 737
737 525
525 364
364 31
31 48
48 768
716 786 496 570 703 729 
716 786
786 496
496 570
570 729
729 703
256 29 552 295 135 
552 295
295 135
135 256
256 29
780 588 
780 588
447 
228 
357 569 176 642 
357 642
642 569
569 176
600 557 112 
112 557
557 600
264 497 248 305 473 53 335 
335 264
264 497
497 248
248 473
473 305
305 53
760 331 377 9 
377 760
760 331
331 9
170 
201 519 429 615 3 743 692 688 722 38 397 456 223 
38 397
397 688
688 692
692 743
743 722
722 456
456 519
519 201
201 429
429 223
223 3
3 615
114 92 
92 114
105 451 
105 451
709 400 568 403 
709 400
400 568
568 403
565 529 766 40 545 76 
76 545
545 40
40 766
766 529
529 565
394 
172 672 237 661 194 414 
414 172
172 194
194 672
672 237
237 661
539 164 
164 539
720 169 27 668 354 136 783 714 
27 169
169 720
720 668
668 354
354 136
136 783
783 714
300 493 635 
300 493
493 635
13 339 270 253 625 640 46 97 790 755 639 245 419 0 254 667 789 607 
607 245
245 254
254 0
0 667
667 419
419 639
639 789
789 755
755 790
790 270
270 625
625 253
253 339
339 13
13 640
640 97
97 46
283 787 
283 787
121 257 437 
121 257
257 437
187 65 479 16 
479 65
65 187
187 16
629 
748 193 
193 748
140 
358 60 
60 358
152 482 103 
152 482
482 103
67 
599 734 167 
734 167
167 599
544 587 355 704 266 
355 704
704 266
266 544
544 587
415 440 52 723 125 299 643 
415 125
125 299
299 440
440 52
52 723
723 643
693 536 
536 693
100 725 337 457 523 655 251 
457 100
100 725
725 337
337 523
523 655
655 251
207 5 322 90 286 443 584 
443 584
584 322
322 90
90 286
286 5
5 207
227 
426 
74 141 212 687 
74 141
141 212
212 687
163 575 
163 575
601 758 117 781 192 252 204 197 
192 117
117 781
781 758
758 252
252 601
601 204
204 197
316 633 55 326 399 710 626 678 62 84 154 533 671 
84 154
154 533
533 62
62 710
710 678
678 326
326 626
626 671
671 55
55 633
633 316
316 399
524 597 49 
524 49
49 597
511 
659 785 
785 659
686 214 452 272 302 
686 214
214 452
452 302
302 272
226 162 
226 162
676 320 288 104 
288 676
676 320
320 104
749 
118 728 
118 728
234 
516 670 54 650 623 198 
623 198
198 650
650 54
54 670
670 516
549 23 713 636 797 308 
308 797
797 636
636 713
713 23
23 549
231 
243 407 733 
733 407
407 243
499 200 413 78 303 165 396 454 345 731 630 776 658 405 388 771 
731 388
388 345
345 771
771 303
303 776
776 454
454 658
658 413
413 405
405 499
499 630
630 200
200 78
78 165
165 396
145 98 792 476 514 277 738 133 535 
145 476
476 514
514 738
738 277
277 98
98 792
792 133
133 535
391 285 
391 285
793 685 389 159 205 276 87 
87 276
276 205
205 389
389 159
159 685
685 793
439 
338 150 21 309 
309 21
21 150
150 338
86 484 370 17 242 244 
244 242
242 86
86 370
370 484
484 17
662 613 
662 613
695 238 25 
25 238
238 695
488 184 799 
799 184
184 488
211 380 
211 380
241 498 577 579 291 
291 579
579 577
577 241
241 498
351 
99 500 494 127 
127 500
500 99
99 494
616 209 350 744 
744 209
209 350
350 616
425 690 
425 690
449 409 477 265 289 
449 409
409 265
265 477
477 289
759 318 527 
318 527
527 759
116 
747 332 64 765 61 373 461 239 
332 747
747 61
61 765
765 64
64 373
373 461
461 239
259 88 673 485 
259 485
485 88
88 673
751 576 155 
576 751
751 155
708 581 436 101 
436 708
708 581
581 101
423 
646 573 632 
646 632
632 573
144 653 
144 653
261 1 624 333 390 177 
390 333
333 624
624 177
177 1
1 261
206 469 282 645 
206 469
469 282
282 645
637 45 268 611 745 
45 637
637 268
268 611
611 745
361 230 
230 361
604 682 705 328 534 10 324 564 
564 324
324 682
682 604
604 705
705 10
10 534
534 328
777 474 677 621 175 293 459 275 773 652 371 450 
459 450
450 371
371 293
293 652
652 777
777 621
621 474
474 773
773 275
275 677
677 175
126 63 8 
126 63
63 8
779 75 721 347 
347 779
779 75
75 721
431 543 132 420 
420 132
132 543
543 431
546 578 366 166 441 648 406 304 
648 578
578 366
366 546
546 166
166 441
441 406
406 304
698 69 471 
471 69
69 698
592 
352 654 
352 654
701 442 128 463 
463 128
128 442
442 701
73 481 
481 73
142 727 666 317 173 12 582 274 
142 727
727 173
173 666
666 317
317 12
12 582
582 274
267 185 56 487 750 96 542 594 526 124 310 574 
124 526
526 310
310 574
574 267
267 542
542 185
185 594
594 56
56 487
487 750
750 96
156 
605 137 509 315 548 663 51 72 217 398 715 424 
509 605
605 137
137 424
424 51
51 315
315 715
715 398
398 663
663 72
72 548
548 217
553 344 453 401 109 
109 453
453 401
401 553
553 344
330 
160 434 359 
359 160
160 434
273 
702 470 538 59 356 93 
93 356
356 59
59 538
538 470
470 702
262 50 178 
262 50
50 178
518 664 502 
518 664
664 502
387 
247 489 119 147 218 393 798 674 246 
674 246
246 393
393 247
247 489
489 218
218 147
147 119
119 798
260 37 149 374 757 411 39 603 
757 149
149 37
37 260
260 374
374 603
603 39
39 411
464 618 741 
464 618
618 741
196 566 113 619 
196 566
566 113
113 619
229 
91 656 
91 656
314 
567 
47 
796 
395 788 
395 788
321 717 706 532 329 730 622 236 444 222 
329 444
444 622
622 730
730 236
236 321
321 717
717 532
532 222
222 706
134 307 596 379 203 79 
134 307
307 596
596 379
379 203
203 79
158 35 775 421 
421 775
775 158
158 35
186 151 446 208 435 6 627 
208 446
446 151
151 186
186 435
435 627
627 6
44 
102 455 761 32 691 
761 32
32 691
691 102
102 455
181 589 325 278 
278 325
325 181
181 589
30 644 190 
190 644
644 30
258 327 
327 258
769 561 595 384 
769 561
561 595
595 384
81 719 
81 719
556 
694 417 
417 694
365 161 363 513 298 202 572 540 794 505 343 
365 161
161 363
363 794
794 513
513 298
298 202
202 572
572 540
540 505
505 343
609 660 432 250 681 418 562 199 224 94 219 11 740 340 
740 11
11 219
219 94
94 224
224 199
199 681
681 609
609 250
250 660
660 340
340 432
432 418
418 562
290 
110 504 
110 504
679 508 381 491 146 555 560 188 460 617 255 
560 255
255 617
617 555
555 460
460 188
188 146
146 508
508 679
679 491
491 381
563 18 416 
416 18
18 563
111 
372 772 
772 372
438 323 402 718 
402 323
323 438
438 718
559 495 
559 495
77 
427 404 
427 404
598 
353 445 593 634 
634 593
593 445
445 353
346 183 233 610 14 240 712 735 15 
15 14
14 610
610 735
735 240
240 712
712 233
233 183
183 346
294 
271 
57 602 
57 602
465 467 189 284 466 313 287 297 235 130 382 647 89 684 531 292 422 782 378 312 336 
312 336
336 782
782 378
378 422
422 292
292 684
684 531
531 297
297 466
466 313
313 287
287 284
284 235
235 465
465 467
467 189
189 130
130 89
89 647
647 382
280 148 42 213 34 348 
348 34
34 148
148 280
280 42
42 213
774 26 669 221 4 
26 774
774 669
669 221
221 4
386 95 20 503 
386 95
95 20
20 503
306 168 732 7 501 385 225 472 583 
225 501
501 583
583 472
472 385
385 7
7 732
732 306
306 168
22 362 368 
368 362
362 22
649 742 
649 742
665 122 696 680 571 342 174 554 319 341 763 
571 680
680 696
696 122
122 665
665 342
342 174
174 341
341 554
554 319
319 763
179 724 143 522 195 
143 724
724 179
179 522
522 195
383 269 468 490 547 478 752 2 
490 2
2 547
547 478
478 468
468 752
752 383
383 269
458 767 19 620 
458 620
620 767
767 19
631 628 
631 628
726 784 
726 784
558 689 517 700 
700 689
689 558
558 517
475 360 301 585 108 520 
108 585
585 475
475 360
360 520
520 301
638 
753 675 215 462 480 591 515 410 
462 675
675 753
753 215
215 480
480 515
515 410
410 591
683 506 249 
683 249
249 506
657 296 736 
736 296
296 657
770 191 795 448 
795 191
191 770
770 448
83 
36 
41 210 157 138 590 641 311 80 71 139 
311 641
641 210
210 41
41 157
157 138
138 590
590 80
80 71
71 139
537 106 281 220 608 510 778 
281 106
106 537
537 220
220 608
608 510
510 778
521 739 182 279 
279 182
182 739
739 521
263 123 
123 263
