!
2 14 27 34 92
92 34
34 2
2 27
27 14
126 128 151 189 209 232 246 253 259 269 285 291
259 151
151 126
126 285
285 232
232 269
269 246
246 253
253 189
189 209
209 128
128 291
305 369 379 407 433 478 556 637 643 702 750 773 788 21 36 61 99 111 112
61 112
112 99
99 111
111 36
36 21
21 379
379 305
305 788
788 369
369 407
407 433
433 750
750 556
556 643
643 637
637 702
702 773
773 478
113 172 196 199 233 252 279
279 233
233 196
196 113
113 172
172 199
199 252
308 383 393 422 431 459 494 531 554 557 630 641 646 658 679 736 755 8 28 49 63 65 258 323 346 386 429 442 447 464 465 473 497 532 538 549 585 623 632 635 657 666 705 721 770 790 11 12 24 31 69 86 98 120 168 177
383 630
630 393
393 422
422 531
531 554
554 431
431 679
679 658
658 646
646 641
641 494
494 755
755 736
736 557
557 459
459 308
308 63
63 86
86 31
31 177
177 790
790 770
770 657
657 623
623 65
65 632
632 429
429 465
465 442
442 386
386 666
666 323
323 98
98 346
346 464
464 538
538 635
635 473
473 168
168 447
447 705
705 28
28 49
49 69
69 497
497 12
12 585
585 11
11 8
8 258
258 721
721 532
532 549
549 120
120 24
213 226 228 229 282 297 370 424 439 498 543 544 568 619 627 652 671 695 703 0 26 41 44 124 138 162 186 188 194 195 201 235 350 420
188 350
350 195
195 138
138 235
235 194
194 44
44 124
124 420
420 26
26 162
162 41
41 0
0 201
201 186
186 226
226 229
229 498
498 619
619 703
703 652
652 282
282 544
544 228
228 627
627 213
213 439
439 424
424 543
543 297
297 671
671 568
568 695
695 370
482 493 502 539 541 552 559 562 616 644 665 728 744 16 48 59 84 103 105 110 133 144 260 267 274 276 319 327 333 341 391 411 526
644 502
502 559
559 616
616 541
541 539
539 552
552 493
493 728
728 744
744 665
665 482
482 562
562 84
84 333
333 276
276 526
526 110
110 260
260 391
391 59
59 267
267 16
16 103
103 411
411 341
341 319
319 274
274 105
105 327
327 144
144 133
133 48
528 560 584 622 626 647 741 10 32 80 115 116 202 230 243 250 294 304 345 355 363 453
355 80
80 250
250 202
202 304
304 453
453 294
294 32
32 115
115 116
116 363
363 230
230 345
345 243
243 10
10 626
626 622
622 528
528 584
584 647
647 741
741 560
501 503 535 546 570 576 607 617 662
576 546
546 503
503 607
607 535
535 570
570 617
617 662
662 501
739
757 67 70 74 91 118 121 179 190 292 296 301 361 401 427 488 527 533 561 636 663 683 742 760 793 13 19 33
757 760
760 663
663 561
561 683
683 190
190 118
118 74
74 292
292 121
121 527
527 179
179 742
742 301
301 427
427 67
67 793
793 533
533 296
296 361
361 91
91 488
488 401
401 70
70 636
636 19
19 33
33 13
38 40 160 170 181 197 255 280 293 378 467 553 558 589 599 600 648 672 717 791 95 119 156 185 239 251 257 278 298 318 331 351 372 396 466 469 601 602 603 631 656 719 776 100 149 240 328 387 404 408 418 434 450 461 489 499 529 574 675 681 689 693 743 754 774 57 68 90 101 109 154 163 187 205 262 365 456 485 507 615 639 654 690
154 365
365 615
615 639
639 456
456 109
109 57
57 690
690 187
187 205
205 101
101 90
90 485
485 654
654 163
163 68
68 262
262 507
507 689
689 450
450 489
489 434
434 466
466 251
251 408
408 754
754 675
675 331
331 95
95 469
469 240
240 328
328 529
529 387
387 693
693 774
774 574
574 149
149 776
776 461
461 631
631 278
278 156
156 743
743 351
351 418
418 119
119 100
100 257
257 396
396 602
602 681
681 404
404 656
656 719
719 499
499 318
318 372
372 185
185 298
298 603
603 239
239 601
601 791
791 378
378 38
38 197
197 599
599 255
255 717
717 170
170 648
648 467
467 181
181 558
558 672
672 160
160 40
40 293
293 553
553 280
280 589
589 600
718 756 762 796 25 29 35 53 62 148 152 175 283 373 446 448
718 762
762 796
796 756
756 35
35 446
446 25
25 29
29 148
148 283
283 53
53 175
175 62
62 152
152 373
373 448
480 517 522 624 682
682 522
522 517
517 480
480 624
691 696 712 723 730 17 22 30 137 147 166 178 182 192 248 271 273 367 428 575 577 650 655 661 670 699 748 15 72 79 142 216 244 277 281 312 356 389 392 395 409 425 440 443 468 481 547 700 715 47 71 108 131 159 219 275 332 398 432 452 477 479 579 594 597 605 687 708 725 792 799 6 114 127 132 150 176 207 287 295 415 436 438 458
440 547
547 356
356 312
312 443
443 425
425 395
395 700
700 281
281 468
468 392
392 244
244 409
409 277
277 389
389 79
79 72
72 142
142 481
481 715
715 216
216 15
15 150
150 207
207 458
458 295
295 436
436 6
6 114
114 438
438 670
670 176
176 192
192 287
287 132
132 415
415 271
271 127
127 137
137 367
367 650
650 699
699 30
30 166
166 273
273 147
147 17
17 575
575 22
22 661
661 577
577 428
428 178
178 655
655 248
248 748
748 182
182 71
71 131
131 47
47 687
687 792
792 332
332 479
479 725
725 708
708 477
477 219
219 799
799 696
696 452
452 723
723 594
594 275
275 108
108 691
691 432
432 579
579 159
159 597
597 605
605 712
712 730
730 398
472 486 487 523 569 628 638 673 5
523 628
628 486
486 472
472 673
673 487
487 638
638 569
569 5
123 245 265 288
265 123
123 245
245 288
324 381 382 537 581
324 581
581 537
537 381
381 382
590 592 609 678 704 706 737 753 764 777 785 20 45 46 60 174 206 236 237 256 290 340 357 368 374 455 490
764 777
777 609
609 590
590 753
753 737
737 785
785 592
592 678
678 704
704 706
706 237
237 60
60 490
490 340
340 45
45 174
174 455
455 357
357 290
290 256
256 368
368 46
46 206
206 20
20 374
374 236
513 593 745 779 18 51 82 117 289 300 344 359 375 385 394 430 476 582 697 711 727 752 786 795 125 171 247 302
289 300
300 430
430 582
582 375
375 786
786 51
51 711
711 18
18 476
476 727
727 302
302 795
795 697
697 117
117 125
125 171
171 359
359 247
247 385
385 752
752 82
82 344
344 394
394 779
779 593
593 513
513 745
306
317 451 457 496 550 583 613 642 674 686 688 758 761 784 798 7 37 122 145 200 217 254 303 309 354 435 437 471 524 555 722 746 747 767
583 758
758 784
784 674
674 496
496 613
613 686
686 451
451 642
642 798
798 688
688 761
761 457
457 722
722 435
435 317
317 550
550 747
747 37
37 122
122 555
555 7
7 524
524 303
303 254
254 471
471 354
354 217
217 437
437 145
145 767
767 200
200 309
309 746
52 87 141 204 272 338 360
52 338
338 141
141 204
204 272
272 87
87 360
400 406 413 423 454 492 611 612 618 726 733 763 3 39 77 107 129 155 238 270 316 325 352 353 505 578 653 685 720 781 789 56 58
270 39
39 155
155 316
316 77
77 578
578 685
685 789
789 653
653 720
720 781
781 505
505 352
352 107
107 353
353 3
3 325
325 129
129 238
238 618
618 763
763 406
406 492
492 612
612 413
413 400
400 423
423 733
733 611
611 726
726 454
454 56
56 58
96 102 134 214 264 310 337 390
264 390
390 102
102 214
214 337
337 96
96 310
310 134
405 475 516 548 551 659 668 680 701 158 169 210 221 225 234 322 348 380 402 445 460 462 676 714 724 759 797 130 135 215 314 315 419 426 495 515
348 676
676 714
714 225
225 234
234 445
445 380
380 158
158 759
759 322
322 221
221 402
402 462
462 169
169 460
460 724
724 210
210 797
797 516
516 548
548 668
668 426
426 659
659 419
419 551
551 475
475 315
315 215
215 314
314 515
515 135
135 680
680 405
405 701
701 130
130 495
520 534 542 571 572 598 608
572 598
598 542
542 534
534 608
608 520
520 571
620 775 50 55 81 140 146 268 313 384 463 483 512 580 625 645 692 707 749 772 4 83 139 193
4 139
139 83
83 193
193 772
772 81
81 707
707 580
580 384
384 50
50 483
483 146
146 625
625 645
645 313
313 749
749 55
55 268
268 463
463 692
692 140
140 512
512 620
620 775
222 249 284 336 339 343 376 414 545 606 667 698 709 88 157 164 184 198 330 349
336 698
698 249
249 709
709 667
667 339
339 284
284 545
545 343
343 414
414 222
222 606
606 376
376 164
164 184
184 349
349 330
330 88
88 198
198 157
421 444 500 518 530 536 634 732 740 783 1
732 444
444 518
518 421
421 500
500 740
740 530
530 536
536 783
783 634
634 1
23 66 78 89 191 220 261 307 347
347 261
261 78
78 220
220 307
307 23
23 66
66 191
191 89
508 573 610 649 769 771 54 75 76 85 320 334
76 85
85 334
334 54
54 320
320 75
75 508
508 610
610 771
771 769
769 649
649 573
342 399 510 511 514 566 591 629 640 694 43 136 167 208
629 591
591 342
342 510
510 566
566 514
514 694
694 399
399 511
511 640
640 43
43 136
136 167
167 208
263 403 412
403 263
263 412
441 519 586 595 633 669 684 729 794 73 106 165 180 241 266 321 377 564 587 651 713 735 768 780 42 94
180 241
241 735
735 266
266 377
377 73
73 165
165 713
713 106
106 321
321 564
564 587
587 768
768 780
780 651
651 42
42 94
94 519
519 441
441 729
729 595
595 794
794 669
669 633
633 684
684 586
153 211 286 311 358 362 366 410 484 504 509
311 286
286 410
410 153
153 509
509 366
366 362
362 211
211 484
484 358
358 504
664 710 173 183 227 242 364 371 388 474
183 388
388 227
227 173
173 371
371 474
474 364
364 242
242 710
710 664
491 563 604 716 734 751 766 143 161 203 224 326 335 416 417 521 540 660 738 765 787 64 93 97 104 212 218 299 329 470
491 604
604 734
734 751
751 563
563 716
716 766
766 104
104 97
97 212
212 329
329 299
299 470
470 64
64 218
218 787
787 93
93 540
540 203
203 765
765 417
417 326
326 416
416 143
143 224
224 335
335 738
738 660
660 521
521 161
567 614 778 782 9 223 231 397 449 506 525 565 588 596 621 677 731
9 596
596 506
506 588
588 621
621 223
223 525
525 449
449 677
677 731
731 565
565 231
231 397
397 778
778 614
614 567
567 782
