!
316 383 360 376 
376 383
383 360
360 316
403 
168 
70 12 
12 70
297 780 100 50 730 33 467 390 110 356 418 492 290 480 507 258 495 68 626 96 594 537 48 
110 730
730 50
50 390
390 100
100 356
356 33
33 467
467 507
507 780
780 480
480 290
290 537
537 418
418 48
48 68
68 297
297 96
96 594
594 258
258 495
495 492
492 626
498 692 688 708 793 61 38 689 
688 692
692 793
793 689
689 498
498 708
708 61
61 38
393 712 99 706 52 671 761 398 87 
761 398
398 706
706 671
671 87
87 99
99 393
393 712
712 52
292 62 660 520 521 
292 62
62 521
521 660
660 520
525 7 787 
7 525
525 787
455 394 
394 455
387 108 719 619 249 18 162 364 788 
387 719
719 108
108 249
249 18
18 619
619 364
364 162
162 788
531 254 426 
426 531
531 254
651 236 
651 236
704 
635 124 215 304 494 121 232 134 
134 232
232 121
121 494
494 304
304 215
215 124
124 635
86 743 64 439 461 630 242 350 549 170 226 
226 549
549 170
170 350
350 242
242 630
630 64
64 743
743 439
439 461
461 86
470 
24 278 
278 24
527 668 
527 668
372 107 82 
82 372
372 107
354 628 
628 354
667 
556 252 601 
601 252
252 556
686 768 268 625 502 95 759 224 487 4 341 266 684 782 749 174 246 3 
4 487
487 224
224 759
759 502
502 95
95 625
625 268
268 768
768 686
686 341
341 246
246 174
174 3
3 266
266 782
782 684
684 749
422 182 738 
738 422
422 182
312 721 178 687 645 530 118 140 150 593 
140 118
118 530
530 150
150 645
645 721
721 593
593 687
687 312
312 178
701 85 91 169 441 683 
85 169
169 91
91 701
701 441
441 683
575 276 
575 276
732 468 318 344 424 578 586 231 653 
318 231
231 424
424 344
344 586
586 578
578 653
653 468
468 732
201 346 
346 201
237 
633 105 522 198 
198 522
522 105
105 633
171 510 
510 171
245 680 785 
785 680
680 245
127 
325 734 244 699 757 76 707 
325 734
734 244
244 699
699 707
707 757
757 76
604 631 744 
604 631
631 744
109 796 
109 796
392 367 353 590 421 222 260 435 397 642 
642 397
397 435
435 260
260 222
222 353
353 392
392 367
367 421
421 590
440 554 718 351 19 
19 351
351 718
718 554
554 440
333 
559 155 
155 559
466 413 599 212 327 384 
212 466
466 413
413 599
599 327
327 384
638 202 406 720 
720 638
638 202
202 406
632 624 259 142 
624 632
632 259
259 142
790 
451 478 371 569 773 72 
72 773
773 371
371 478
478 569
569 451
386 792 299 755 714 355 30 614 209 499 122 568 747 404 519 273 417 589 257 225 239 324 
257 239
239 589
589 386
386 417
417 519
519 273
273 404
404 792
792 225
225 614
614 755
755 299
299 30
30 714
714 209
209 324
324 499
499 122
122 355
355 568
568 747
152 736 47 400 423 690 34 149 610 607 
34 690
690 400
400 149
149 610
610 47
47 736
736 607
607 152
152 423
1 401 13 298 
401 1
1 13
13 298
115 
678 697 114 208 123 
678 697
697 114
114 208
208 123
407 758 540 695 770 576 646 22 450 381 280 
540 758
758 407
407 695
695 770
770 646
646 576
576 22
22 450
450 381
381 280
218 640 
640 218
330 
799 27 
799 27
339 443 
339 443
433 
415 94 81 161 305 59 291 
415 94
94 81
81 161
161 291
291 305
305 59
343 
613 167 546 460 583 
460 613
613 167
167 546
546 583
479 28 235 659 153 217 
217 153
153 235
235 659
659 28
28 479
716 713 160 577 263 570 
160 713
713 716
716 577
577 263
263 570
794 545 46 
794 545
545 46
256 337 496 616 725 49 436 512 255 469 735 
512 735
735 436
436 469
469 49
49 725
725 255
255 616
616 496
496 256
256 337
139 
652 647 151 482 26 752 207 117 672 445 322 39 596 511 
652 117
117 647
647 151
151 207
207 482
482 752
752 26
26 672
672 511
511 596
596 322
322 39
39 445
702 
294 166 362 6 
6 294
294 166
166 362
177 783 223 551 425 187 564 287 279 700 650 
783 177
177 223
223 551
551 425
425 187
187 279
279 650
650 700
700 564
564 287
431 438 214 306 550 
438 214
214 431
431 306
306 550
60 430 402 
402 430
430 60
416 
253 449 580 784 23 366 584 77 731 
23 366
366 580
580 449
449 253
253 784
784 584
584 77
77 731
666 
55 
733 602 637 377 203 
733 203
203 602
602 377
377 637
144 
338 504 
504 338
347 509 190 271 715 463 488 311 349 779 681 57 585 286 58 437 513 766 11 
513 11
11 57
57 585
585 58
58 766
766 286
286 437
437 779
779 681
681 349
349 311
311 271
271 715
715 190
190 463
463 509
509 347
347 488
336 368 798 
368 336
336 798
41 
69 566 409 615 679 
69 566
566 409
409 615
615 679
179 188 101 382 444 29 698 219 193 285 600 320 326 552 456 303 673 233 113 51 528 775 
382 444
444 101
101 193
193 188
188 320
320 29
29 219
219 698
698 552
552 285
285 326
326 600
600 179
179 456
456 303
303 673
673 233
233 113
113 51
51 528
528 775
662 459 270 248 9 227 
227 9
9 248
248 662
662 270
270 459
609 206 503 454 192 
454 503
503 192
192 206
206 609
37 536 
37 536
634 
532 92 
532 92
75 574 197 32 655 592 741 194 321 474 691 789 408 328 205 
75 574
574 197
197 741
741 592
592 194
194 32
32 655
655 321
321 474
474 328
328 408
408 789
789 691
691 205
111 
130 
411 93 524 462 
411 93
93 524
524 462
442 313 251 677 529 717 191 14 740 786 
786 191
191 740
740 717
717 14
14 529
529 313
313 442
442 251
251 677
102 587 723 228 399 43 
102 587
587 723
723 228
228 399
399 43
644 370 477 547 175 156 335 119 272 670 
477 175
175 370
370 644
644 547
547 272
272 670
670 156
156 119
119 335
135 
126 572 379 380 310 342 
342 310
310 380
380 572
572 379
379 126
657 516 172 611 0 308 334 264 410 464 
264 334
334 308
308 410
410 464
464 0
0 611
611 172
172 516
516 657
465 211 471 31 579 
31 579
579 471
471 211
211 465
189 5 307 582 84 282 137 378 
137 378
378 282
282 84
84 582
582 307
307 5
5 189
553 
760 476 617 125 618 195 234 230 
230 618
618 234
234 125
125 195
195 617
617 760
760 476
295 472 
472 295
795 
523 746 120 
120 746
746 523
597 
112 
128 481 727 243 
128 481
481 727
727 243
665 289 165 517 453 183 25 
183 517
517 453
453 289
289 665
665 165
165 25
186 429 67 641 555 753 458 269 432 
641 186
186 67
67 429
429 555
555 269
269 458
458 753
753 432
16 
90 649 196 389 361 63 447 620 539 395 420 365 412 703 20 669 315 
395 539
539 620
620 196
196 63
63 447
447 361
361 389
389 649
649 90
90 420
420 412
412 365
365 703
703 669
669 20
20 315
331 56 428 
331 56
56 428
573 656 265 541 42 
42 541
541 265
265 656
656 573
658 542 36 281 
281 658
658 542
542 36
682 229 210 8 21 
682 229
229 210
210 21
21 8
676 359 475 493 674 163 661 65 
676 359
359 475
475 493
493 674
674 163
163 65
65 661
754 53 385 485 710 
710 485
485 385
385 53
53 754
612 694 489 
489 694
694 612
277 446 675 505 
505 675
675 277
277 446
173 557 778 184 448 
557 173
173 778
778 184
184 448
309 750 296 598 40 
40 598
598 750
750 309
309 296
781 526 737 
781 526
526 737
238 571 
571 238
17 176 
176 17
66 157 
157 66
180 764 302 104 54 538 200 591 
200 591
591 302
302 54
54 764
764 104
104 180
180 538
80 508 654 138 
138 654
654 80
80 508
89 216 622 
89 216
216 622
751 534 323 748 639 774 567 623 147 726 405 
774 639
639 567
567 748
748 623
623 751
751 534
534 323
323 405
405 726
726 147
685 317 729 
729 317
317 685
375 414 742 220 606 
742 414
414 220
220 375
375 606
722 483 373 274 247 
247 274
274 373
373 483
483 722
106 648 
648 106
777 581 643 500 588 776 388 283 762 501 769 
769 501
501 388
388 776
776 588
588 762
762 500
500 643
643 283
283 581
581 777
314 158 71 
314 71
71 158
369 
116 329 
329 116
204 213 514 765 
204 213
213 514
514 765
98 490 
490 98
131 250 767 10 
10 767
767 250
250 131
728 164 262 497 44 
728 164
164 497
497 262
262 44
83 391 
83 391
595 724 
724 595
288 560 
288 560
771 
241 136 284 374 434 705 518 603 457 427 763 548 561 293 
293 561
561 763
763 548
548 427
427 457
457 603
603 434
434 518
518 705
705 374
374 284
284 136
136 241
745 154 363 484 663 159 146 772 562 693 97 129 
693 562
562 745
745 772
772 154
154 484
484 363
363 663
663 146
146 159
159 97
97 129
396 
791 15 419 629 185 
185 15
15 791
791 419
419 629
74 45 491 696 
696 491
491 74
74 45
300 543 199 132 78 103 
199 543
543 78
78 132
132 103
103 300
544 73 621 345 332 357 756 
756 357
357 544
544 73
73 621
621 345
345 332
35 
2 348 261 
2 261
261 348
515 358 240 
358 515
515 240
605 
486 473 221 
486 473
473 221
711 301 797 506 
711 797
797 506
506 301
79 88 533 133 608 148 340 352 
352 133
133 533
533 608
608 340
340 148
148 79
79 88
535 141 267 563 275 
275 563
563 141
141 267
267 535
319 739 565 
319 565
565 739
709 181 636 
636 181
181 709
664 145 627 452 558 143 
664 145
145 452
452 143
143 627
627 558
