!
12 54 76 176 285 436 466 485 510 518 583 661 728
661 518
518 466
466 728
728 76
76 176
176 485
485 54
54 510
510 436
436 12
12 285
285 583
740 771 797 8 75 227
227 75
75 8
8 771
771 740
740 797
233 258 300 381 391 548 613 666 744 752 762 786 81 94 190 192 216 292 306 357 543 592 597 616 618
752 381
381 391
391 762
762 744
744 233
233 300
300 613
613 258
258 786
786 548
548 666
666 306
306 597
597 543
543 592
592 81
81 190
190 616
616 357
357 94
94 292
292 192
192 618
618 216
699 731 96
699 731
731 96
155 210 293 424
293 155
155 424
424 210
524 586 658 674 690 695
524 674
674 695
695 690
690 658
658 586
696 741 747 217 245 327 344 387 399 427 489 509 529 537 612 678 65 98 230 287 340 570
98 570
570 287
287 65
65 340
340 230
230 747
747 696
696 741
741 678
678 529
529 387
387 427
427 327
327 537
537 399
399 344
344 217
217 489
489 245
245 509
509 612
604 627 631 643 656 659 795 28
643 604
604 627
627 659
659 631
631 656
656 795
795 28
125 146 221 254 302 314 320 338
338 314
314 146
146 221
221 320
320 302
302 125
125 254
345 441 484 624 45
624 441
441 484
484 345
345 45
82 90
90 82
135
165 418 562 567
567 165
165 418
418 562
638 702 704 751 9 56 199 265
9 56
56 199
199 265
265 704
704 751
751 638
638 702
362 363 438 477 578 596 617 714 0 101 114 279 318 503
578 363
363 438
438 617
617 477
477 362
362 596
596 714
714 279
279 114
114 0
0 101
101 503
503 318
520 545 552 721 760 788 30
545 788
788 721
721 760
760 552
552 520
520 30
34
86 164 204 297 313 431
164 431
431 313
313 297
297 204
204 86
455 483 575
455 483
483 575
653 4 177 197 206
653 197
197 4
4 206
206 177
209 211 228 239 294 481 776
228 211
211 239
239 294
294 481
481 776
776 209
44 131 212 214 224 413 452 456 501
131 456
456 224
224 413
413 212
212 452
452 214
214 501
501 44
556 625 70 95 159 182 248
625 556
556 95
95 70
70 159
159 248
248 182
255 515 516
516 515
515 255
541 561 717 19 53
717 561
561 541
541 19
19 53
67 124 128 218 264 348 460 595 746
67 128
128 264
264 348
348 460
460 746
746 124
124 595
595 218
62 122 240 257 305
305 240
240 257
257 122
122 62
532 563 629 742 767 783 42 57 59
59 42
42 57
57 783
783 532
532 742
742 629
629 563
563 767
260 331 332 470 587 619 660 58 147
470 331
331 332
332 660
660 619
619 587
587 260
260 147
147 58
289 361
361 289
398 423 576 608 734 736 110 153 166 373 409 553
409 373
373 553
553 153
153 110
110 166
166 423
423 398
398 734
734 736
736 576
576 608
650 687 723 730 48 88 301
48 301
301 88
88 650
650 730
730 723
723 687
346 366 468 479 512 540 769 14
512 468
468 366
366 479
479 540
540 769
769 346
346 14
60 141
141 60
196 268 311 372 384 439 662
439 662
662 311
311 196
196 268
268 372
372 384
37
49 61 119 161 315 389 480 496 756
756 496
496 49
49 161
161 389
389 480
480 61
61 315
315 119
87 272
87 272
298
310 443 506 547 550
550 310
310 547
547 443
443 506
573 605
605 573
50 80 283
80 50
50 283
364 400 554 603 732 773 798 89 123 270 299 382 388 461
732 603
603 773
773 798
798 400
400 364
364 554
554 89
89 388
388 382
382 299
299 461
461 270
270 123
464 559 195 251
195 251
251 559
559 464
449 482 522 635 641 722 738 16 35 85 198 325 472 514 568 791 105 175
635 738
738 641
641 482
482 522
522 722
722 449
449 175
175 791
791 16
16 325
325 105
105 198
198 85
85 514
514 35
35 472
472 568
303 304 316 637 710 775 796 91 202 295 371 374 491 566 621 692 113 326
91 692
692 371
371 202
202 295
295 566
566 491
491 621
621 374
374 304
304 775
775 710
710 796
796 637
637 316
316 303
303 113
113 326
336 337 393 601 665 681 763 31 152 236 408 411 446 519 584 645 100 126 188 421 473
188 421
421 473
473 100
100 126
126 681
681 763
763 601
601 665
665 393
393 336
336 337
337 411
411 645
645 31
31 446
446 584
584 519
519 408
408 236
236 152
615
675 708 735
708 735
735 675
93 112 353 360 476 494 572 600 680 215 330 451 555 590 626 647 698 705 134 181 343 425 585 609
451 590
590 215
215 698
698 647
647 626
626 555
555 705
705 330
330 343
343 181
181 353
353 600
600 585
585 360
360 572
572 134
134 93
93 425
425 476
476 609
609 112
112 494
494 680
649 672 758 79 106 130 207 213 385 404 457 780 256 275 288 369 531 633 636 657 55 170 309 542
636 275
275 256
256 657
657 531
531 633
633 369
369 288
288 213
213 385
385 79
79 207
207 457
457 780
780 404
404 106
106 130
130 542
542 55
55 309
309 170
170 758
758 672
672 649
582 634 749 755 111 517 639 679 713
634 755
755 582
582 749
749 713
713 639
639 679
679 517
517 111
725 748 789 17 334 347 365 620 663 686 689 234 266 282 350
334 347
347 17
17 365
365 663
663 689
689 620
620 686
686 282
282 234
234 350
350 266
266 748
748 789
789 725
560 593
593 560
644 719 157
644 719
719 157
229 237 544 611
544 611
611 237
237 229
706 729 745 2 20 72 136 185 497
706 745
745 729
729 20
20 136
136 497
497 72
72 2
2 185
640 765 3 24
3 24
24 640
640 765
307 386 395 527 577 737 13 29
577 386
386 527
527 395
395 307
307 737
737 29
29 13
84 180 422 428 453 565 1 92 291 403
453 422
422 84
84 428
428 565
565 180
180 1
1 92
92 291
291 403
435 526 642 646 107 138 249 278 335 488
435 642
642 646
646 526
526 138
138 107
107 335
335 249
249 488
488 278
733 772 7
7 772
772 733
23 63 174 351 525 607 770 33 71 203 277 324 354 407 793
354 277
277 407
407 203
203 793
793 324
324 33
33 71
71 174
174 23
23 607
607 63
63 351
351 770
770 525
25
220 238 333 538 630 700 739
538 700
700 630
630 739
739 333
333 220
220 238
6 47 250 322 341 442 471 669 64 312 342 440 490 528
440 64
64 312
312 490
490 342
342 528
528 6
6 250
250 442
442 47
47 322
322 669
669 341
341 471
598 694 51 183 417 444 475 711 766 148 201 253 406 415 493 655
655 415
415 201
201 406
406 493
493 253
253 148
148 598
598 694
694 51
51 183
183 711
711 444
444 766
766 475
475 417
495 511 564
495 511
511 564
667 718 727 764 132 169 186 276 378 394 429 103 154 284
186 154
154 429
429 276
276 169
169 378
378 103
103 132
132 284
284 394
394 667
667 727
727 764
764 718
462 654
462 654
670
716 83 108 274 610 709 715 784 68 127 129 173 359
716 83
83 610
610 274
274 108
108 784
784 709
709 715
715 127
127 68
68 173
173 359
359 129
448 750
750 448
11 32 41 244 376 465 673
32 673
673 244
244 465
465 41
41 376
376 11
187 246 273 296
273 246
246 187
187 296
321 379
321 379
580 163 349
580 163
163 349
558 652 676 685 799 10 121 144 502 546 574
652 799
799 558
558 685
685 676
676 10
10 121
121 502
502 546
546 574
574 144
757 104 139 242 397 445 551 682 143 145 205 392 500 707 720
139 551
551 682
682 392
392 445
445 145
145 500
500 397
397 242
242 104
104 143
143 205
205 707
707 720
720 757
156 171 232 235 317 410 602 5 46 97 286 628 759 168
168 97
97 628
628 5
5 46
46 286
286 759
759 410
410 171
171 235
235 317
317 156
156 232
232 602
355
383 401
383 401
437 507 184 412 454 486 533 622 69 117
507 437
437 412
412 117
117 533
533 486
486 454
454 69
69 184
184 622
162 193
193 162
269 352 102 377 430 536 684 712 194 243 339
194 243
243 339
339 684
684 712
712 430
430 536
536 377
377 102
102 352
352 269
434 539 683 116 252 420 463 467
683 539
539 434
434 116
116 420
420 463
463 252
252 467
581 259 267
259 267
267 581
280 416 458
280 416
416 458
724 77 115 142 405 459
405 459
459 77
77 115
115 142
142 724
508 133 178 390 606
606 178
178 390
390 133
133 508
651 790
651 790
208 271 492 521 530 579 118 261 290 426 664 768
271 530
530 521
521 579
579 492
492 208
208 426
426 664
664 768
768 261
261 118
118 290
26 356 523 571 693 777 66
66 26
26 523
523 356
356 777
777 693
693 571
73 535 648 754 200 396 474 557 703 380 433
474 396
396 200
200 703
703 557
557 433
433 380
380 73
73 535
535 754
754 648
534 697 761 39 40 262 504 785 172 223 319 569 691 167 367 414 447 794 15 22 38 149 375 18 191 432 671 778 150 189
40 785
785 504
504 262
262 697
697 761
761 39
39 534
534 189
189 150
150 319
319 15
15 691
691 172
172 223
223 569
569 22
22 38
38 375
375 149
149 794
794 167
167 414
414 367
367 447
447 778
778 671
671 18
18 432
432 191
487 774 792 179 222 329 588 701 120 241 743 779 781 27 78 469 499 787 52 109 231 594
222 588
588 329
329 179
179 701
701 787
787 78
78 27
27 487
487 499
499 774
774 469
469 792
792 120
120 779
779 781
781 241
241 743
743 52
52 231
231 594
594 109
623 36 328 368
368 36
36 328
328 623
549 668
668 549
99 308
308 99
498 677 782 158
158 782
782 677
677 498
323 358 419 688 21 370 402 505 632
688 323
323 419
419 358
358 505
505 21
21 402
402 632
632 370
140 151 450 599 43 226 478 614 74 160 513 589 137 225 247 281 726 753 219 263 591
614 478
478 43
43 225
225 137
137 226
226 247
247 513
513 160
160 589
589 74
74 263
263 753
753 591
591 281
281 726
726 219
219 599
599 140
140 151
151 450
