!
80 97 333 341 362 407 440 442 513 550 553 646
333 553
553 550
550 513
513 442
442 97
97 407
407 341
341 646
646 440
440 362
362 80
695
722 741 781 783 14 68 110 113 218 257 353 384 390 395 487 523 541 570 632 674 683 52 62 74 140
52 62
62 74
74 140
140 110
110 353
353 570
570 683
683 523
523 257
257 487
487 395
395 68
68 632
632 218
218 113
113 390
390 674
674 384
384 541
541 14
14 722
722 741
741 783
783 781
144
160 261 286 329 349 371 423 527 599 703
286 703
703 160
160 329
329 261
261 527
527 349
349 423
423 371
371 599
766 63 66
766 66
66 63
70 81 85 121 219 330 340
340 121
121 219
219 330
330 81
81 70
70 85
383 406 427 480 565 736 775 26 37 176
775 383
383 427
427 565
565 736
736 480
480 406
406 176
176 37
37 26
230 298 309 363 367 374 449 457 556 635 642 718
556 635
635 309
309 449
449 374
374 718
718 298
298 363
363 642
642 457
457 367
367 230
53 64 67 147 163 239 403 420 495 511 520 532
239 147
147 520
520 403
403 495
495 532
532 420
420 53
53 163
163 511
511 67
67 64
663 668 788 9 19 83 115 135 148 246 267
668 788
788 246
246 663
663 135
135 115
115 148
148 19
19 9
9 267
267 83
392 414 586 611 627 706 59
59 586
586 627
627 414
414 611
611 392
392 706
72 75 155 197 208 227 248 292 498 630 661 682 709 51 122 128 177 183 211 307 437 484 596 615 617 647 763 15
437 177
177 122
122 51
51 596
596 647
647 763
763 615
615 307
307 211
211 484
484 617
617 128
128 183
183 661
661 682
682 498
498 197
197 248
248 709
709 292
292 227
227 155
155 75
75 208
208 630
630 72
72 15
161 175 273
161 273
273 175
365 379 488 545
545 379
379 488
488 365
576 621 653 694 742 776 36 131 159 240 300 344 452 461 481
159 481
481 240
240 36
36 344
344 452
452 576
576 131
131 461
461 653
653 742
742 300
300 694
694 776
776 621
525 708
525 708
744 767 787 29 56 130 150 181 237 312 360 389 574 616 639 747 796 18 35
616 29
29 639
639 796
796 181
181 312
312 747
747 389
389 237
237 56
56 574
574 360
360 150
150 130
130 787
787 767
767 744
744 18
18 35
138 186 274 352 445 464 482 512 714 724 779 793 6 272 313 370 391 393 397 438 467 492 497 678
779 186
186 445
445 138
138 274
274 352
352 482
482 512
512 464
464 438
438 714
714 492
492 793
793 313
313 370
370 724
724 272
272 497
497 393
393 391
391 467
467 6
6 678
678 397
749 772 30 111 156 275 299 475 494 540 569 590 770 782 799
770 782
782 540
540 475
475 494
494 111
111 569
569 299
299 275
275 799
799 156
156 590
590 30
30 772
772 749
42 212 226
42 226
226 212
229
247 264 421 443 486 578 597 608 721 7 21 40 168 185 220 366 396 447 530 559 588 671 112 178
588 559
559 185
185 168
168 366
366 21
21 40
40 447
447 396
396 220
220 671
671 530
530 7
7 721
721 247
247 486
486 578
578 608
608 597
597 264
264 443
443 421
421 112
112 178
206 209 259 278 317 342 456
317 342
342 209
209 259
259 206
206 278
278 456
458 478 636 700 71 180 302 308 357 364 507 546 605
605 364
364 71
71 180
180 302
302 507
507 546
546 357
357 308
308 458
458 636
636 700
700 478
613 670
613 670
712 798 125 129 203 210
712 798
798 203
203 129
129 125
125 210
228 436 459 472 626 654 685 748
748 459
459 472
472 626
626 685
685 228
228 436
436 654
792 100 126 198 276 356
126 198
198 276
276 356
356 100
100 792
386 412 477 503 579
412 477
477 579
579 386
386 503
679 696 731 28 46 106
106 28
28 46
46 731
731 679
679 696
263 314 336 381 454 491 563 638 761 27 119 190 258 311 409 577 657 704
761 381
381 563
563 454
454 491
491 638
638 314
314 263
263 336
336 657
657 258
258 119
119 704
704 311
311 190
190 409
409 577
577 27
740 764 790 23 82 154
23 154
154 82
82 740
740 764
764 790
205 260 282 301 380
380 301
301 260
260 205
205 282
398 505 524 561 93 171 179 215 251 310 401 473 528 535 664 726 134 234 306 351 446 536 568 719 745 750
446 750
750 719
719 536
536 745
745 306
306 234
234 568
568 351
351 134
134 524
524 398
398 505
505 561
561 401
401 528
528 664
664 251
251 473
473 93
93 726
726 215
215 179
179 171
171 310
310 535
756 771 4 132 266 331 332 388 428 471 474 539 705 707 96 98 194 338 394 548 591
388 331
331 471
471 428
428 332
332 705
705 266
266 707
707 474
474 4
4 132
132 539
539 98
98 96
96 548
548 394
394 756
756 338
338 591
591 194
194 771
620 631 643 650 693 142 165
693 631
631 650
650 620
620 643
643 165
165 142
166 170 242 372 377 468 531 606
242 468
468 166
166 377
377 170
170 372
372 531
531 606
795
95 102 157 200 221 252 294 618
294 200
200 252
252 221
221 102
102 157
157 618
618 95
629 680 730 22 84 124 137 271 288 326 378 510 595 648 39 87 141 244 279 334 470 544 581 623 768 3 108 109 114 153 202 238 291 376 625 778 92 101
92 101
101 288
288 648
648 623
623 581
581 87
87 137
137 244
244 326
326 279
279 510
510 39
39 595
595 544
544 271
271 768
768 334
334 141
141 124
124 84
84 470
470 22
22 378
378 730
730 680
680 629
629 3
3 109
109 108
108 238
238 778
778 202
202 291
291 625
625 376
376 153
153 114
189 217 232 243 305 453 522 637 672 16 49 187 255 289 508 619 641 688 690 1 44 413 418 419 460 479 571 592
305 637
637 217
217 672
672 232
232 453
453 189
189 522
522 243
243 460
460 479
479 413
413 1
1 419
419 571
571 44
44 418
418 592
592 289
289 641
641 49
49 690
690 16
16 688
688 508
508 255
255 619
619 187
614 31 250 315 325 434 493 502 649 689 739 13 88 127 136 241 347 534 594 728 757 79 254
79 254
254 347
347 728
728 534
534 594
594 127
127 13
13 241
241 757
757 88
88 136
136 689
689 315
315 502
502 31
31 614
614 649
649 325
325 493
493 739
739 434
434 250
283 400 432 526 602
526 432
432 400
400 283
283 602
604 715 725 65 169 201 375 444 533 644 716 746 774 76
725 604
604 715
715 746
746 533
533 169
169 201
201 444
444 774
774 375
375 644
644 65
65 716
716 76
78 116 149 182
182 78
78 116
116 149
284 433 572 573 713 33 48 151 196
151 196
196 33
33 573
573 48
48 284
284 433
433 713
713 572
355 422 499 558 710 41 50 192 415 426 554
50 41
41 554
554 415
415 192
192 426
426 422
422 355
355 499
499 710
710 558
587
729 777 133 188 216 280 297 322 424 543 699 24 174
729 777
777 174
174 24
24 322
322 297
297 133
133 699
699 543
543 188
188 280
280 216
216 424
328 385 476 485 598 610 711 143
610 711
711 385
385 485
485 598
598 476
476 328
328 143
290 359 405 435
405 290
290 435
435 359
439 567 691 784 167 172 411 455 564 669 676 701 720 12 55 90 117
55 691
691 439
439 567
567 12
12 117
117 784
784 90
90 167
167 172
172 411
411 564
564 701
701 720
720 669
669 676
676 455
253 287 521 633 735 25 45 103 402 517 575 580 733 769 5 60 236
60 236
236 5
5 45
45 517
517 402
402 103
103 769
769 575
575 25
25 733
733 580
580 735
735 633
633 287
287 521
521 253
281 285 369
281 369
369 285
489 562 645 89 91 295 323 327 348
489 645
645 562
562 348
348 327
327 89
89 323
323 91
91 295
382 583 773 245 321 361 429 549 584 656 751 789 43 61 94 199 213 318 496 662 723 265 465 490 501 504 622
496 723
723 213
213 94
94 382
382 61
61 318
318 662
662 199
199 43
43 773
773 583
583 656
656 245
245 504
504 490
490 501
501 549
549 361
361 789
789 584
584 465
465 321
321 265
265 622
622 751
751 429
702 727 737 34 105 146 158 262 293 732 786 222 223 268 345 354 652 681 753 2
293 732
732 158
158 105
105 146
146 786
786 34
34 262
262 702
702 727
727 737
737 223
223 268
268 345
345 753
753 681
681 354
354 2
2 222
222 652
214 269 416 516 589 660 692 195 373 404
373 404
404 195
195 589
589 214
214 660
660 692
692 516
516 269
269 416
529 551 560 673 684 57 77 303 557 655 686 717 797 256 343 425 448 463 506
77 797
797 717
717 655
655 557
557 686
686 57
57 303
303 463
463 256
256 448
448 425
425 506
506 343
343 551
551 560
560 673
673 684
684 529
537 640 224
537 640
640 224
500 603
603 500
624 687 752 780 791 86 139 162
86 139
139 791
791 624
624 162
162 752
752 687
687 780
483 514 601 666 734 17 69
69 17
17 734
734 601
601 483
483 666
666 514
191 231 542 593 755 762 54 145 164 173 225 296 665
173 54
54 665
665 145
145 164
164 296
296 225
225 542
542 191
191 231
231 755
755 762
762 593
760 249
760 249
319 469 547 600 634 697 104 152 184
697 634
634 319
319 600
600 469
469 547
547 184
184 104
104 152
552 566 609 738 8 58
609 738
738 552
552 566
566 58
58 8
73 358 410 462 466 11 20 123 320 337
320 20
20 123
123 11
11 337
337 462
462 73
73 410
410 358
358 466
387 582 47 441 450 451 519 651
582 387
387 450
450 519
519 651
651 451
451 441
441 47
658 99 204 277 607 754 794 118 270 430 509 677 759 193 304 518 555 612
677 270
270 430
430 304
304 518
518 555
555 193
193 759
759 509
509 118
118 612
612 658
658 794
794 607
607 754
754 277
277 99
99 204
628 368
368 628
408 417 675 743
408 675
675 743
743 417
758 235 339 431 765 785
339 235
235 765
765 758
758 785
785 431
38
346 350 399 585 107
585 346
346 350
350 399
399 107
233 667 698
233 698
698 667
316 324 335 538 0 120 207 659
120 207
207 659
659 0
0 324
324 316
316 335
335 538
10 32 515
10 515
515 32
