!
241 261 422 528 575
241 575
575 528
528 422
422 261
704 717 734 26 53
26 53
53 717
717 734
734 704
148
276
496 635 670
635 670
670 496
132 205 248 316
316 205
205 248
248 132
565 589 614 123 164 273 358 430 644
565 589
589 614
614 358
358 273
273 164
164 430
430 123
123 644
669 43
669 43
80 96 122 296 332
332 122
122 296
296 80
80 96
453 0 23
0 23
23 453
83 495 713 720 771 142 214 230 277 748 749 784 11 119 206 330 583 607 756 111 131
142 214
214 784
784 277
277 713
713 83
83 720
720 495
495 230
230 771
771 748
748 749
749 330
330 206
206 607
607 756
756 583
583 11
11 119
119 111
111 131
169 578 588 673 185 262
185 262
262 673
673 169
169 578
578 588
281 309 445
309 281
281 445
455 236 362 485 502 584 705 15 231 256 440 625
256 15
15 440
440 625
625 231
231 455
455 236
236 362
362 485
485 584
584 705
705 502
659 129
129 659
473 712 733 747
712 473
473 747
747 733
768 39
768 39
165 186
165 186
322 384 788 176
176 322
322 788
788 384
415 443
415 443
592
595 676
595 676
278 402 426
426 278
278 402
454
774 790 118 258
118 258
258 790
790 774
291 382
382 291
472 694 157 238 299
299 238
238 157
157 472
472 694
327 522 172 247
522 327
327 172
172 247
437 514 658
658 514
514 437
182
251
468 566
566 468
759 12 54 587
759 12
12 587
587 54
665 731 75 353 685 702
731 665
665 75
75 685
685 353
353 702
742
343 406 462 646 761 35 200 538 582 627 19
406 462
462 646
646 761
761 343
343 200
200 538
538 627
627 582
582 35
35 19
58 209 311 677 215 224 345
224 215
215 345
345 677
677 209
209 58
58 311
530 738 63 320
63 320
320 738
738 530
441 547
547 441
594 210 355 429 483 558 71
210 429
429 355
355 558
558 483
483 594
594 71
401 548 572 782 143 328 516
548 572
572 782
782 401
401 516
516 328
328 143
690 780 115 124 141 275
275 115
115 124
124 141
141 780
780 690
469
45 174 272
174 272
272 45
305 730
305 730
114 212 365
365 114
114 212
596 700 161 191 661 667 722 144 351 425 451 526 1
700 596
596 425
425 144
144 526
526 451
451 351
351 161
161 191
191 722
722 661
661 667
667 1
213
551 573
573 551
641 285
285 641
290 298 486 785 192 435
192 435
435 486
486 290
290 298
298 785
585 602 609 267 297 446 461 591 67 335 383 493
609 602
602 585
585 461
461 591
591 446
446 267
267 297
297 383
383 335
335 67
67 493
726 121 539 552 620 666
539 121
121 666
666 552
552 620
620 726
146 246 263 310 653 50 135 183 553 571 37
37 50
50 571
571 183
183 135
135 553
553 146
146 653
653 246
246 263
263 310
323 683 728 758 233 580 613 645
645 580
580 613
613 233
233 758
758 683
683 728
728 323
781
391 449 634 651 778 360 399
399 360
360 651
651 391
391 449
449 634
634 778
636 637
637 636
760 74 113 467
467 113
113 74
74 760
475 603
475 603
60
318
395
679 766 55 308 312
312 308
308 55
55 766
766 679
370
628 7 255
628 7
7 255
329 389
329 389
450 44
44 450
550 638 639
638 550
550 639
680 41
680 41
235 660 699 750
235 750
750 699
699 660
173 300 377 424
300 173
173 377
377 424
663
160 188 324 375
375 160
160 324
324 188
72 348 419
72 419
419 348
561
42 102 187
42 102
102 187
414 508 586 783 787
414 586
586 508
508 783
783 787
73 120 543 577
543 120
120 577
577 73
9
321 432
321 432
608 88
88 608
112 181 520
181 112
112 520
5 289 413 569 3 428 755 763 27
3 569
569 428
428 5
5 763
763 755
755 413
413 289
289 27
466
574
767 204
204 767
474 597
474 597
674
24 286 492
286 24
24 492
568
544
563 698 741
741 563
563 698
78
87 109 745 194
745 109
109 87
87 194
269 274
269 274
344
14 394 656 688 108 150 283 361
150 283
283 108
108 361
361 688
688 394
394 656
656 14
17 198 354
354 17
17 198
739 86 390 692 796 197 397
397 197
197 739
739 86
86 796
796 390
390 692
459 617
459 617
13 240 605 792 219 242 392 799
605 240
240 792
792 13
13 242
242 219
219 799
799 392
180
476
500 579 28 501 527 535 239 271 458 533
501 28
28 527
527 535
535 458
458 533
533 271
271 239
239 579
579 500
521 652 715 789
521 652
652 789
789 715
220
600 650
650 600
693
126
179
202
380 226 260 303 721 264
226 721
721 303
303 260
260 380
380 264
341 714
714 341
723 91 211
91 211
211 723
525 757 34
34 757
757 525
270 374 770
374 270
270 770
64 116
116 64
307 649 22 110
649 307
307 110
110 22
612
737 30 106
737 30
30 106
407 684 61 95
95 61
61 407
407 684
265
379 207 225 470
470 207
207 225
225 379
506
107 244
107 244
400
452 319
452 319
372 523 629 282 708 709
709 708
708 282
282 372
372 523
523 629
729 127
127 729
388 409
409 388
480
208 317 447
208 317
317 447
769
49 136 371 623
49 136
136 623
623 371
302 337
337 302
420 675
420 675
77
404
567
689
155 193 507 776
193 776
776 507
507 155
436 490 564 686 38 284
436 564
564 490
490 686
686 284
284 38
716
66 350
66 350
471
92
100
576 199 642
576 199
199 642
657 342 524 654 166 218 655 56
657 655
655 218
218 166
166 56
56 654
654 524
524 342
134 648 615 671 754 393 434 640 2 237 732 147 359 411
2 237
237 411
411 732
732 434
434 393
393 640
640 147
147 359
359 648
648 134
134 615
615 671
671 754
137
368 499
368 499
69
456 697 57
57 456
456 697
140 301 184 234 333 396
301 140
140 184
184 234
234 333
333 396
559 762 412 510 798 439 618 678 465 497
497 465
465 618
618 439
439 678
678 510
510 412
412 798
798 762
762 559
511 386 491 619 90 201 517 257
511 257
257 386
386 619
619 491
491 90
90 517
517 201
369 707 130 252 777 223 581
581 223
223 369
369 707
707 777
777 130
130 252
624 48 159 336 203
624 48
48 159
159 336
336 203
448
706 417 512 764 4
764 512
512 417
417 4
4 706
195
482
326 622 746 177 338
338 177
177 622
622 746
746 326
433 32
32 433
555 570 175 410 484
555 570
570 484
484 175
175 410
416 488 691 31 79 457
416 691
691 488
488 79
79 31
31 457
403 725 765 158 367 786 59 217 387 149 259
765 403
403 725
725 387
387 217
217 59
59 149
149 259
259 786
786 367
367 158
537 94 487 529 47
47 537
537 529
529 487
487 94
356 513
513 356
347 536 696 65 381
65 381
381 696
696 536
536 347
421 52 418
421 52
52 418
643
295 687
295 687
724 145 268 315 46 167 196 51 632
145 632
632 268
268 315
315 51
51 196
196 46
46 167
167 724
775
464 647 795
647 795
795 464
168 498
168 498
515
81 376 668
376 81
81 668
21
154
398 6 772 794 8
794 772
772 6
6 398
398 8
151
156
99 681 751 163
163 99
99 751
751 681
346
357 229 249 254 29 364
249 254
254 229
229 364
364 29
29 357
463 20
463 20
103 616 478
478 103
103 616
735 753 117 599 604 89 373 779
89 753
753 735
735 779
779 373
373 599
599 117
117 604
82
339
743
10 216 554 352 460 740 128 494
494 128
128 10
10 554
554 216
216 740
740 460
460 352
662 97
662 97
325 773 70
70 325
325 773
479 481 101 133
133 101
101 481
481 479
138 477 505
138 477
477 505
153 752 631
153 752
752 631
711 542 611
711 542
542 611
105 227
227 105
84 560
84 560
152 601 16 610
152 601
601 610
610 16
442
598 314 672 93 719
314 672
672 719
719 93
93 598
541
557 98
557 98
250
68 793
68 793
378 540 232 349 630 744 703 718 221
221 718
718 703
703 744
744 630
630 349
349 232
232 378
378 540
534 222
534 222
279 504
279 504
606
40 125 162 797
125 40
40 797
797 162
178
626 532
626 532
736 76 701 62 664 304 695
76 701
701 695
695 304
304 664
664 62
62 736
139 280
139 280
36 444 427 682 503
444 36
36 427
427 682
682 503
710 331 385 518 546 245
245 518
518 546
546 331
331 385
385 710
562
33 228 288 633 190 519 306
190 519
519 633
633 288
288 33
33 228
228 306
590 438
438 590
531 340 621 170 556 431 545
531 556
556 170
170 340
340 621
621 545
545 431
334
791 287 313 489
489 791
791 313
313 287
727 363 549 266 366 243 405 293 253 423
423 243
243 253
253 293
293 549
549 363
363 405
405 266
266 366
366 727
85 292
85 292
171 593 189 25 509 18
189 171
171 18
18 593
593 25
25 509
294 104
104 294
408
