!
113
174 257
257 174
324 445 446 466 551
466 551
551 324
324 445
445 446
583
12 38 146 364 381 398 646 665 678 68 90 164 217 238 254 481 655 660
217 238
238 68
68 655
655 90
90 660
660 164
164 254
254 481
481 646
646 665
665 146
146 38
38 398
398 364
364 678
678 12
12 381
46 76 81
81 76
76 46
279 476
476 279
545 767
545 767
772
80
120 273 335
335 273
273 120
417 600 722 775 42 157 200 320
320 157
157 200
200 42
42 775
775 417
417 600
600 722
430 562 675 739 104 219
675 739
739 562
562 430
430 104
104 219
267
294 328 404 626 645 303
303 294
294 626
626 645
645 404
404 328
318 375 377 399 529 604
399 375
375 318
318 604
604 529
529 377
627 109 292
627 292
292 109
310 339 351 396 482 724 31
31 396
396 482
482 310
310 351
351 339
339 724
53 244 522 538 542
244 538
538 542
542 53
53 522
677 751
751 677
27
60 286 372 427
286 60
60 427
427 372
461 651 764
461 764
764 651
187 361 590
361 590
590 187
613 615 754 762 5 88 133 434 460 614 633
5 633
633 614
614 133
133 434
434 88
88 615
615 613
613 460
460 754
754 762
103 145
145 103
322 525 706 719
706 525
525 322
322 719
738 7
738 7
91 148 397 463 523 695 36 331 374 571 668 683 712 56
56 683
683 36
36 712
712 331
331 571
571 374
374 668
668 91
91 397
397 523
523 695
695 148
148 463
79 173 313 321 409 471 13 101
409 313
313 321
321 173
173 471
471 79
79 101
101 13
177 211 453 561 748 57 72 227 507 548 599 794 15 108 126 213
227 507
507 548
548 57
57 794
794 72
72 599
599 213
213 15
15 126
126 108
108 177
177 561
561 453
453 211
211 748
263 327 679 93 135 183
679 327
327 263
263 93
93 183
183 135
390
595 670 784
595 670
670 784
19 329 344 391 540 673
329 344
344 19
19 673
673 391
391 540
681 360 458 477 644 709 757 782
681 644
644 782
782 360
360 757
757 458
458 709
709 477
119
280 495
280 495
573 579 736 121 198 271 574 740 788 99
271 198
198 736
736 121
121 740
740 579
579 573
573 788
788 574
574 99
137
161 179 663 704 94 189 225 423 518
518 189
189 423
423 179
179 94
94 663
663 161
161 704
704 225
563 65 141 144 565
563 565
565 65
65 144
144 141
708 714 2 128 610 640 777
777 610
610 128
128 640
640 2
2 708
708 714
779 0 39 191 246 269 666
246 0
0 39
39 269
269 191
191 666
666 779
9
186 209 401 511 685 21 83 242 489 656
656 83
83 489
489 242
242 21
21 209
209 401
401 511
511 186
186 685
768 169 229 296 370
768 169
169 370
370 229
229 296
433 629 29 358 465 473 497
629 433
433 473
473 465
465 497
497 29
29 358
601 75 77 125 359 502
75 359
359 77
77 125
125 502
502 601
521
252 268 420 506 533 635 118 170 180 239 291
635 533
533 420
420 268
268 506
506 252
252 118
118 239
239 180
180 291
291 170
456 547
456 547
552 556 582 691 797 59 194 312 371 373 643 184 386 419 488 532 606 23 107
643 371
371 373
373 194
194 312
312 59
59 386
386 488
488 606
606 184
184 532
532 419
419 107
107 552
552 23
23 582
582 556
556 797
797 691
114 577 718 737 236 333 388 515 585
515 236
236 333
333 585
585 388
388 114
114 577
577 737
737 718
766 168 233 283 534
233 534
534 283
283 168
168 766
717
787 163 272 277
787 163
163 272
272 277
357 405 503 253 259 442 539 587 658 17 110 192 261
503 357
357 405
405 259
259 442
442 658
658 539
539 587
587 253
253 192
192 17
17 261
261 110
394 785 82 147 379 384 421 524 111 159 178 196 369 727 10 182 207 393 676 798 129 223 282
196 178
178 111
111 159
159 369
369 147
147 727
727 82
82 379
379 421
421 524
524 384
384 282
282 129
129 223
223 182
182 10
10 207
207 798
798 393
393 676
676 394
394 785
337 624 707
707 337
337 624
134 139 166 226 464 648 330 492 496 499 632 694 305 376 400 450
166 648
648 226
226 464
464 139
139 134
134 400
400 632
632 376
376 305
305 450
450 496
496 330
330 492
492 499
499 694
504 531 201 382 553
531 382
382 201
201 504
504 553
581 602 639
581 639
639 602
48 347 484 569 791
484 347
347 791
791 569
569 48
204 342 350 437 620 348 402 580
580 402
402 348
348 342
342 350
350 620
620 437
437 204
588 750 4 85 122 535 669 63
750 63
63 588
588 535
535 4
4 122
122 669
669 85
171 578
578 171
711 716
711 716
32 165 566 619 662 152 383 412
566 619
619 662
662 165
165 32
32 383
383 412
412 152
621 753 368
621 753
753 368
617
630 697 796 20 124
20 124
124 796
796 630
630 697
228 436 557 140 215 470
557 228
228 436
436 215
215 140
140 470
558 568
558 568
197 255 447 638 688 26 251 425 700 765
688 255
255 197
197 638
638 447
447 765
765 425
425 251
251 26
26 700
300 468 554 572 659 188 657 721
188 721
721 300
300 657
657 468
468 659
659 572
572 554
742 789 41 175 598 641 690 89 440
789 742
742 41
41 598
598 690
690 641
641 175
175 440
440 89
705 725 778 49 58
49 58
58 778
778 725
725 705
155 486
155 486
799 367 414 512 555 612 1
1 799
799 612
612 555
555 414
414 512
512 367
14 245 307 444
14 307
307 245
245 444
30
216 264 309
216 264
264 309
654 142
142 654
195 428 526 536 138 315
315 138
138 526
526 428
428 536
536 195
618
672
715
205
363 508 603 761
761 508
508 363
363 603
237 479 589 756 780 11 70 355
237 756
756 780
780 479
479 589
589 11
11 70
70 355
490 491 51
490 491
491 51
127 248
248 127
527 686 378 422 424 478 593 123 154 308 570 730 86 132 340 746 774 176 258
132 340
340 86
86 746
746 774
774 422
422 478
478 593
593 378
378 424
424 308
308 570
570 123
123 154
154 730
730 176
176 258
258 527
527 686
297 510
297 510
731 37 66 235 304 432
66 235
235 37
37 432
432 304
304 731
67
206 406 435 631 241
206 406
406 631
631 435
435 241
295
431 449 584
584 431
431 449
232 494 528 713 723
723 232
232 494
494 713
713 528
96 116 353 728 781 3 153 487 605 650 74
3 650
650 153
153 487
487 605
605 74
74 353
353 728
728 781
781 96
96 116
262
664 682
682 664
770 25 181 345 591 636 389 537 559 734 143 250 323 607 274
770 181
181 25
25 636
636 345
345 591
591 274
274 559
559 389
389 537
537 734
734 323
323 607
607 143
143 250
451
500 763 34 55 325 667 240 266
325 55
55 667
667 34
34 763
763 500
500 240
240 266
530 575 172
172 575
575 530
455
462
516 40
516 40
224 341 410
410 341
341 224
8 151
8 151
275 760 64 112 214 550
112 550
550 64
64 214
214 275
275 760
117 202 311 698
698 117
117 202
202 311
87 231 278 334 24 136 354 622 387
24 136
136 622
622 354
354 231
231 278
278 87
87 334
334 387
441 611
611 441
628 28 302 426 448 234 505
234 505
505 628
628 28
28 426
426 448
448 302
720 776 84 158 411 790 546
776 720
720 546
546 411
411 84
84 158
158 790
549
576 625 50
50 576
576 625
69 193 415
193 415
415 69
281 290 616 680 16 221 543 703
16 703
703 543
543 221
221 281
281 290
290 680
680 616
92 642
642 92
696 773 44
44 773
773 696
443
541 560
560 541
98 102 352
352 98
98 102
752 210 319 454 689 459 701 702 744 97 167 346
167 97
97 346
346 701
701 702
702 459
459 744
744 752
752 319
319 454
454 210
210 689
743 18 185
743 185
185 18
270
513 260 326 564
564 260
260 326
326 513
608 298 671
608 298
298 671
692
771
208 212
208 212
594 793 105 416 596 699 6 35 472 586 190 356 408 786 218
699 416
416 793
793 105
105 596
596 594
594 356
356 786
786 190
190 408
408 6
6 218
218 586
586 35
35 472
407 597 637 33 73 106 395 71 438 684 769 203
203 769
769 395
395 684
684 106
106 71
71 33
33 73
73 438
438 407
407 597
597 637
287 467 634 243
287 634
634 467
467 243
623 653
623 653
795
149 317 392
149 317
317 392
403 52
403 52
222 343
222 343
366 380 475 729 54 100 674 156 199 544 150 452
674 54
54 100
100 544
544 156
156 199
199 729
729 380
380 475
475 366
366 150
150 452
493
301 733 749 131 385 567 336
567 131
131 385
385 733
733 301
301 749
749 336
439
592 95 220 741 480 501
592 741
741 480
480 95
95 220
220 501
652
22 519
519 22
687 47 162 276 249 265 485 284 469 783 483
284 469
469 783
783 485
485 483
483 249
249 265
265 162
162 276
276 47
47 687
726 758
726 758
62 365 732 43 45 230 78 517 755
78 755
755 517
517 43
43 45
45 230
230 62
62 365
365 732
314 498 735 256 338 413
338 413
413 256
256 735
735 314
314 498
429 693 792 285 332 349 61
61 332
332 349
349 285
285 792
792 429
429 693
160 457 130 306 418 474 509 745
160 457
457 745
745 509
509 474
474 418
418 130
130 306
293
299
247
520 115
520 115
289
514 710 288 661 316 647 649 747
288 661
661 316
316 647
647 710
710 514
514 649
649 747
362 759
759 362
609
