!
187 
784 
8 99 571 
8 99
99 571
246 305 209 
209 305
305 246
278 324 
324 278
327 
538 328 
328 538
441 177 251 742 245 663 116 189 614 
116 245
245 189
189 663
663 614
614 742
742 177
177 441
441 251
93 
646 157 
157 646
782 426 174 322 425 664 569 6 123 279 
279 6
6 123
123 569
569 425
425 664
664 322
322 782
782 426
426 174
330 182 290 733 385 548 84 53 556 
556 53
53 84
84 182
182 548
548 330
330 385
385 290
290 733
471 191 687 515 42 472 677 567 296 583 438 288 541 121 293 312 
677 567
567 438
438 583
583 296
296 472
472 42
42 515
515 471
471 687
687 191
191 121
121 288
288 293
293 541
541 312
735 23 767 247 644 148 531 320 
23 735
735 767
767 247
247 531
531 148
148 644
644 320
507 640 46 216 
216 507
507 640
640 46
693 457 49 685 201 66 
49 457
457 685
685 66
66 693
693 201
654 653 549 292 
654 653
653 549
549 292
705 647 563 779 160 
705 647
647 563
563 160
160 779
77 
26 61 480 354 259 73 618 
61 354
354 480
480 26
26 618
618 259
259 73
783 
243 734 689 608 505 20 619 57 675 
57 619
619 20
20 505
505 675
675 689
689 608
608 243
243 734
431 
435 198 249 17 373 365 295 194 186 528 
435 295
295 198
198 373
373 249
249 365
365 17
17 528
528 194
194 186
553 419 
419 553
694 265 232 621 91 129 730 728 36 458 28 
28 458
458 36
36 728
728 91
91 265
265 694
694 621
621 129
129 232
232 730
21 466 724 33 289 703 613 
466 21
21 33
33 724
724 289
289 703
703 613
691 418 714 205 332 162 369 798 501 776 
205 418
418 691
691 332
332 714
714 369
369 162
162 798
798 501
501 776
317 635 50 323 137 346 605 90 506 169 370 610 
610 370
370 169
169 317
317 506
506 90
90 50
50 635
635 605
605 346
346 323
323 137
207 442 429 
429 207
207 442
764 355 96 596 729 345 359 376 529 
596 355
355 764
764 96
96 729
729 345
345 529
529 376
376 359
29 450 
450 29
589 5 720 422 273 
5 589
589 422
422 273
273 720
759 326 709 158 43 340 766 32 348 120 594 291 485 276 334 754 746 408 774 717 722 598 68 725 274 
759 408
408 746
746 326
326 43
43 709
709 158
158 340
340 766
766 334
334 485
485 594
594 276
276 32
32 348
348 291
291 120
120 598
598 722
722 774
774 717
717 754
754 68
68 725
725 274
738 272 170 526 772 325 146 64 360 763 372 
146 325
325 64
64 772
772 170
170 738
738 272
272 526
526 360
360 763
763 372
240 595 651 
240 595
595 651
0 218 254 230 200 487 
200 487
487 0
0 218
218 254
254 230
223 745 634 294 633 447 437 130 778 599 672 368 
447 633
633 294
294 634
634 223
223 437
437 745
745 599
599 130
130 778
778 672
672 368
710 537 
710 537
269 248 508 576 9 381 527 462 86 54 
54 86
86 462
462 269
269 248
248 508
508 527
527 576
576 381
381 9
632 
786 7 
7 786
34 285 770 711 591 
591 711
711 770
770 285
285 34
777 652 519 
519 777
777 652
135 22 178 214 
178 214
214 135
135 22
566 316 2 315 321 736 154 470 171 436 257 443 535 525 227 751 602 
315 2
2 566
566 316
316 470
470 736
736 321
321 154
154 171
171 436
436 525
525 257
257 602
602 751
751 443
443 227
227 535
161 592 196 303 452 384 573 588 761 1 30 532 509 476 122 600 281 453 757 665 483 58 572 478 403 363 127 668 713 719 229 552 397 311 494 
58 476
476 509
509 483
483 532
532 713
713 30
30 588
588 573
573 452
452 229
229 668
668 761
761 1
1 161
161 719
719 127
127 384
384 592
592 303
303 196
196 552
552 397
397 311
311 122
122 494
494 600
600 281
281 453
453 757
757 665
665 403
403 572
572 478
478 363
302 
119 141 612 503 159 752 102 702 242 440 284 597 176 521 378 546 
119 612
612 141
141 503
503 159
159 752
752 102
102 242
242 702
702 284
284 440
440 597
597 176
176 546
546 521
521 378
698 545 147 241 554 239 211 
241 554
554 239
239 211
211 545
545 698
698 147
662 793 
662 793
648 540 551 
648 540
540 551
439 739 416 337 
337 439
439 739
739 416
421 451 184 
421 184
184 451
213 560 
560 213
190 164 413 4 
4 164
164 413
413 190
280 377 449 144 379 108 444 420 52 336 212 81 167 655 
81 377
377 655
655 444
444 212
212 336
336 449
449 52
52 420
420 280
280 144
144 167
167 108
108 379
208 15 726 456 
208 15
15 726
726 456
193 
124 562 47 
124 562
562 47
128 231 394 616 
616 394
394 231
231 128
575 417 45 534 650 785 347 358 
358 347
347 785
785 45
45 417
417 575
575 534
534 650
151 41 706 692 364 
151 41
41 706
706 692
692 364
103 587 
587 103
627 353 581 
581 353
353 627
670 110 83 55 261 268 62 468 568 13 481 24 361 138 
361 24
24 481
481 13
13 468
468 568
568 62
62 670
670 110
110 268
268 83
83 55
55 261
261 138
544 625 300 743 628 
544 625
625 300
300 628
628 743
688 107 539 131 445 732 271 139 
139 271
271 445
445 131
131 732
732 107
107 539
539 688
530 
98 414 
98 414
474 666 11 477 791 118 44 313 106 115 331 405 641 97 524 731 696 70 399 489 493 
666 524
524 474
474 696
696 731
731 97
97 489
489 70
70 313
313 331
331 405
405 399
399 11
11 641
641 477
477 118
118 106
106 115
115 44
44 791
791 493
585 85 
585 85
716 690 516 574 270 329 748 797 434 343 607 319 469 
469 319
319 270
270 748
748 574
574 329
329 516
516 797
797 716
716 690
690 343
343 607
607 434
59 
258 217 253 637 210 256 795 393 624 707 794 488 203 750 27 780 407 400 765 357 463 56 582 715 10 658 756 482 749 78 
750 210
210 357
357 765
765 795
795 780
780 637
637 256
256 407
407 393
393 27
27 624
624 749
749 707
707 203
203 482
482 78
78 400
400 794
794 253
253 756
756 463
463 258
258 217
217 488
488 56
56 715
715 10
10 582
582 658
192 133 636 386 
636 386
386 133
133 192
446 
71 517 723 
517 71
71 723
219 623 275 
219 623
623 275
197 660 67 114 150 367 586 455 700 758 557 204 16 753 149 550 514 88 237 12 433 404 391 479 792 570 
204 586
586 455
455 67
67 660
660 197
197 114
114 367
367 150
150 16
16 550
550 753
753 700
700 149
149 557
557 514
514 758
758 88
88 237
237 792
792 12
12 433
433 479
479 391
391 404
404 570
234 
492 266 112 579 
492 112
112 266
266 579
221 314 580 
221 580
580 314
297 
678 
155 406 233 
233 406
406 155
172 228 318 89 87 277 799 643 
643 89
89 87
87 318
318 277
277 228
228 172
172 799
669 564 543 681 181 497 430 51 40 342 502 299 195 349 464 
464 349
349 669
669 40
40 502
502 564
564 342
342 543
543 497
497 681
681 299
299 181
181 51
51 430
430 195
593 461 684 307 578 
684 461
461 593
593 307
307 578
117 547 206 496 558 308 
496 558
558 206
206 308
308 547
547 117
304 267 789 
789 267
267 304
484 236 708 351 642 454 
351 236
236 484
484 708
708 642
642 454
298 255 609 704 395 74 287 427 661 222 235 590 683 630 645 152 411 659 72 260 626 100 92 173 104 565 679 262 649 80 415 380 264 352 584 656 423 741 383 631 
74 287
287 395
395 100
100 92
92 626
626 260
260 704
704 255
255 565
565 298
298 262
262 679
679 609
609 104
104 659
659 649
649 411
411 72
72 427
427 80
80 173
173 661
661 645
645 415
415 152
152 380
380 584
584 264
264 222
222 352
352 235
235 656
656 590
590 423
423 741
741 683
683 630
630 383
383 631
82 
787 37 145 465 392 79 175 
465 392
392 145
145 787
787 37
37 79
79 175
301 768 512 225 153 
225 768
768 512
512 301
301 153
577 94 166 620 
94 577
577 620
620 166
387 338 
387 338
682 335 412 215 
412 215
215 335
335 682
168 382 63 760 126 680 
168 63
63 382
382 760
760 126
126 680
136 344 105 39 
105 136
136 344
344 39
244 410 389 737 475 657 366 371 339 611 25 781 401 132 490 
490 401
401 781
781 132
132 371
371 657
657 366
366 475
475 611
611 339
339 25
25 737
737 389
389 244
244 410
165 3 185 188 125 350 
125 188
188 185
185 350
350 165
165 3
19 701 747 362 226 
701 19
19 226
226 747
747 362
773 695 
773 695
513 606 
513 606
31 769 718 499 163 775 615 341 183 790 561 
790 183
183 341
341 775
775 561
561 163
163 615
615 31
31 769
769 718
718 499
500 101 638 771 38 375 
771 638
638 101
101 500
500 38
38 375
603 60 755 522 374 601 555 520 
603 60
60 755
755 374
374 522
522 601
601 520
520 555
518 333 
518 333
622 156 536 673 220 510 238 179 
179 238
238 220
220 510
510 156
156 622
622 673
673 536
388 432 224 762 639 674 75 
224 432
432 388
388 762
762 639
639 674
674 75
48 727 134 
134 727
727 48
65 697 629 390 467 491 35 
629 697
697 65
65 390
390 467
467 491
491 35
95 796 398 511 69 263 
95 398
398 511
511 796
796 69
69 263
533 498 142 111 
533 498
498 142
142 111
409 199 
409 199
109 
286 667 788 250 676 
667 788
788 286
286 250
250 676
310 671 460 448 473 523 306 76 18 180 143 202 504 356 495 686 604 252 699 740 113 721 282 402 140 459 542 
542 402
402 282
282 140
140 721
721 459
459 113
113 604
604 740
740 686
686 495
495 252
252 356
356 504
504 143
143 180
180 699
699 202
202 18
18 76
76 306
306 310
310 671
671 460
460 448
448 473
473 523
559 617 712 396 309 283 486 424 
396 424
424 712
712 559
559 617
617 309
309 283
283 486
744 14 428 
14 744
744 428
