!
7 55 182 514
182 514
514 7
7 55
555
559 576 580 593 657 677
677 593
593 580
580 559
559 657
657 576
85 100
100 85
156
165 382 422 493
382 165
165 493
493 422
589 682
589 682
60 121 127
60 121
121 127
221 337 426 435
337 435
435 221
221 426
504 582 113
113 582
582 504
136 141 281 475 529
475 141
141 281
281 136
136 529
573 578
578 573
694 35 87 89
694 89
89 35
35 87
277
473 482 537 778 101
101 482
482 778
778 537
537 473
144
262 436 618
618 262
262 436
642
645 731 26 57 196 308
731 645
645 308
308 26
26 57
57 196
349 786
349 786
796
161 230 351 385 539 654
385 539
539 161
161 230
230 654
654 351
670 10
670 10
184 192 193 355 661 726 109
109 726
726 193
193 661
661 192
192 184
184 355
197 288
197 288
570 624 680 688
688 570
570 680
680 624
61 64 112
61 64
64 112
179 469 635 712 134 315 550 637 745 760 762 28
179 635
635 469
469 28
28 712
712 134
134 745
745 315
315 762
762 637
637 760
760 550
518
553 562
553 562
575
632 2
632 2
90 203 409
203 409
409 90
516
730
30
93 243 364 545 738 163 191 206 294
294 191
191 163
163 206
206 243
243 93
93 545
545 738
738 364
431 649 81
81 649
649 431
153 189 256
153 256
256 189
477 704 3 63
704 477
477 63
63 3
439 643 679 721
643 679
679 439
439 721
27 65
27 65
343
505 587 798 167 263 547 605 647 737 32 56
587 505
505 798
798 32
32 56
56 605
605 547
547 263
263 167
167 647
647 737
305 381 506
305 381
381 506
743 130 185 209 249
209 130
130 249
249 185
185 743
377 720 48
48 720
720 377
74 142 491 702
74 702
702 142
142 491
739
264
295 365
295 365
610 707 758 131 275 394 484 606
606 484
484 394
394 275
275 131
131 707
707 758
758 610
742
29 240 321
321 29
29 240
390 424 538 1
390 424
424 538
538 1
282 420 630 768 791
630 768
768 282
282 791
791 420
147 241
241 147
307 320 700 729 220 279 405 480 602 774 18
405 602
602 480
480 220
220 279
279 774
774 700
700 307
307 729
729 320
320 18
356 440
440 356
455
556 594 25 137 175 333
137 333
333 175
175 25
25 556
556 594
492 586 214 234 523 597 631
586 492
492 234
234 214
214 597
597 523
523 631
194 218
194 218
497
626 746 190 399
399 190
190 626
626 746
471 552
552 471
749
77 91 235 476
235 476
476 77
77 91
663
176
212
393 400 452 38 501
38 501
501 393
393 400
400 452
509 571 727 148 231
727 571
571 509
509 231
231 148
353 404 779 269
269 404
404 779
779 353
653
687
767 789 71 73
767 789
789 71
71 73
257 535 741 52 408 448 458 676
458 448
448 676
676 52
52 408
408 741
741 535
535 257
104 432 640 695
432 640
640 104
104 695
770
23 76
23 76
280
706 783 33 201 204 224 428 111 199 292 692 793
428 204
204 33
33 224
224 201
201 292
292 793
793 199
199 111
111 692
692 706
706 783
34 468 474 714 752 21 233
468 474
474 752
752 34
34 714
714 233
233 21
245 457 629 238 330 454 542 744 316 526 564 617
629 245
245 457
457 316
316 617
617 744
744 564
564 526
526 238
238 542
542 330
330 454
787 325 327 346 662 748
346 748
748 325
325 662
662 327
327 787
19
210
419 481 534 41
41 419
419 534
534 481
453 627 634 781 444 496 541 595 777 217 304 592 644 671 255
255 634
634 627
627 781
781 453
453 592
592 304
304 671
671 644
644 217
217 777
777 541
541 496
496 444
444 595
755 772 773 784 115 178 250 347
250 347
347 178
178 115
115 784
784 772
772 755
755 773
470 36
36 470
70 227 427
227 427
427 70
628 202 207
628 202
202 207
370 456
456 370
693 267 326
693 326
326 267
384 406
384 406
567
51
466
574 668 799
574 668
668 799
96 312 374 421 544
96 421
421 544
544 374
374 312
299 487 652
487 299
299 652
724
31 302 396 536
396 31
31 536
536 302
274
345 383 633
383 633
633 345
6
183
248
369 22 116 296 429 59 139 237
369 22
22 116
116 429
429 296
296 237
237 139
139 59
352 172 380
352 380
380 172
488 623
488 623
58 225 284 625 40 300 323
300 323
323 40
40 58
58 225
225 284
284 625
650 198 412 502 766
412 502
502 198
198 766
766 650
140 228
140 228
524 753 170 223
524 753
753 170
170 223
508 655 363 611 659 678 303 441 489 579
303 579
579 489
489 441
441 659
659 363
363 678
678 611
611 508
508 655
371 566 577 616
577 371
371 616
616 566
129 200 557 581
129 200
200 557
557 581
79
290
395
651 239 500 568
651 239
239 500
500 568
613 5 45 318
318 45
45 5
5 613
479
13
379 584 622
584 379
379 622
309 510 658
510 309
309 658
735 367
735 367
397 495 604
495 397
397 604
515 609 685 715 54 572 696 792 159 272
272 54
54 792
792 572
572 159
159 696
696 609
609 685
685 515
515 715
361 521 298 344 348 490 158
361 521
521 344
344 298
298 348
348 490
490 158
171 413
413 171
669 46 110
669 110
110 46
313 324 20 75 332 718 154 242 402 690 72 445 507 732 283 519 546
332 718
718 20
20 75
75 154
154 402
402 242
242 690
690 313
313 324
324 546
546 283
283 519
519 72
72 445
445 507
507 732
703 162 388 472 751
751 388
388 472
472 162
162 703
16 166 232 761
16 232
232 761
761 166
251 407 511 713 286 372 373 463
463 373
373 286
286 372
372 511
511 251
251 713
713 407
102 236
102 236
667 776 108 335 375 410 376 513
108 375
375 335
335 410
410 513
513 376
376 776
776 667
608 717 322 366 391 485 105 120
391 322
322 105
105 485
485 608
608 120
120 717
717 366
289 338
338 289
205
270
317 334 246 392 619
317 334
334 619
619 246
246 392
719 278 451 708
708 278
278 451
451 719
740 99 297
99 297
297 740
716 757
716 757
258
329 443 411
411 329
329 443
681 763 261 268
261 268
268 681
681 763
418
78 83
78 83
728
92 252 785 88 442 520 37 247 733 11 180
520 88
88 442
442 733
733 37
37 247
247 92
92 785
785 252
252 180
180 11
415
437 450 467 135 425 607 350 449 782 119 358
607 425
425 135
135 782
782 449
449 350
350 119
119 358
358 467
467 437
437 450
636 49
636 49
164 244 465 750 769 12 103 540 340 459
750 769
769 465
465 459
459 340
340 12
12 540
540 103
103 164
164 244
788 621 686 734 133 328 360 648 699 747 106
106 699
699 648
648 747
747 788
788 734
734 621
621 686
686 328
328 133
133 360
219 423 68 146 790 310 430 554 84 132 775 271 362 522
775 132
132 423
423 219
219 84
84 790
790 146
146 68
68 362
362 271
271 522
522 554
554 310
310 430
47 122 588 15 169 357
15 169
169 357
357 588
588 47
47 122
125 311 461 416
416 311
311 461
461 125
494 641
494 641
69
117
558
152
181
187
168 314 725 173
173 314
314 168
168 725
398 683
398 683
62 215 417 143
143 62
62 417
417 215
291 764 86 598
291 764
764 598
598 86
664 0
0 664
123 756 549 603 615
123 756
756 615
615 549
549 603
82 273 614
273 82
82 614
124 543
124 543
698 186 414 656 226 438 701
698 414
414 656
656 186
186 701
701 226
226 438
401
528 561 14 660 759 114 188 591 94 155 216
216 155
155 528
528 94
94 561
561 591
591 188
188 114
114 759
759 14
14 660
157 160 530
160 157
157 530
213 336 646 672 691 705 50
646 213
213 336
336 50
50 672
672 705
705 691
98 368 378 503 601
378 601
601 503
503 98
98 368
39 266
266 39
517 174 229 563 80 306 386 97 150 195 342 462 797 4
174 229
229 563
563 4
4 195
195 150
150 97
97 797
797 462
462 342
342 306
306 80
80 386
386 517
128 483 532 565 754 66
483 128
128 66
66 754
754 532
532 565
67
674
44 208 447
447 208
208 44
460 512 527 301 675
527 460
460 512
512 301
301 675
710 389 684 689 265
265 710
710 684
684 389
389 689
596 711 433 533
711 596
596 433
433 533
723 24 42 149 673 222 639 95 736 211 722 17 145 260 638 446 665
673 145
145 149
149 17
17 639
639 222
222 638
638 260
260 95
95 736
736 42
42 24
24 665
665 446
446 723
723 211
211 722
403 794 53 531 287 319 8
794 403
403 287
287 319
319 531
531 53
53 8
354
434
709
478 486
478 486
177
259 599 620
259 620
620 599
138 583 151 498 254 765 9 697 612 780
583 138
138 254
254 765
765 151
151 498
498 612
612 780
780 9
9 697
387 666 499 590 464 548 600
464 548
548 499
499 590
590 600
600 387
387 666
771 359 525 293 339 126 585
126 585
585 771
771 339
339 525
525 293
293 359
276
341 285 795 118 560 43 551 331 253 569 107
118 560
560 569
569 551
551 107
107 795
795 285
285 43
43 341
341 331
331 253
