!
23 28 50 97 101 208 218
50 101
101 97
97 23
23 28
28 208
208 218
316 332 339 504 586 691 721 745
691 339
339 586
586 332
332 745
745 721
721 316
316 504
750
765 25 59 114 167 228 300 461 490 516 577 632 650 664 737
765 490
490 737
737 300
300 228
228 664
664 516
516 461
461 59
59 650
650 114
114 167
167 25
25 632
632 577
70 158 214 314 330
330 158
158 314
314 214
214 70
354 376 467 474 479 582 647 673 781 42 162 170 263 331 522 532 609 620 666
673 376
376 467
467 354
354 781
781 479
479 474
474 582
582 647
647 620
620 522
522 532
532 263
263 666
666 42
42 170
170 609
609 331
331 162
740 757 759 775 15 119
15 119
119 775
775 757
757 759
759 740
234 342 427 600 604 669 680
342 234
234 680
680 604
604 427
427 600
600 669
700
714 718 782 54
54 718
718 714
714 782
64 116 161 222 310 469 471 585 703 711 766 43 84
585 310
310 471
471 64
64 469
469 161
161 711
711 766
766 222
222 703
703 116
116 84
84 43
121 129 182 348
121 182
182 348
348 129
391 507
507 391
617 619 685 728 35 71 75 247 256
35 728
728 247
247 75
75 256
256 685
685 617
617 71
71 619
313 372
372 313
540 547
547 540
630 634 712 125 157 184 213 378 401
157 378
378 184
184 125
125 401
401 213
213 712
712 634
634 630
526 560 565 690 756 762
526 690
690 565
565 560
560 762
762 756
80 126 242 264 315 359 361 503 528
359 264
264 361
361 242
242 503
503 315
315 80
80 528
528 126
603 724 754 61 297 302
61 297
297 302
302 603
603 754
754 724
323 325 415 442 476 506
323 442
442 325
325 476
476 506
506 415
631 682 723 32 37 414 420 541 550 551
631 723
723 682
682 37
37 32
32 420
420 414
414 541
541 550
550 551
643 686
643 686
699 719 784 0 74 88 99 512 557 566 574 710 722 734 145 282 380
734 722
722 574
574 512
512 566
566 74
74 88
88 99
99 710
710 0
0 557
557 380
380 145
145 282
282 719
719 699
699 784
385 400 445 485 535 644
400 535
535 385
385 445
445 644
644 485
705 749 9 62 137 154 253 321 374 419 518 558 679 103 123 149
749 705
705 103
103 123
123 149
149 679
679 9
9 518
518 62
62 154
154 419
419 558
558 374
374 253
253 137
137 321
217 362 363 375 564 571 738 776 113 258 262 293 320 338 366 367 432 521 713 72 107 172 259 412 423 431
113 338
338 258
258 366
366 320
320 367
367 293
293 262
262 713
713 432
432 521
521 217
217 776
776 564
564 362
362 363
363 375
375 738
738 571
571 431
431 172
172 259
259 107
107 423
423 72
72 412
462
501 554 755 120 139
139 120
120 501
501 554
554 755
163 183 188 295 470 545
295 545
545 188
188 470
470 163
163 183
688 736 7 272 351 544 678 696 743 785
688 736
736 351
351 696
696 7
7 678
678 743
743 272
272 544
544 785
796 799
796 799
47 51 79 219 233 303 434 510 589 742 13 82 130 138 221
130 221
221 138
138 82
82 13
13 219
219 303
303 589
589 47
47 51
51 742
742 434
434 510
510 233
233 79
270 306 343 457 761
761 343
343 457
457 270
270 306
93 100 146 175 204 312 384
100 384
384 175
175 204
204 93
93 312
312 146
397
567 570
570 567
127 165 283 393 505
165 283
283 505
505 127
127 393
519 546 629 645 795 49 136
49 136
136 519
519 546
546 795
795 645
645 629
194 210 241 309 405 428 440 548 110 223 327 399 439 583 730 787 788
309 194
194 440
440 428
428 210
210 548
548 405
405 241
241 583
583 110
110 439
439 787
787 788
788 730
730 399
399 327
327 223
55
57 216 227 279 352 475
216 227
227 352
352 279
279 57
57 475
561 580 81 159 287 422 424 592 656 668 763 77 211 360 421 568 573 716
580 561
561 763
763 424
424 656
656 668
668 159
159 287
287 592
592 81
81 422
422 421
421 77
77 360
360 573
573 716
716 211
211 568
732 793 10 56 230 265 403 433 536
433 536
536 10
10 403
403 265
265 56
56 230
230 793
793 732
615 694 94 329 386 514 587
615 694
694 94
94 514
514 386
386 329
329 587
601 697 748 783
697 748
748 783
783 601
46 60 152
152 60
60 46
186 277 458 652 693 715
652 715
715 277
277 458
458 693
693 186
195 291 387 473 563 597 627 633 676 6 301 307 334 466 659 674 692 702 34 78 280 284 292 494 608 610
473 633
633 387
387 597
597 195
195 563
563 676
676 291
291 627
627 284
284 494
494 280
280 610
610 292
292 34
34 78
78 608
608 307
307 659
659 702
702 6
6 692
692 674
674 466
466 301
301 334
791 111 324 341 413 448 451 463 499
791 463
463 324
324 111
111 499
499 448
448 341
341 451
451 413
720 147 173 174 187 190 276
147 187
187 190
190 276
276 174
174 173
173 720
389 657 44 73 365 436 496 638 642 769 21 200 244
389 657
657 73
73 769
769 44
44 365
365 642
642 436
436 638
638 496
496 21
21 200
200 244
274 328
274 328
395 640 731 76 368 379 435 488 605 648 747 109 112 122
122 379
379 435
435 648
648 109
109 605
605 112
112 747
747 488
488 368
368 76
76 640
640 395
395 731
178 236 237 639
237 236
236 639
639 178
646 33 144
646 144
144 33
356
498 530 539 591 593
530 591
591 593
593 539
539 498
8 11 353 388 394 459 482 662 52 83 133 326 454 456
454 83
83 456
456 326
326 353
353 482
482 133
133 52
52 11
11 8
8 662
662 388
388 459
459 394
562 735 20 67 180 252 318 336 465 542 3 153 308
465 318
318 336
336 252
252 180
180 67
67 542
542 20
20 735
735 562
562 153
153 308
308 3
430 559 579 625 790 17 98
17 98
98 559
559 430
430 579
579 625
625 790
134 140 177 243 453 628 16 406 407 464
140 453
453 628
628 243
243 134
134 177
177 16
16 406
406 407
407 464
481 613 621 753 26 29 346 410 576 611 741 746 2 65 246 266 508 663 772 798 95 150 261
150 261
261 95
95 772
772 621
621 266
266 746
746 246
246 611
611 65
65 663
663 576
576 410
410 2
2 753
753 481
481 613
613 798
798 346
346 741
741 26
26 29
29 508
290 538 606 725
538 725
725 290
290 606
729 1 179 491 497 651 695 727 733 19 30 160
729 179
179 1
1 733
733 695
695 727
727 497
497 19
19 491
491 651
651 30
30 160
169 249 271 701
169 701
701 271
271 249
704 102
102 704
197
426 517 596 689 777 794 135 164 220 239 260 373 468 599 191 347 390 396
596 517
517 426
426 396
396 777
777 191
191 390
390 347
347 689
689 794
794 164
164 260
260 373
373 239
239 468
468 220
220 599
599 135
443 626 667 687 24 66 418 472 502 614
667 626
626 443
443 687
687 66
66 24
24 614
614 502
502 472
472 418
649 5 92 168 492 553 578 774 572 607
572 607
607 553
553 492
492 774
774 92
92 5
5 168
168 578
578 649
612 658
612 658
677 739 792 87 89
89 87
87 739
739 792
792 677
383 398 449 500 531
383 531
531 500
500 449
449 398
305 340 402 681 744 760
340 760
760 744
744 402
402 681
681 305
779
45 193 209 235 311 355 602 14 48 90 128 450 455 670 69 96 278 288 665 726 773 38 40 185 231 240
96 665
665 288
288 90
90 773
773 278
278 128
128 450
450 48
48 69
69 726
726 670
670 455
455 14
14 235
235 311
311 193
193 209
209 355
355 602
602 45
45 240
240 38
38 185
185 231
231 40
444 480 53 118 151 198 489
198 118
118 489
489 53
53 151
151 444
444 480
581 588 36 91 202 370
91 370
370 202
202 36
36 588
588 581
537 672 752 12 22 226
752 537
537 672
672 12
12 226
226 22
285 460 575 584 86 108 232 275 319 509 767 117 192
117 192
192 86
86 232
232 767
767 509
509 275
275 108
108 319
319 285
285 460
460 575
575 584
369
382 446 533 624 58 143 477
143 477
477 58
58 624
624 533
533 382
382 446
534 637 641 780
780 637
637 641
641 534
141 299 447 493 524
447 299
299 524
524 493
493 141
717 196 416 487 527 549 661 203
196 527
527 549
549 661
661 487
487 416
416 203
203 717
229 251 350 438 751 181 201 205 357 523 594 85 248 250 381 392 409 39 166 215 552 618 707 4 268
4 268
268 166
166 552
552 215
215 39
39 707
707 381
381 250
250 392
392 248
248 618
618 85
85 409
409 350
350 229
229 523
523 251
251 438
438 751
751 357
357 181
181 205
205 594
594 201
404 511
404 511
675 706 296 317 364 371 425 556 115 212 238 555 654 655
675 706
706 364
364 425
425 371
371 556
556 296
296 317
317 115
115 654
654 655
655 555
555 212
212 238
148 257 429
429 257
257 148
483 671 758 224
483 671
671 758
758 224
225 344 484 636 708 131 189 286 377
131 189
189 377
377 286
286 344
344 484
484 708
708 636
636 225
495 616 18 335 345 349 543 768 63
495 616
616 63
63 18
18 349
349 768
768 335
335 543
543 345
156 171 294 622 660 27 408 441 525 595 709 289 417 486 529 698 105
105 27
27 441
441 709
709 529
529 486
486 525
525 595
595 417
417 698
698 408
408 289
289 294
294 171
171 660
660 622
622 156
124 298 569
569 124
124 298
653 41 142 155 635 683 68
142 635
635 41
41 683
683 155
155 653
653 68
104 207 269 322 254 267 478 520 764 304 411 515 684 786
104 478
478 269
269 520
520 764
764 254
254 267
267 207
207 322
322 304
304 515
515 786
786 411
411 684
132 206
132 206
770 797 199 255 333 452 281 358 590 598 176 337 771 778 106 245 789 437 513 623 31 273
255 199
199 333
333 452
452 623
623 281
281 358
358 590
590 598
598 513
513 437
437 771
771 337
337 176
176 778
778 273
273 31
31 245
245 789
789 106
106 770
770 797
