!
243 553 
553 243
367 598 
598 367
489 
707 536 
536 707
445 521 
445 521
166 
71 204 177 522 
177 204
204 522
522 71
423 
201 669 233 
669 233
233 201
39 
733 612 
733 612
150 
696 
433 
753 
397 504 122 
122 504
504 397
506 
385 364 408 480 
480 385
385 364
364 408
91 344 120 461 757 
91 344
344 120
120 461
461 757
380 358 654 
380 358
358 654
436 780 88 
780 436
436 88
284 94 286 
286 94
94 284
485 193 
193 485
170 520 
170 520
103 
158 
249 
549 
556 788 
556 788
336 
72 470 
72 470
448 
629 
3 28 511 573 
28 3
3 573
573 511
685 
115 298 
115 298
534 724 748 782 503 590 310 84 87 
748 534
534 724
724 590
590 503
503 310
310 782
782 84
84 87
601 
460 157 
157 460
168 
737 
395 
557 
317 
648 
591 473 
591 473
334 
80 
572 609 
572 609
420 
349 
218 
353 
664 65 172 217 
172 65
65 664
664 217
244 302 
244 302
761 181 546 631 444 415 
415 444
444 631
631 546
546 761
761 181
268 406 794 
268 406
406 794
563 
677 
237 
213 
153 475 350 370 134 
475 153
153 350
350 370
370 134
246 
600 
45 758 
45 758
660 642 392 
392 642
642 660
775 671 239 
671 775
775 239
581 308 603 161 
161 603
603 581
581 308
742 
456 
49 462 
462 49
719 577 328 645 144 89 
144 645
645 89
89 328
328 719
719 577
119 332 
332 119
339 453 
339 453
127 
4 734 
734 4
623 
617 
48 
416 555 
555 416
361 175 250 77 449 26 152 51 
152 51
51 26
26 449
449 77
77 361
361 175
175 250
347 
615 
343 484 312 502 147 486 717 126 750 538 
750 538
538 502
502 343
343 486
486 484
484 717
717 312
312 147
147 126
346 
36 795 
795 36
383 269 636 
383 269
269 636
776 333 
333 776
98 
131 
404 759 305 
404 305
305 759
417 
221 174 311 282 393 
393 282
282 311
311 221
221 174
384 435 501 432 
384 501
501 435
435 432
710 141 457 735 
457 710
710 141
141 735
630 
767 295 314 19 215 
19 314
314 215
215 767
767 295
106 668 
668 106
743 740 
740 743
682 651 471 
651 682
682 471
772 277 468 401 697 620 
772 277
277 401
401 468
468 697
697 620
477 745 33 459 607 
33 477
477 745
745 459
459 607
450 21 
21 450
670 514 
670 514
713 421 
421 713
140 
348 
24 
241 
676 
254 287 15 
15 254
254 287
293 533 
293 533
610 194 
610 194
665 524 138 790 
790 138
138 524
524 665
711 
405 
188 
778 
640 
156 597 
156 597
704 518 746 494 
518 704
704 746
746 494
99 
437 
330 31 365 184 
184 365
365 31
31 330
12 
190 340 545 
545 340
340 190
29 
288 309 403 602 755 75 608 
403 288
288 608
608 309
309 602
602 755
755 75
270 326 
326 270
229 151 2 41 510 447 777 
447 41
41 510
510 2
2 229
229 777
777 151
658 163 264 410 523 171 274 472 100 
523 410
410 171
171 163
163 274
274 658
658 472
472 264
264 100
248 699 680 300 111 
300 111
111 680
680 248
248 699
687 
117 189 
117 189
731 672 
672 731
760 
387 
73 
16 338 
338 16
290 490 
490 290
643 356 257 
257 643
643 356
226 69 371 296 278 355 
69 226
226 355
355 371
371 278
278 296
505 621 
505 621
216 
62 220 372 165 718 197 
62 220
220 372
372 165
165 718
718 197
34 
714 580 291 379 8 
291 379
379 8
8 714
714 580
337 
82 
584 
5 
359 303 663 
359 303
303 663
566 
32 
678 322 
322 678
526 
123 22 720 299 66 
123 66
66 720
720 22
22 299
210 
552 586 422 
422 586
586 552
559 
773 693 
773 693
679 225 320 
679 225
225 320
547 481 130 104 721 
481 547
547 104
104 721
721 130
183 271 164 762 
762 183
183 271
271 164
96 109 
109 96
143 
589 
626 
230 
173 455 362 739 
362 455
455 173
173 739
179 495 
495 179
297 
261 329 
261 329
512 92 386 
512 92
92 386
633 
628 102 634 7 517 
517 7
7 628
628 102
102 634
544 63 
63 544
419 792 316 231 476 644 751 454 382 97 618 142 133 
382 792
792 97
97 454
454 644
644 419
419 751
751 316
316 231
231 476
476 142
142 618
618 133
76 
744 
727 
351 
765 789 
789 765
798 632 234 83 
83 632
632 798
798 234
513 409 469 360 439 52 292 
409 439
439 513
513 360
360 52
52 469
469 292
561 
223 708 414 
414 708
708 223
178 206 
206 178
619 606 667 112 463 
463 112
112 606
606 619
619 667
199 
396 768 318 315 690 464 659 
464 659
659 396
396 690
690 768
768 318
318 315
627 
146 
17 222 
222 17
196 
128 786 389 
128 786
786 389
578 
368 
14 
483 259 255 764 
483 259
259 255
255 764
265 425 
265 425
500 434 
500 434
716 
377 579 0 
377 579
579 0
58 
56 
516 129 
516 129
319 86 
319 86
57 354 35 145 
145 57
57 354
354 35
272 
70 
375 
537 
496 674 321 
496 674
674 321
85 
541 769 
541 769
428 797 
797 428
267 539 583 
267 539
539 583
427 390 
427 390
763 238 
763 238
766 
186 
266 
283 527 402 
283 527
527 402
430 37 
37 430
304 
203 562 391 568 
568 391
391 562
562 203
202 498 
202 498
256 95 
256 95
478 595 771 574 479 
479 478
478 574
574 595
595 771
345 576 219 
219 576
576 345
613 240 1 695 192 
695 1
1 613
613 240
240 192
54 373 187 
187 54
54 373
698 9 
9 698
281 
793 614 
614 793
306 11 
306 11
25 30 528 331 741 
25 30
30 741
741 331
331 528
40 357 289 313 
40 357
357 289
289 313
725 176 185 
185 176
176 725
508 
195 515 639 53 159 
159 53
53 515
515 195
195 639
770 
482 
252 
530 
497 
493 
148 198 
148 198
275 
569 
558 474 
558 474
692 155 90 656 276 
692 90
90 155
155 656
656 276
55 110 
55 110
10 335 
335 10
611 
426 200 
200 426
323 781 
781 323
647 
571 211 624 791 
211 571
571 624
624 791
301 
214 
712 466 596 
466 712
712 596
207 247 125 451 
247 207
207 125
125 451
429 701 
429 701
260 
649 525 61 
525 649
649 61
438 
738 
452 232 641 
452 232
232 641
280 6 
280 6
487 756 
487 756
137 324 
324 137
27 560 
27 560
723 
81 413 548 
548 81
81 413
154 570 499 732 
154 570
570 499
499 732
599 
616 646 
646 616
465 107 554 167 263 783 325 736 440 779 
107 167
167 465
465 325
325 783
783 736
736 263
263 554
554 440
440 779
691 
653 
418 
212 635 
212 635
638 209 729 
209 638
638 729
132 363 787 
363 787
787 132
162 67 139 
139 162
162 67
208 
59 74 
59 74
688 652 593 
688 652
652 593
722 
105 565 78 622 458 118 
105 565
565 78
78 458
458 118
118 622
400 
93 
550 
47 588 236 
588 47
47 236
604 509 567 
567 604
604 509
702 
689 235 411 
411 235
235 689
749 
443 754 
754 443
796 
585 
703 
136 467 
467 136
68 191 662 666 
666 662
662 191
191 68
730 
169 543 774 
543 169
169 774
262 
124 
228 
376 
43 182 
182 43
38 
327 488 728 23 258 507 160 
160 507
507 327
327 258
258 728
728 488
488 23
394 655 
394 655
681 
279 532 294 149 
294 279
279 532
532 149
657 13 369 
657 13
13 369
424 492 378 551 285 
285 551
551 378
378 492
492 424
706 
205 686 
686 205
673 705 44 625 431 605 18 116 114 
114 673
673 705
705 44
44 625
625 431
431 116
116 605
605 18
399 564 
399 564
715 42 
715 42
535 540 
540 535
684 
575 135 446 253 637 
637 575
575 253
253 446
446 135
388 412 101 594 650 
650 388
388 101
101 412
412 594
441 79 
441 79
242 
582 341 
582 341
60 
683 
491 
50 542 784 
542 784
784 50
709 273 113 
709 273
273 113
675 
785 20 
785 20
747 
700 46 381 
381 700
700 46
592 
366 121 227 
366 121
121 227
799 
180 342 
180 342
251 661 245 
245 251
251 661
752 519 
519 752
374 
307 442 
442 307
694 108 407 587 
108 407
407 694
694 587
224 726 64 352 398 
224 726
726 64
64 398
398 352
529 531 
529 531
