!
8 22 24 46 73 85 104 108 109 131 141 148 153 158 163 182 191 253 254 257 282 291 321 332 338 343 372 378 380 415 422 427 446 461 478 480 517 521
257 338
338 291
291 131
131 8
8 343
343 321
321 415
415 141
141 372
372 163
163 461
461 24
24 446
446 108
108 380
380 521
521 427
427 422
422 254
254 478
478 253
253 282
282 85
85 73
73 22
22 191
191 182
182 378
378 332
332 104
104 153
153 148
148 46
46 109
109 480
480 158
158 517
538 584 596 605 627 638 652 671 682 721 751 763 765 772 796 34 57 76 82 146 154 194 201 224 259 280 287 290 299 302 307 311 351 352 360 371 384 410 436 443 450 511 533 557 568 577 581 606 612 635 651 681 685 706 725 730 738 742 750 781 793 799 4 11 56 61 75 81 86 95 130 140 150 180 190 193 198 214 238 239
584 652
652 763
763 95
95 538
538 140
140 605
605 682
682 596
596 61
61 56
56 751
751 671
671 198
198 772
772 238
238 638
638 239
239 765
765 81
81 627
627 180
180 796
796 214
214 193
193 4
4 721
721 75
75 557
557 581
581 130
130 86
86 351
351 730
730 290
290 150
150 146
146 190
190 11
11 352
352 194
194 577
577 259
259 725
725 793
793 57
57 34
34 76
76 568
568 410
410 436
436 384
384 781
781 307
307 280
280 299
299 450
450 302
302 738
738 154
154 606
606 82
82 371
371 287
287 750
750 360
360 651
651 443
443 311
311 612
612 224
224 742
742 635
635 511
511 681
681 533
533 706
706 685
685 799
799 201
261 296 310 341 358 359 411 428 441 453 454 467 471 486 500 563 572 609 618 632 664 692 702 724 747 760 776 783 9 15 21 33 49 59 92 107 161 181 211 252 273 292 303 326 329 333
326 59
59 92
92 252
252 292
292 303
303 107
107 329
329 15
15 9
9 21
21 211
211 49
49 161
161 33
33 181
181 333
333 273
273 358
358 702
702 664
664 572
572 454
454 486
486 724
724 359
359 618
618 783
783 632
632 747
747 428
428 776
776 692
692 453
453 500
500 609
609 441
441 310
310 261
261 563
563 467
467 471
471 411
411 341
341 296
296 760
346 356 373 377 383 416 437 439 449 459 482 502 555 567 571 590 639 645 653 657 658 660 679 687 715 732 759 0 3 36 42 98 113 124 151 157 170 205 206 213 222 232 297 314 381 394 407 413 445 451 470 487 490 498 522 532 544 552 554 608 610 625 641 662 666 677
373 555
555 482
482 437
437 377
377 687
687 590
590 502
502 567
567 660
660 571
571 449
449 383
383 653
653 715
715 658
658 639
639 759
759 679
679 439
439 416
416 645
645 346
346 356
356 459
459 657
657 732
732 0
0 36
36 490
490 206
206 413
413 213
213 498
498 98
98 554
554 205
205 297
297 381
381 608
608 42
42 157
157 552
552 170
170 445
445 113
113 666
666 522
522 3
3 314
314 222
222 544
544 124
124 394
394 451
451 487
487 407
407 625
625 532
532 641
641 677
677 470
470 610
610 151
151 662
662 232
688 695 698 746 795 2 43 80 88 102 143 162 169 204 208 212 220 231 274 306 312 335 340 369 401 418 438 444 488 510 545 580 583 585 586 595 598 604 611 616 649 650 710 711 723 744 764 785 790 39 52 53 54 69 78 105 106 147 160 189 195 209 218 221 226 227 260 263 264 317 328 330 361 364 405 472 492 526 536 549 550 613 620 644 646 673 684 690 729 731 777 779 17 38 55 63 66 83 121 178 207 219 234 235 241 270 278 293 300 305 349 354 382 414 424 440 456 462 477 493 505 518 531 543 582 589 593 622 626 663 665 675 689 709 745 10 23 99 122 126 129 139 145 155 172 184 185 200 225 281 304 316 320 325 366 403 447 489 495 499 524 541 551 553 561 570 599 607 623 691 700 722 728 734 737 786 794 20 25 45 77 101 123 137 152 168 240 245 247 277 285 298 318 331 334 342 404 431 460 463 475 481 483 497 520 530 574 615 619 624
39 777
777 53
53 78
78 684
684 361
361 613
613 779
779 209
209 492
492 263
263 729
729 260
260 189
189 644
644 330
330 690
690 106
106 328
328 54
54 69
69 160
160 195
195 264
264 550
550 105
105 364
364 731
731 549
549 221
221 52
52 218
218 317
317 227
227 646
646 147
147 620
620 240
240 673
673 285
285 226
226 405
405 526
526 574
574 472
472 536
536 342
342 247
247 318
318 274
274 460
460 137
137 331
331 710
710 438
438 101
101 298
298 401
401 169
169 481
481 611
611 123
123 212
212 619
619 418
418 583
583 43
43 598
598 444
444 20
20 530
530 483
483 45
45 580
580 649
649 204
204 340
340 497
497 277
277 475
475 616
616 102
102 77
77 764
764 312
312 404
404 306
306 463
463 152
152 143
143 785
785 335
335 2
2 711
711 334
334 168
168 604
604 431
431 245
245 585
585 624
624 88
88 208
208 220
220 510
510 545
545 520
520 615
615 790
790 595
595 25
25 586
586 369
369 80
80 723
723 650
650 162
162 488
488 231
231 744
744 688
688 663
663 414
414 709
709 305
305 462
462 293
293 456
456 622
622 493
493 543
543 234
234 66
66 55
55 219
219 689
689 17
17 235
235 698
698 241
241 505
505 38
38 589
589 746
746 349
349 675
675 477
477 424
424 593
593 300
300 582
582 795
795 63
63 531
531 382
382 626
626 207
207 695
695 178
178 354
354 278
278 83
83 121
121 440
440 745
745 665
665 518
518 270
270 722
722 126
126 551
551 403
403 691
691 139
139 185
185 23
23 99
99 623
623 200
200 794
794 129
129 122
122 561
561 325
325 570
570 320
320 366
366 155
155 145
145 786
786 495
495 599
599 737
737 184
184 172
172 447
447 304
304 225
225 524
524 728
728 734
734 553
553 10
10 700
700 541
541 499
499 316
316 489
489 607
607 281
668 683 697 716 726 735 749 766 19 28 37 51 110 128 133 134 135 149 159 242 246 249 275 279
697 726
726 716
716 683
683 668
668 766
766 735
735 749
749 110
110 37
37 275
275 128
128 279
279 133
133 159
159 19
19 51
51 134
134 149
149 242
242 249
249 135
135 246
246 28
345 348 357 365 367 370 374 408 457
357 365
365 348
348 367
367 345
345 374
374 370
370 457
457 408
468 513 528 540 547 562 565 566 594 603 669 676 718 740 768 31 67 94 120 142 144 272 276
276 272
272 120
120 31
31 94
94 144
144 67
67 142
142 768
768 669
669 540
540 740
740 718
718 565
565 468
468 676
676 528
528 547
547 603
603 566
566 562
562 594
594 513
283 309 322 323 344 347 350 355 362 412 430 433 466 507 523 546 569 597 600 631 648 680 693 696 701 720 727 743 753 757 771 788 18 27 35 70
412 546
546 648
648 569
569 283
283 344
344 323
323 757
757 631
631 701
701 680
680 753
753 350
350 347
347 523
523 309
309 693
693 507
507 362
362 720
720 322
322 430
430 600
600 433
433 355
355 743
743 771
771 597
597 788
788 696
696 466
466 727
727 18
18 35
35 70
70 27
112 116 127 156 166 175 187 192 228 237 288 324 353 375
116 156
156 187
187 353
353 288
288 112
112 375
375 175
175 127
127 237
237 228
228 166
166 324
324 192
406 434 442 474 509 519 525 527 576 588 591 628
474 442
442 509
509 406
406 527
527 588
588 628
628 434
434 576
576 591
591 519
519 525
643 647 661 674 705 756 758 769 774 784 1 14 16 41 48 65 79 89 114 125 132 199 215 216 229 256 308 313 319 389 396 397 426 455 469 503 514 539 542 556 579 592 602 630 637 667 678 686 767 26 30 32 68 90 111 118 164 165 174 203 236 262 294 295 339 363 376 391 392 395 419 425 479 484 491 494 501 559 654 659 714 775 780 789 792 29 91 93 115 136 176 179 183 217 284 379 385 386 398 400 402 417 429 435 485 516 529 558 573 578 587 601 614 621 640 752 754 755 762 778 13 44 87 96 100 117
100 44
44 13
13 96
96 117
117 87
87 217
217 435
435 752
752 417
417 402
402 398
398 379
379 176
176 485
485 529
529 136
136 778
778 385
385 587
587 601
601 516
516 621
621 400
400 179
179 573
573 762
762 754
754 429
429 183
183 558
558 755
755 386
386 578
578 91
91 65
65 640
640 579
579 125
125 614
614 41
41 308
308 29
29 284
284 469
469 630
630 514
514 396
396 115
115 79
79 93
93 556
556 215
215 767
767 426
426 114
114 455
455 602
602 542
542 686
686 216
216 256
256 678
678 16
16 592
592 397
397 313
313 389
389 1
1 667
667 637
637 539
539 319
319 503
503 14
14 199
199 48
48 132
132 392
392 89
89 229
229 419
419 395
395 792
792 391
391 363
363 164
164 494
494 68
68 659
659 174
174 165
165 294
294 111
111 654
654 26
26 714
714 295
295 203
203 376
376 339
339 501
501 491
491 236
236 780
780 118
118 789
789 774
774 90
90 30
30 32
32 479
479 559
559 425
425 484
484 262
262 775
775 758
758 784
784 647
647 674
674 661
661 643
643 769
769 705
705 756
138 171 177 186 196 197 210 250 266 268 368 387 393 409 421 464 473 629 633 655 656 707 712 719 770 797 798 6 7 12 40 58 64 71 72 97 167 173 244 248 258 267 269 399 448 458 465 496 504 506 508 537 564 634 704 713 717
268 177
177 71
71 656
656 258
258 197
197 196
196 210
210 506
506 508
508 171
171 387
387 713
713 269
269 537
537 473
473 248
248 634
634 564
564 704
704 7
7 6
6 40
40 770
770 368
368 496
496 250
250 167
167 399
399 58
58 421
421 393
393 465
465 266
266 655
655 717
717 138
138 629
629 186
186 173
173 633
633 504
504 97
97 448
448 707
707 797
797 798
798 267
267 458
458 409
409 244
244 712
712 64
64 719
719 12
12 464
464 72
739 787 47 62 84 103 119 188
787 47
47 103
103 62
62 84
84 188
188 739
739 119
230 233 251 255 301 327 337 388 390 452 476 512
301 255
255 390
390 452
452 337
337 327
327 512
512 388
388 251
251 476
476 233
233 230
560 575 636 670 672 694 703 708
703 636
636 575
575 694
694 560
560 672
672 670
670 708
741 748 761 5 50 60 74 202 223 243 265 271 286 289
741 748
748 761
761 265
265 286
286 289
289 202
202 74
74 50
50 5
5 271
271 60
60 243
243 223
315
336 420 423 432 515 534 535 548 617 642 699
423 534
534 699
699 432
432 617
617 548
548 642
642 535
535 515
515 420
420 336
733 736 773 782 791
773 782
782 736
736 733
733 791
