!
45 91 135
45 91
91 135
185 569 763 793
763 569
569 185
185 793
16 150 329 497
497 150
150 329
329 16
777
794 108
108 794
544 598 638
638 544
544 598
646
720 170
720 170
332
364 485 496 13 126 231
231 13
13 496
496 126
126 485
485 364
365 723 71 280
723 365
365 71
71 280
294
466
482
172
258 618 644
618 258
258 644
682 263 448 457
448 263
263 457
457 682
588 657 93
657 588
588 93
125
304 534 592 113 210
304 592
592 113
113 210
210 534
400
414 611 111
414 611
611 111
515 587 697 760 19 193 331 620 666
331 666
666 620
620 193
193 19
19 515
515 587
587 697
697 760
100 483 489
100 483
483 489
512
630
65 251 278 397 731 119
397 251
251 65
65 278
278 731
731 119
198
271 442 799
799 271
271 442
132
136 366 371 733 38
733 371
371 136
136 366
366 38
152 227
227 152
354 675
354 675
218
418
473 649 654 299 545
545 299
299 654
654 473
473 649
679
724 8 341 602 668 90
90 724
724 341
341 8
8 668
668 602
310 495
495 310
758 116
116 758
279 398 459 82 161 526 711
398 279
279 459
459 526
526 711
711 82
82 161
127 237
237 127
381 522
522 381
190 199 269
269 190
190 199
411 48
48 411
85
187 732 191 211 601
732 187
187 191
191 211
211 601
775 39 372 426
372 39
39 426
426 775
429
469 476 641 781 37
37 476
476 781
781 469
469 641
61
84 559 159
559 84
84 159
327
773 785
773 785
0 350 393 471
0 393
393 471
471 350
110 134 219
134 110
110 219
342
60
74
239 248 154
154 248
248 239
386
527 680 130 149
680 149
149 527
527 130
456 498 253
253 498
498 456
405 412
405 412
458 464 571 651 787
458 464
464 651
651 571
571 787
274
277
324
765 221 260 401 597 204
260 401
401 597
597 221
221 765
765 204
302
452 494 20 321
321 20
20 452
452 494
676 681
676 681
223
363 629 699 31 392
629 363
363 699
699 31
31 392
488 789 229 289
289 229
229 789
789 488
506 555 184 316 410
506 555
555 184
184 316
316 410
631
216 383 436 786
383 786
786 216
216 436
55 337 384 585
585 337
337 384
384 55
205 238 516 652 62 180 568 632
632 180
180 568
568 62
62 238
238 516
516 205
205 652
163 224
163 224
243 290 167
167 243
243 290
215 357
357 215
580
183
270
306 747 128
128 747
747 306
156 415
415 156
572
178 236
178 236
431 670 112 547 727
112 727
727 547
547 431
431 670
767 63
767 63
114 373
114 373
729 124 208
729 124
124 208
433 440 240
433 440
440 240
382 655
382 655
665 345 395 478 537 106
478 395
395 345
345 537
537 665
665 106
368 664
664 368
721
475 546
546 475
607
791
226 287
287 226
480 691
480 691
5 627
627 5
792 157
157 792
472
548 81
81 548
95 517
95 517
2
12 169 255
255 169
169 12
330 743
743 330
317 461 708
317 708
708 461
10 430 628
628 430
430 10
635
707 769 315 380 746 422 735
707 769
769 746
746 315
315 380
380 422
422 735
748 228
748 228
563 576
576 563
40
311
493 435 533 616
616 533
533 435
435 493
554 582 784 256
256 554
554 582
582 784
369
688 24
688 24
123 586
123 586
160
355 584 17 96
355 584
584 96
96 17
195
129 501 599 68
599 501
501 129
129 68
196 647 347 609
647 196
196 347
347 609
624 268 390
268 390
390 624
543
99 416 519 120
416 99
99 519
519 120
298
303
66 523
66 523
574 502 590 798 460
502 798
798 590
590 460
460 574
509 684 69 83 477
684 509
509 477
477 83
83 69
139
285
745
356 674
356 674
714
336 463 722 244
336 722
722 463
463 244
264 738 171 508 553 46
738 264
264 508
508 171
171 553
553 46
265 504 186
186 265
265 504
406 603
406 603
67 222
222 67
764
7 166 755
166 755
755 7
101 192
192 101
220
14 103 305 352 557 779
305 14
14 103
103 557
557 779
779 352
89 455
455 89
621
72
107 281 177 490 640 9
107 281
281 640
640 490
490 177
177 9
70 797 97
797 70
70 97
510
740 235 421 427
427 235
235 421
421 740
242
639 701 138
639 701
701 138
164 202 173
164 202
202 173
358
660 1 117 121 233
117 121
121 1
1 233
233 660
320
613
444 739 770
739 444
444 770
468 564 690 214 667
468 564
564 690
690 214
214 667
795
11 33 778 34
34 11
11 778
778 33
335 744 241 275 449 148 333 536 453 578 669
335 744
744 148
148 536
536 333
333 241
241 275
275 449
449 578
578 453
453 669
79 282
282 79
334
389 541
541 389
583 165
583 165
391
594 201 259
594 201
201 259
295
109 361 677 28 604 751 22 328
109 677
677 361
361 28
28 751
751 604
604 22
22 328
710
312
636 689 507
507 689
689 636
511
712 145 379 481
712 379
379 145
145 481
362 693 725
693 725
725 362
94
143
650 92
650 92
360
737 340 549 558 194
194 549
549 558
558 340
340 737
487
579
308
531 715
531 715
25 428
428 25
513
175 617
617 175
686
57 322 465 213 246
322 57
57 465
465 246
246 213
484 115 232 318
484 232
232 318
318 115
182
394
790
254 370 388
254 388
388 370
23
212 596 633 754 780
633 780
780 754
754 212
212 596
283 323
323 283
656
50
181 719 3
181 719
719 3
561 637 622
622 637
637 561
659 717 56 643
659 717
717 643
643 56
706
207 402
402 207
404
41 567
567 41
753
44 577
577 44
783
378 454 538 687 716 796 188 234
188 234
234 378
378 454
454 538
538 796
796 687
687 716
437 550
550 437
206
291 726 772
726 772
772 291
80 88
80 88
634
648 176
176 648
756 200
756 200
424 73 374
73 374
374 424
122 685 451 619 4 343
619 451
451 685
685 122
122 343
343 4
467
565
313 396
313 396
439 445 49
445 439
439 49
520 230 671 77
77 230
230 671
671 520
78 142
142 78
593 359 556 625 645
593 556
556 359
359 625
625 645
479 486
486 479
137 642 26
137 642
642 26
118
300 591 102 301 29 286 147 575
301 102
102 286
286 29
29 591
591 300
300 147
147 575
21 104
104 21
58 662 293 673 53 540 434
58 662
662 540
540 53
53 434
434 293
293 673
610 273 438 524
524 273
273 438
438 610
542 307 399
542 399
399 307
6 750 492 589
6 750
750 492
492 589
319 529 168 349 144 730 605
168 349
349 730
730 144
144 605
605 529
529 319
766 309 552
552 309
309 766
43 499 266 595 288 742 87 272 32 351 566
595 266
266 272
272 87
87 288
288 742
742 499
499 43
43 566
566 351
351 32
718
155 698 18 462 284 788
698 155
155 462
462 18
18 788
788 284
491 702 52
52 702
702 491
525
353 692
692 353
203 683 606
606 203
203 683
782
653 774
653 774
27
247 98 326 245 423 133
133 423
423 245
245 247
247 98
98 326
470
86
560 225 413 47 174 197 407
197 407
407 413
413 225
225 174
174 47
47 560
262 367 131 703 51 151
51 151
151 703
703 131
131 367
367 262
551
734 612
612 734
728
709 771 153 736
736 153
153 709
709 771
518 776 443
776 518
518 443
695 75 257 314
695 314
314 75
75 257
325 35 514
325 514
514 35
441
749 694 752
694 752
752 749
250 375
250 375
54 535 474
474 535
535 54
672 36 762
672 762
762 36
573 696
696 573
261 608 140 339
339 140
140 261
261 608
267 705
267 705
189
539
338 432 30 661
432 338
338 30
30 661
409 446
409 446
158
761 376 562 348 521 403
403 761
761 348
348 521
521 376
376 562
759 292 503 252
759 292
292 503
503 252
700 15 600
15 600
600 700
42
663
419
249
626 64 385 505 713 425
64 505
505 385
385 713
713 425
425 626
377
530
76 658
76 658
450 532 614 623 417 162 408 387 528 447
450 614
614 447
447 528
528 623
623 387
387 532
532 162
162 408
408 417
346 704 141 146
141 704
704 146
146 346
678 615 105
615 678
678 105
59
768 179
179 768
296 741 570 209 297 344
741 570
570 209
209 297
297 344
344 296
757 217
217 757
581 500 420 276
276 581
581 500
500 420
