!
69 
508 
282 451 
451 282
691 649 
649 691
485 
721 
131 
77 
194 356 672 347 
347 672
672 356
356 194
591 733 
591 733
426 
375 576 
576 375
3 2 
2 3
739 382 
739 382
523 
81 418 
81 418
563 
506 
358 
421 
64 186 620 718 737 93 503 388 579 68 26 320 
503 68
68 620
620 26
26 186
186 737
737 320
320 64
64 718
718 93
93 388
388 579
599 
226 622 730 567 12 209 
209 622
622 226
226 730
730 12
12 567
715 
167 
360 
181 398 
398 181
686 
488 376 136 29 
29 488
488 376
376 136
767 770 
767 770
85 281 
281 85
208 371 761 271 
271 761
761 371
371 208
394 
114 661 336 
661 336
336 114
588 
224 
379 123 138 
379 123
123 138
328 268 779 
268 779
779 328
411 25 554 
554 25
25 411
389 319 22 
389 319
319 22
350 67 447 794 605 
605 794
794 447
447 350
350 67
36 
531 159 
159 531
573 280 633 497 
497 633
633 280
280 573
213 
433 293 
433 293
763 
220 639 
639 220
786 492 53 
492 53
53 786
427 
500 372 384 
384 372
372 500
694 
724 
667 155 
155 667
325 
218 41 128 419 164 
218 164
164 41
41 419
419 128
635 
637 722 111 
637 111
111 722
323 457 
457 323
362 
749 533 656 20 
20 533
533 749
749 656
631 236 295 
631 236
236 295
348 
423 355 
355 423
98 600 
600 98
32 
727 
300 
586 736 626 535 
586 736
736 626
626 535
642 
377 
511 
741 
80 
705 
526 559 
559 526
410 
90 
162 
710 
233 
269 729 
269 729
221 338 334 688 310 799 481 
310 481
481 688
688 221
221 338
338 799
799 334
43 454 
454 43
431 294 493 704 
493 294
294 704
704 431
151 
184 627 317 
317 627
627 184
24 248 4 
4 248
248 24
201 
629 582 97 615 
582 629
629 97
97 615
365 
596 134 
134 596
277 
102 444 542 
542 444
444 102
732 464 
732 464
641 495 
495 641
108 
94 753 366 
366 753
753 94
666 
467 653 
467 653
178 648 752 
648 178
178 752
345 
192 
746 689 
689 746
557 
46 478 51 
46 478
478 51
142 
302 
461 517 228 662 
461 662
662 228
228 517
197 
415 
256 768 
768 256
544 552 534 711 594 
711 594
594 534
534 544
544 552
570 
88 738 538 483 
483 88
88 538
538 738
458 144 
144 458
618 
205 
723 
297 
776 413 
776 413
766 
798 
409 
498 31 
498 31
223 16 407 
16 407
407 223
264 139 
264 139
364 
316 783 745 299 374 546 486 
316 783
783 745
745 546
546 299
299 374
374 486
106 
132 784 408 
132 784
784 408
434 154 158 
158 154
154 434
482 
687 513 
687 513
387 
780 35 
35 780
78 
145 72 
145 72
607 760 349 
607 760
760 349
39 
141 
27 
441 119 
441 119
668 683 
683 668
206 
47 
189 337 422 
422 337
337 189
257 796 66 28 
796 66
66 257
257 28
182 285 311 
285 182
182 311
199 593 425 
199 593
593 425
439 
471 
105 
429 244 306 
429 244
244 306
5 
100 
65 
149 177 
177 149
697 
321 414 37 
414 37
37 321
40 399 330 58 
58 399
399 330
330 40
235 200 370 663 59 332 
663 370
370 59
59 200
200 332
332 235
708 695 
708 695
509 
357 440 628 279 
279 628
628 440
440 357
140 487 204 
487 140
140 204
664 
400 435 
400 435
255 
241 
551 
494 
270 
15 
636 
719 585 
719 585
468 
623 797 755 
755 623
623 797
215 250 
250 215
301 
222 101 
222 101
490 725 
725 490
603 
555 
792 769 
769 792
312 597 516 
516 312
312 597
104 450 247 401 180 
180 450
450 247
247 104
104 401
578 685 
578 685
99 397 536 762 
536 99
99 397
397 762
674 71 
674 71
561 558 174 693 202 
693 558
558 174
174 561
561 202
678 707 
678 707
743 179 
743 179
630 107 
107 630
8 459 147 290 
290 459
459 8
8 147
216 
373 
601 774 238 
774 238
238 601
406 577 
577 406
518 195 646 
646 195
195 518
572 
442 110 
110 442
284 
304 632 
632 304
7 10 540 
7 10
10 540
682 
543 272 
543 272
608 
765 
529 211 
529 211
143 
288 562 
562 288
791 6 127 655 527 217 
791 127
127 6
6 655
655 217
217 527
86 680 157 49 359 748 
359 49
49 157
157 86
86 680
680 748
146 
63 432 207 
207 432
432 63
512 747 
512 747
455 137 
455 137
547 313 
313 547
185 565 163 
565 163
163 185
55 169 
55 169
124 
443 
598 18 640 
18 598
598 640
120 539 
120 539
592 34 
592 34
160 679 
160 679
48 
501 
566 
581 652 
652 581
463 
225 611 61 173 289 
289 173
173 225
225 61
61 611
460 660 291 706 243 251 50 261 262 634 403 
261 262
262 50
50 251
251 660
660 634
634 460
460 291
291 243
243 706
706 403
519 
129 528 489 125 677 
129 528
528 489
489 125
125 677
109 
391 
150 
449 469 624 0 
624 449
449 469
469 0
587 
84 699 
84 699
331 172 
172 331
339 152 
152 339
480 
452 
168 
658 91 210 647 
647 658
658 91
91 210
135 
514 574 744 757 496 787 537 
537 787
787 574
574 496
496 744
744 757
757 514
777 363 351 
351 363
363 777
479 
230 781 87 113 333 
113 333
333 87
87 781
781 230
713 
728 258 
258 728
190 
249 684 193 14 484 
484 14
14 193
193 249
249 684
231 
276 
438 612 
438 612
30 
638 
23 771 386 
23 771
771 386
550 
82 
476 
604 491 
491 604
252 698 
252 698
378 
609 470 
470 609
477 654 
654 477
692 188 
692 188
103 650 651 361 367 
103 650
650 651
651 361
361 367
112 
232 
589 
625 428 709 
428 709
709 625
553 
13 502 286 122 473 
13 502
502 122
122 286
286 473
702 499 
499 702
742 
595 416 673 
595 416
416 673
404 676 524 521 314 
314 404
404 521
521 676
676 524
341 671 
341 671
465 764 
465 764
176 335 
335 176
265 
726 716 267 456 453 
726 716
716 453
453 456
456 267
340 344 395 405 775 734 
734 775
775 405
405 395
395 340
340 344
740 782 
740 782
342 
773 392 239 621 
773 621
621 392
392 239
95 
196 545 
196 545
549 171 
549 171
393 
448 
602 759 610 385 
385 610
610 759
759 602
242 237 
237 242
234 474 83 665 
234 665
665 474
474 83
505 420 253 
253 420
420 505
354 
701 
381 
161 430 
161 430
754 92 
754 92
11 446 
446 11
390 
522 
795 569 556 
556 795
795 569
560 115 298 712 714 
714 115
115 560
560 298
298 712
309 
657 329 466 696 751 532 263 
696 466
466 657
657 329
329 751
751 532
532 263
788 568 
788 568
758 515 437 590 525 700 436 
515 758
758 437
437 590
590 525
525 436
436 700
187 
183 
229 
116 
246 260 756 396 
396 756
756 260
260 246
424 
153 
778 
308 475 580 42 
308 475
475 580
580 42
56 121 21 
121 21
21 56
670 
156 
1 
383 212 520 
212 383
383 520
571 
315 
541 170 126 
170 126
126 541
380 
60 
720 
617 96 318 
96 318
318 617
530 
79 793 274 368 703 327 472 
79 793
793 368
368 274
274 703
703 327
327 472
305 
717 575 
575 717
45 
52 
504 583 19 
504 583
583 19
369 643 548 
548 643
643 369
74 76 
76 74
644 57 669 273 
669 273
273 644
644 57
203 
790 735 
735 790
417 
54 
352 
616 343 326 
326 343
343 616
62 507 89 296 785 
62 507
507 89
89 785
785 296
165 675 
165 675
614 283 402 322 
322 614
614 283
283 402
731 
240 
750 
789 
44 266 
266 44
33 
117 
659 133 
133 659
17 75 
17 75
175 148 219 584 9 
175 148
148 219
219 584
584 9
690 275 254 303 564 
303 254
254 275
275 564
564 690
645 278 
278 645
606 
245 
191 307 287 
191 307
307 287
613 227 38 
613 227
227 38
166 259 
166 259
324 619 
324 619
214 
346 
73 462 198 
198 462
462 73
353 
292 681 
681 292
70 510 
70 510
130 
445 
118 
412 
772 
