!
0 12 63 120 138 160 239
160 120
120 12
12 138
138 0
0 239
239 63
271 296 331 341 365
365 331
331 341
341 271
271 296
417 501 545 548
548 417
417 545
545 501
616 625 647 706 739 741 749 86 87 101 165 234 238 280 393 427 439 506 507 578 592 634 655 689 695 696 787 789 71 74
695 234
234 393
393 789
789 655
655 634
634 439
439 506
506 86
86 427
427 578
578 165
165 280
280 507
507 101
101 696
696 238
238 689
689 787
787 87
87 592
592 71
71 74
74 625
625 741
741 647
647 739
739 706
706 749
749 616
82 85 181 216 312
82 85
85 216
216 312
312 181
390 438 447 488 546 611
438 546
546 390
390 488
488 447
447 611
612 615
615 612
673 687 745 751 766 6 14 43 65 97 99 220 231 255 382 386 423 576 606
231 99
99 65
65 97
97 576
576 423
423 382
382 220
220 14
14 606
606 43
43 255
255 386
386 6
6 745
745 751
751 673
673 766
766 687
630 644 672
672 644
644 630
675 777 11 145 155 159 206 217 247 272
675 777
777 11
11 155
155 145
145 247
247 159
159 206
206 217
217 272
316 383 385 448
448 385
385 316
316 383
478 500 505 510 588 603 738 61 156 177 224 241 300 310 346 364 381 413 469
61 469
469 413
413 224
224 346
346 241
241 300
300 177
177 310
310 156
156 364
364 381
381 505
505 510
510 603
603 588
588 478
478 500
500 738
476 530 602 667 674 753 57 78 123 133 152 169
602 667
667 674
674 753
753 476
476 530
530 133
133 57
57 78
78 123
123 152
152 169
295 475 480 483 484 526 567 702 709 721 772 779 2 62 67 93 109 111 114 119 180 229 246
2 119
119 114
114 109
109 180
180 246
246 67
67 111
111 779
779 526
526 62
62 229
229 772
772 93
93 567
567 721
721 480
480 709
709 702
702 483
483 295
295 484
484 475
270 292 344 395 470 736 769 23 60 172 208 277 285 366 416 503 516 573 577 580 590 619 641 690 799 17 41 59 113 201 284 350 372 428 445 489 519 528 677 705 723 784 10 39 56 58 265 269 343 375 411 415 434 454 474 486 490 491 717 54 141 185 186 190 205 291 419 420 471 494 496 585 600 601 636
445 17
17 577
577 416
416 799
799 580
580 372
372 113
113 428
428 41
41 677
677 201
201 723
723 573
573 172
172 489
489 366
366 284
284 60
60 208
208 350
350 59
59 590
590 277
277 690
690 619
619 784
784 285
285 528
528 705
705 23
23 519
519 516
516 641
641 503
503 736
736 470
470 395
395 344
344 769
769 292
292 270
270 10
10 265
265 58
58 434
434 491
491 39
39 411
411 56
56 269
269 474
474 717
717 375
375 486
486 490
490 343
343 415
415 190
190 454
454 420
420 185
185 494
494 186
186 601
601 141
141 471
471 291
291 419
419 585
585 54
54 496
496 600
600 205
205 636
637 1 40 89
1 89
89 40
40 637
90 147 148
90 148
148 147
189 254 288 339 353 397 451 482 666 678 714 28 140 176 302 373 384 410 432 440 453 572 598 622 720 759 781 38 222 235 248 251 317 319 322 371 433 498 542 584 671 676 710 50 153 163 209 276 409 460 467 481 509 536 621 727 755 761 783 31 110
727 761
761 509
509 153
153 481
481 163
163 209
209 460
460 783
783 409
409 621
621 536
536 50
50 467
467 276
276 451
451 288
288 189
189 678
678 755
755 254
254 482
482 353
353 714
714 339
339 666
666 397
397 433
433 235
235 542
542 710
710 38
38 319
319 371
371 671
671 676
676 322
322 498
498 222
222 584
584 248
248 317
317 251
251 384
384 572
572 720
720 440
440 759
759 176
176 622
622 302
302 598
598 410
410 28
28 140
140 373
373 781
781 432
432 453
453 110
110 31
143 215 230 286 303 309 425 463 518 593 624 665 712 754 29 77 92 157 166 228 330 394 461 504 618 662 663 685 776 798 76 91 218 267 268 283 426
504 461
461 92
92 166
166 228
228 157
157 685
685 77
77 618
618 330
330 662
662 29
29 663
663 394
394 798
798 776
776 518
518 309
309 230
230 303
303 665
665 425
425 624
624 463
463 215
215 754
754 286
286 712
712 143
143 593
593 268
268 218
218 76
76 283
283 91
91 426
426 267
456 547 553 605 694 698 708 760 66 192 237 297 306 378 401 517 557 574
557 378
378 517
517 401
401 66
66 306
306 192
192 237
237 297
297 574
574 760
760 456
456 698
698 694
694 708
708 553
553 605
605 547
614 617 692 716
716 692
692 614
614 617
730 13 45 52 88 102 124 244
730 124
124 244
244 45
45 102
102 88
88 52
52 13
250 485 568 648 682 737
568 682
682 737
737 485
485 648
648 250
752 778 81 136 242 301 307 333 334 357 368 468 497 656 724 796
656 333
333 307
307 368
368 468
468 136
136 81
81 334
334 724
724 242
242 301
301 357
357 796
796 497
497 752
752 778
121 203 214 266 313 321
266 321
321 203
203 121
121 214
214 313
399 443 531 544 604 649
649 604
604 443
443 399
399 544
544 531
701 771 53 95 207 389 396 398 421 554 608 626 635 693
771 701
701 693
693 421
421 626
626 53
53 635
635 554
554 396
396 608
608 398
398 95
95 207
207 389
785 795 33 34 164
33 785
785 795
795 164
164 34
178 249 336 348 367
348 249
249 336
336 178
178 367
370 549 583 610
583 549
549 370
370 610
747 774 73 100 197
73 100
100 197
197 747
747 774
274
477 521 539 551 623 638 657 668 725 3 151 179 187
187 179
179 3
3 151
151 638
638 551
551 657
657 725
725 539
539 623
623 521
521 477
477 668
287 388 405 429 532 556 560 589
560 589
589 532
532 556
556 388
388 287
287 405
405 429
775 98 118 137 194 233 256 380 403 422 435 441 473 681 19 128 142 150 377 400 607 609 620 664 786 794 68 125 131 243 359 418 479 540 552 629 639 661 122 144 204 279 402 499 533 566 570 582 679 770
786 664
664 142
142 128
128 19
19 607
607 620
620 794
794 150
150 377
377 400
400 609
609 775
775 403
403 435
435 540
540 194
194 233
233 681
681 473
473 422
422 256
256 243
243 629
629 661
661 125
125 552
552 98
98 118
118 380
380 639
639 418
418 131
131 68
68 137
137 359
359 479
479 441
441 582
582 770
770 204
204 402
402 499
499 533
533 679
679 566
566 144
144 279
279 570
570 122
48 112 130 184
112 130
130 48
48 184
253 294 335 669 718 719 726 764 4 25 108 162 175 323 338 340 362 369 492 515 55 103 154 168 264 325 376 449 487 534 646 740 15
15 103
103 168
168 449
449 154
154 325
325 646
646 55
55 740
740 534
534 376
376 487
487 264
264 719
719 669
669 764
764 726
726 253
253 294
294 335
335 718
718 369
369 492
492 108
108 338
338 323
323 162
162 362
362 340
340 25
25 175
175 515
515 4
149 173 281 354
354 281
281 149
149 173
444 537 541 555
555 444
444 541
541 537
562
744 758 30 94
94 30
30 744
744 758
106 132 174 198
174 106
106 132
132 198
213 219 324 326 442 765
324 219
219 765
765 326
326 442
442 213
126 311
311 126
392 408 508 538 691 697 704 763 797 182 196 199
182 196
196 199
199 763
763 691
691 704
704 697
697 392
392 508
508 408
408 797
797 538
345 351 352 543 561 707
351 707
707 345
345 561
561 543
543 352
750 793 26 158 414 459 472 514 559 711 713 732 746 21 51 116 210 387 457 525 642 651
459 711
711 472
472 414
414 713
713 158
158 514
514 559
559 732
732 26
26 746
746 793
793 750
750 21
21 457
457 525
525 51
51 210
210 116
116 387
387 651
651 642
659 735 75 127 193 221 262 358 436 446 565 653 788 5 225 337 342 347
446 193
193 127
127 262
262 358
358 788
788 75
75 565
565 221
221 653
653 436
436 659
659 735
735 5
5 347
347 337
337 225
225 342
466 520 595 660 680 700 8 37
595 680
680 520
520 8
8 466
466 700
700 37
37 660
84 134 212 259 308 523 524
84 308
308 212
212 134
134 523
523 524
524 259
550 645 32 96 223
96 32
32 223
223 645
645 550
290 327 356 512
327 356
356 290
290 512
591 633 686 688 16 69 72 161 191 437 586 597 670 756 117 258 329 374 404 462 527
527 633
633 591
591 686
686 258
258 688
688 670
670 329
329 161
161 404
404 586
586 117
117 374
374 437
437 72
72 462
462 16
16 756
756 191
191 597
597 69
631 767 780 105 195 305 430 563 627 628 640 733 743 20 36 135 188 232 260
631 780
780 767
767 135
135 20
20 260
260 36
36 232
232 188
188 733
733 195
195 305
305 563
563 430
430 743
743 640
640 105
105 628
628 627
564 569 643 654 47 282 289 360 391 558 581 728 729 773
47 728
728 360
360 289
289 729
729 282
282 773
773 391
391 581
581 558
558 643
643 564
564 654
654 569
22 24 139 257 278 363 599 658 768 226 328 431 450 594 596 650 699 782 42 64 80 202
226 650
650 450
450 594
594 782
782 596
596 431
431 328
328 699
699 80
80 42
42 202
202 64
64 24
24 22
22 257
257 658
658 363
363 278
278 768
768 139
139 599
465 511 613 652 703 83 146 183 236 263 493 502
465 703
703 511
511 652
652 613
613 502
502 236
236 183
183 146
146 493
493 83
83 263
575 748 27
748 575
575 27
115 273 298 304 407 715 731 742 7 18 79 104 275 299 571 684 44 107 211 252
107 211
211 252
252 44
44 273
273 407
407 115
115 304
304 742
742 298
298 715
715 731
731 299
299 18
18 684
684 7
7 104
104 571
571 275
275 79
455 529 535 790 170 314 355 379 406 412 424 791 35 46 70
35 46
46 70
70 529
529 455
455 535
535 790
790 406
406 412
412 424
424 355
355 170
170 314
314 379
379 791
167 349 513 522 734 9 171 320 332 452 683 722
722 320
320 452
452 9
9 171
171 332
332 683
683 167
167 349
349 513
513 734
734 522
792 129 245 261 318 361 579 587 49 227 293 458 464 495 200 240 315 632 757 762
792 245
245 318
318 579
579 361
361 587
587 261
261 129
129 757
757 632
632 315
315 200
200 762
762 240
240 458
458 49
49 464
464 495
495 293
293 227
