!
616 
89 143 788 160 107 775 379 283 516 221 
788 160
160 221
221 143
143 89
89 516
516 107
107 775
775 379
379 283
297 776 28 100 92 187 116 637 33 761 752 
752 33
33 761
761 637
637 297
297 776
776 116
116 28
28 100
100 92
92 187
131 318 547 240 731 735 257 266 260 668 636 30 784 184 312 26 785 434 633 767 230 610 503 354 237 437 282 64 573 233 97 703 204 641 664 460 108 
460 108
108 664
664 641
641 204
204 703
703 233
233 97
97 573
573 64
64 282
282 437
437 312
312 184
184 354
354 784
784 735
735 257
257 668
668 131
131 266
266 636
636 30
30 318
318 240
240 260
260 547
547 731
731 26
26 785
785 434
434 503
503 633
633 767
767 610
610 230
230 237
691 446 17 481 207 661 715 210 3 513 326 356 799 719 79 582 121 380 176 404 
176 380
380 121
121 691
691 582
582 446
446 17
17 661
661 207
207 481
481 404
404 715
715 719
719 210
210 799
799 326
326 3
3 356
356 513
513 79
754 198 
754 198
178 794 660 587 577 399 
660 794
794 577
577 178
178 587
587 399
560 650 520 65 562 315 559 307 
520 307
307 560
560 650
650 315
315 562
562 559
559 65
566 136 338 659 644 247 670 147 
147 566
566 247
247 670
670 136
136 338
338 644
644 659
445 236 185 51 684 70 501 1 111 530 606 556 472 783 542 363 34 454 394 
394 454
454 363
363 542
542 34
34 472
472 783
783 556
556 606
606 111
111 70
70 1
1 501
501 530
530 684
684 51
51 185
185 236
236 445
331 535 308 333 619 287 512 
619 333
333 308
308 287
287 535
535 512
512 331
523 
137 360 149 194 231 215 272 229 571 453 651 371 378 458 125 726 407 
407 726
726 125
125 458
458 378
378 371
371 651
651 453
453 137
137 360
360 149
149 194
194 231
231 215
215 571
571 272
272 229
457 88 496 202 132 663 130 188 24 720 689 343 487 519 543 669 780 705 190 645 6 717 435 139 514 621 416 2 750 701 439 722 123 39 433 558 708 241 448 787 179 170 105 114 273 658 584 353 529 574 197 242 177 782 599 55 652 332 485 738 336 679 581 368 396 120 592 78 
679 581
581 336
336 738
738 782
782 55
55 652
652 599
599 332
332 177
177 485
485 242
242 197
197 574
574 529
529 353
353 584
584 658
658 170
170 241
241 105
105 787
787 448
448 114
114 558
558 708
708 433
433 39
39 179
179 273
273 701
701 750
750 722
722 439
439 2
2 123
123 514
514 416
416 621
621 139
139 689
689 343
343 435
435 720
720 487
487 24
24 519
519 190
190 705
705 130
130 188
188 645
645 543
543 663
663 780
780 202
202 6
6 669
669 132
132 496
496 717
717 88
88 368
368 457
457 396
396 120
120 592
592 78
200 662 295 714 69 383 440 567 388 141 770 45 345 358 
295 662
662 200
200 714
714 69
69 358
358 383
383 440
440 388
388 567
567 141
141 770
770 45
45 345
150 
298 73 727 531 694 
694 531
531 727
727 73
73 298
319 792 90 274 146 737 117 721 411 762 
319 792
792 90
90 117
117 274
274 146
146 762
762 411
411 737
737 721
565 736 44 483 741 195 340 135 279 695 611 418 347 
279 741
741 483
483 340
340 135
135 565
565 347
347 195
195 736
736 44
44 695
695 611
611 418
201 209 539 359 553 540 83 438 217 
438 217
217 83
83 540
540 201
201 209
209 539
539 359
359 553
239 289 687 462 698 604 
604 462
462 687
687 239
239 289
289 698
671 758 119 53 704 412 724 643 639 309 16 569 769 214 
643 724
724 639
639 412
412 309
309 769
769 16
16 569
569 671
671 758
758 119
119 53
53 704
704 214
707 387 602 36 740 603 613 713 54 313 285 22 421 515 627 
387 707
707 602
602 36
36 740
740 285
285 22
22 603
603 313
313 613
613 713
713 54
54 421
421 515
515 627
488 341 734 598 377 504 431 
598 341
341 734
734 377
377 488
488 431
431 504
38 189 730 81 366 48 615 254 441 588 76 508 795 104 40 369 
254 615
615 441
441 588
588 508
508 76
76 38
38 189
189 730
730 48
48 81
81 366
366 795
795 40
40 104
104 369
609 91 544 443 372 263 159 32 35 63 41 66 568 711 586 203 365 491 405 
491 405
405 365
365 203
203 586
586 711
711 568
568 32
32 159
159 63
63 609
609 66
66 544
544 35
35 91
91 443
443 41
41 372
372 263
401 500 325 765 68 718 728 744 655 376 759 12 766 688 
688 766
766 12
12 759
759 376
376 655
655 765
765 744
744 325
325 68
68 500
500 718
718 401
401 728
11 697 243 395 635 364 321 648 464 
635 243
243 697
697 464
464 11
11 395
395 648
648 321
321 364
622 370 521 
370 622
622 521
93 352 226 649 145 322 163 490 
93 145
145 352
352 226
226 649
649 322
322 490
490 163
67 786 793 
793 786
786 67
122 306 541 
122 306
306 541
680 259 789 262 653 796 310 133 607 216 414 716 
414 716
716 133
133 607
607 310
310 216
216 796
796 680
680 259
259 789
789 262
262 653
232 790 
232 790
538 29 451 
29 538
538 451
148 682 42 746 751 442 
682 148
148 442
442 42
42 751
751 746
757 601 549 157 220 510 779 415 288 0 71 
415 779
779 288
288 510
510 157
157 220
220 549
549 71
71 0
0 601
601 757
739 361 174 605 710 223 626 432 
223 710
710 605
605 626
626 174
174 361
361 432
432 739
270 211 153 199 692 774 465 
211 465
465 270
270 153
153 199
199 692
692 774
335 478 161 420 374 548 693 57 608 647 678 31 349 408 743 
420 161
161 335
335 478
478 693
693 374
374 608
608 548
548 647
647 678
678 31
31 349
349 57
57 408
408 743
507 85 47 618 342 49 499 
499 507
507 49
49 618
618 342
342 47
47 85
127 617 628 683 409 417 389 729 82 755 712 578 102 
102 578
578 712
712 755
755 617
617 628
628 127
127 683
683 389
389 409
409 417
417 729
729 82
208 86 62 447 94 419 171 778 673 634 72 428 732 591 276 225 
86 208
208 62
62 447
447 94
94 225
225 276
276 419
419 171
171 778
778 673
673 634
634 72
72 428
428 591
591 732
455 348 106 290 677 196 213 80 305 564 570 9 
9 305
305 213
213 196
196 570
570 677
677 80
80 290
290 564
564 455
455 348
348 106
489 642 749 128 267 479 109 255 193 
642 489
489 749
749 128
128 479
479 267
267 109
109 255
255 193
422 524 381 373 527 444 154 572 522 
524 422
422 381
381 373
373 527
527 154
154 522
522 444
444 572
4 256 268 84 181 101 585 625 391 733 450 244 494 580 367 205 
450 244
244 733
733 494
494 4
4 391
391 256
256 585
585 625
625 101
101 367
367 268
268 181
181 205
205 84
84 580
317 129 674 7 561 164 554 517 278 589 748 172 271 19 657 753 413 351 685 14 293 575 534 477 449 497 248 798 5 323 99 384 550 
248 497
497 449
449 477
477 534
534 575
575 14
14 293
293 798
798 413
413 5
5 657
657 753
753 19
19 271
271 323
323 550
550 384
384 99
99 748
748 517
517 278
278 554
554 351
351 589
589 164
164 561
561 674
674 7
7 317
317 172
172 129
129 685
158 
58 768 350 113 563 246 23 398 579 18 702 165 77 182 
182 77
77 165
165 702
702 246
246 113
113 768
768 58
58 563
563 350
350 23
23 398
398 579
579 18
303 475 138 676 583 311 183 175 393 403 186 764 294 
294 764
764 186
186 138
138 676
676 311
311 475
475 583
583 303
303 183
183 175
175 393
393 403
466 222 459 224 235 470 50 406 334 436 385 13 797 316 264 646 328 115 21 52 699 
470 235
235 334
334 436
436 385
385 224
224 459
459 222
222 466
466 50
50 406
406 13
13 316
316 646
646 797
797 264
264 328
328 115
115 21
21 52
52 699
286 110 142 296 375 509 
296 142
142 110
110 509
509 286
286 375
355 623 
623 355
709 292 425 168 339 324 410 665 696 302 250 206 
168 292
292 709
709 425
425 339
339 324
324 410
410 250
250 665
665 302
302 696
696 206
8 536 771 469 
469 771
771 536
536 8
666 595 277 362 429 238 
666 595
595 429
429 277
277 362
362 238
218 390 10 463 423 253 
463 10
10 390
390 253
253 423
423 218
397 357 667 61 112 
112 61
61 397
397 357
357 667
700 632 525 56 245 20 493 
493 20
20 56
56 525
525 700
700 632
632 245
400 772 144 382 330 528 320 495 152 473 43 533 281 166 526 265 505 402 124 
505 124
124 265
265 526
526 495
495 533
533 402
402 152
152 281
281 320
320 166
166 528
528 330
330 144
144 382
382 772
772 400
400 473
473 43
275 620 
275 620
725 
502 151 
502 151
600 95 614 
614 95
95 600
46 654 219 624 430 98 162 299 484 155 555 760 15 386 576 486 594 156 480 546 314 
576 386
386 555
555 430
430 155
155 624
624 219
219 654
654 46
46 760
760 15
15 98
98 162
162 299
299 484
484 486
486 594
594 156
156 480
480 546
546 314
777 392 59 280 344 424 468 590 612 169 249 492 690 557 228 301 284 537 471 75 747 180 192 27 745 640 482 234 103 227 686 629 427 552 467 
640 745
745 557
557 169
169 690
690 612
612 249
249 590
590 492
492 537
537 468
468 228
228 284
284 424
424 344
344 59
59 482
482 471
471 301
301 280
280 192
192 180
180 777
777 27
27 75
75 747
747 392
392 467
467 552
552 234
234 103
103 227
227 686
686 629
629 427
252 346 134 597 329 
346 252
252 134
134 597
597 329
452 681 60 426 461 140 
681 60
60 452
452 426
426 461
461 140
672 638 25 742 675 37 773 300 96 269 261 304 291 87 
638 672
672 25
25 742
742 773
773 675
675 37
37 300
300 96
96 269
269 304
304 261
261 291
291 87
191 74 456 
456 191
191 74
518 551 476 
476 551
551 518
630 337 498 596 791 
791 596
596 498
498 630
630 337
532 173 763 251 756 126 631 474 511 212 545 
756 763
763 251
251 545
545 126
126 631
631 532
532 173
173 511
511 212
212 474
167 118 723 
723 118
118 167
593 656 781 258 506 706 327 
706 506
506 258
258 327
327 781
781 656
656 593
