!
0 1 2 3 6 10 11 14 15 17 18 19 20 22 26 29 31 32 33 34 35 38 39 42 44 45 46 48 51 52 53 55 56 58 59 63 65 71 72 76 78 80 86 89 90 93 94 95 96 97 100 101 102 103 106 109 110 111 112 113 114 116 118 119 121 124 125 128 130 135 137 138 139 142 143 146 150 151 152 155 157 160 161 162 165 167 169 170 172 174 175 176 177 181 184 185 186 187 188 189 194 196 197 199 200 201 202 203 204 207 208 209 210 211 212 214 216 218 219 221 222 224 226 227 228 231 232 237 240 242 244 245 246 249 256 257 258 260 261 269 272 274 278 279 284 286 289 290 292 294 295 297 298 300 305 306 307 308 309 310 311 312 313 314 316 318 319 320 321 323 327 329 330 331 335 337 339 340 341 342 344 346 347 348 349 350 352 354 355 357 359 360 362 364 366 367 377 380 383 384 386 387 389 390 392 393 394 395 397 403 404 407 410 412 413 417 421 425 428 429 430 433 435 439 440 443 445 446 447 448 450 451 452 454 455 458 459 461 463 469 470 471 475 476 479 480 481 482 483 484 486 487 489 495 496 498 500 502 505 506 511 513 514 515 520 521 523 525 528 530 531 532 533 534 535 537 540 543 544 549 550 551 553 554 556 557 559 564 569 570 577 579 584 586 587 590 591 592 594 595 597 598 599 600 601 602 603 604 607 609 610 612 613 614 615 619 620 621 622 623 624 625 627 631 633 638 639 641 643 644 647 648 650 652 656 657 659 663 664 665 666 667 668 670 671 672 673 674 677 678 680 681 682 684 686 691 693 698 701 703 704 705 706 709 712 713 715 717 719 720 721 722 723 726 735 736 737 738 741 742 745 747 748 749 750 751 752 754 757 762 765 767 773 783 784 785 786 788 789 791 793 794 795 796 797 4 5 7 8 9 12 13 16 21 23 24 25 27 28 30 36 37 40 41 43 47 49 50 54 57 60 61 62 64 66 67 68 69 70 73 74 75 77 79 81
8 21
21 43
43 47
47 67
67 4
4 70
70 77
77 69
69 40
40 9
9 7
7 62
62 24
24 30
30 25
25 5
5 36
36 13
13 54
54 41
41 28
28 37
37 50
50 75
75 23
23 68
68 27
27 79
79 61
61 74
74 66
66 81
81 64
64 73
73 12
12 16
16 60
60 736
736 57
57 525
525 311
311 119
119 49
49 417
417 197
197 482
482 297
297 174
174 577
577 720
720 435
435 648
648 319
319 544
544 505
505 320
320 641
641 722
722 286
286 292
292 348
348 788
788 455
455 680
680 10
10 157
157 647
647 44
44 789
789 146
146 469
469 65
65 429
429 446
446 612
612 360
360 219
219 118
118 246
246 556
556 535
535 496
496 484
484 397
397 347
347 783
783 749
749 506
506 750
750 403
403 94
94 383
383 327
327 723
723 202
202 350
350 200
200 72
72 257
257 412
412 531
531 639
639 294
294 209
209 309
309 321
321 448
448 390
390 29
29 613
613 668
668 366
366 735
735 55
55 394
394 650
650 63
63 181
181 95
95 584
584 201
201 486
486 279
279 342
342 121
121 14
14 638
638 601
601 203
203 754
754 748
748 625
625 151
151 42
42 228
228 705
705 395
395 329
329 454
454 306
306 528
528 101
101 335
335 139
139 451
451 791
791 142
142 97
97 392
392 177
177 232
232 657
657 17
17 323
323 112
112 713
713 532
532 34
34 33
33 489
489 667
667 258
258 487
487 210
210 377
377 551
551 386
386 196
196 307
307 160
160 726
726 204
204 367
367 459
459 207
207 511
511 569
569 520
520 564
564 208
208 199
199 102
102 586
586 793
793 665
665 340
340 677
677 463
463 752
752 308
308 786
786 498
498 295
295 534
534 71
71 570
570 331
331 274
274 32
32 48
48 109
109 644
644 762
762 643
643 110
110 554
554 712
712 237
237 447
447 652
652 691
691 674
674 78
78 715
715 216
216 619
619 599
599 413
413 339
339 186
186 357
357 305
305 56
56 425
425 682
682 757
757 19
19 169
169 681
681 89
89 598
598 719
719 500
500 341
341 51
51 475
475 245
245 704
704 797
797 167
167 45
45 514
514 738
738 176
176 76
76 152
152 337
337 214
214 603
603 22
22 143
143 483
483 231
231 709
709 31
31 124
124 610
610 627
627 458
458 380
380 703
703 284
284 659
659 479
479 440
440 355
355 26
26 162
162 15
15 686
686 701
701 240
240 318
318 312
312 384
384 1
1 773
773 523
523 289
289 344
344 656
656 559
559 175
175 3
3 313
313 614
614 751
751 784
784 594
594 430
430 242
242 278
278 59
59 221
221 765
765 433
433 530
530 445
445 597
597 461
461 633
633 260
260 52
52 742
742 130
130 269
269 6
6 135
135 631
631 410
410 443
443 0
0 211
211 557
557 187
187 212
212 86
86 421
421 18
18 672
672 604
604 362
362 389
389 592
592 664
664 595
595 607
607 537
537 693
693 352
352 678
678 93
93 471
471 111
111 521
521 58
58 224
224 218
218 404
404 185
185 476
476 100
100 747
747 128
128 663
663 553
553 495
495 590
590 300
300 354
354 272
272 737
737 673
673 172
172 587
587 796
796 316
316 188
188 103
103 165
165 481
481 540
540 794
794 502
502 620
620 795
795 170
170 125
125 745
745 222
222 622
622 137
137 227
227 741
741 330
330 591
591 670
670 39
39 621
621 470
470 189
189 666
666 684
684 116
116 698
698 106
106 624
624 310
310 609
609 249
249 261
261 393
393 515
515 359
359 623
623 20
20 114
114 600
600 671
671 184
184 113
113 450
450 364
364 46
46 615
615 155
155 2
2 290
290 550
550 53
53 579
579 346
346 602
602 298
298 706
706 533
533 717
717 314
314 194
194 226
226 244
244 11
11 35
35 96
96 767
767 480
480 428
428 80
80 513
513 38
38 256
256 138
138 387
387 150
150 452
452 785
785 721
721 549
549 439
439 161
161 349
349 90
90 407
407 543
82 83 84 85 87 88 91 92 98 99 104 105 107 108 115 117 120 122 123 126 127 129 131 132 133 134 136 140 141 144 145 147 148 149 153 154 156 158 159 163 164 166 168 171 173 178 179 180 182 183 190 191 192 193 195 198 205 206 213 215 217 220 223 225 229 230 233 234 235 236 238 239 241 243 247 248 250 251 252 253 254 255 259 262 263 264 265 266 267 268 270 271 273 275 276 277 280 281 282 283 285 287 288 291 293 296 299 301 302 303 304 315 317 322 324 325 326 328 332 333 334 336 338 343 345 351 353 356 358 361 363 365 368 369 370 371 372 373 374 375 376 378 379 381 382 385 388 391 396 398 399 400 401 402 405 406 408 409 411 414 415 416 418 419 420 422 423 424 426 427 431 432 434 436 437 438 441 442 444 449 453 456 457 460 462 464 465 466 467 468 472 473 474 477 478 485 488 490 491 492 493 494 497 499 501 503 504 507 508 509 510 512 516 517 518 519 522 524 526 527 529 536 538 539 541 542 545 546 547 548 552 555 558 560 561 562 563 565 566 567 568 571 572 573 574 575 576 578 580 581 582 583 585 588 589 593 596 605 606 608 611 616 617 618 626 628 629 630 632 634 635 636 637 640 642 645 646 649 651 653 654 655 658 660 661 662 669 675 676 679 683 685 687 688 689 690 692 694 695 696 697 699 700 702 707 708 710 711 714 716 718 724 725 727 728 729 730 731 732 733 734 739 740 743 744 746 753 755 756 758 759 760 761 763 764 766 768 769 770 771 772 774 775 776 777 778 779 780 781 782 787 790 792 798 799
277 503
503 778
778 689
689 351
351 285
285 399
399 630
630 798
798 259
259 777
777 233
233 147
147 408
408 235
235 401
401 108
108 617
617 695
695 512
512 529
529 517
517 596
596 213
213 702
702 398
398 460
460 770
770 675
675 280
280 247
247 571
571 792
792 661
661 759
759 166
166 193
193 288
288 685
685 144
144 510
510 243
243 420
420 760
760 363
363 388
388 542
542 769
769 679
679 173
173 205
205 217
217 238
238 334
334 179
179 583
583 766
766 676
676 379
379 370
370 555
555 378
378 572
572 490
490 431
431 374
374 133
133 253
253 441
441 744
744 304
304 560
560 437
437 585
585 263
263 728
728 107
107 418
418 740
740 178
178 568
568 697
697 158
158 477
477 449
449 755
755 465
465 223
223 763
763 283
283 453
453 438
438 251
251 764
764 149
149 411
411 145
145 462
462 593
593 724
724 727
727 405
405 324
324 105
105 632
632 708
708 266
266 82
82 180
180 123
123 372
372 504
504 547
547 799
799 573
573 264
264 628
628 658
658 353
353 132
132 381
381 707
707 653
653 303
303 198
198 126
126 780
780 332
332 536
536 611
611 781
781 618
618 87
87 183
183 739
739 645
645 148
148 690
690 255
255 640
640 182
182 156
156 699
699 782
782 322
322 491
491 131
131 299
299 225
225 545
545 302
302 649
649 154
154 442
442 539
539 122
122 519
519 254
254 467
467 267
267 422
422 432
432 562
562 775
775 206
206 190
190 368
368 472
472 774
774 473
473 376
376 230
230 694
694 731
731 700
700 234
234 497
497 729
729 580
580 296
296 301
301 464
464 159
159 683
683 317
317 494
494 427
427 552
552 115
115 400
400 660
660 91
91 436
436 646
646 518
518 98
98 493
493 326
326 634
634 501
501 507
507 772
772 733
733 527
527 270
270 563
563 434
434 275
275 83
83 753
753 743
743 548
548 220
220 402
402 771
771 485
485 651
651 239
239 541
541 419
419 104
104 730
730 262
262 776
776 88
88 248
248 492
492 746
746 333
333 522
522 141
141 84
84 336
336 423
423 276
276 574
574 488
488 606
606 356
356 538
538 127
127 414
414 168
168 779
779 415
415 626
626 578
578 120
120 140
140 768
768 273
273 282
282 725
725 117
117 758
758 396
396 191
191 629
629 616
616 371
371 192
192 409
409 369
369 385
385 252
252 406
406 710
710 265
265 508
508 92
92 561
561 375
375 343
343 588
588 164
164 424
424 526
526 581
581 546
546 365
365 287
287 466
466 163
163 565
565 358
358 328
328 281
281 315
315 499
499 99
99 787
787 687
687 567
567 478
478 716
716 662
662 325
325 576
576 416
416 291
291 582
582 271
271 345
345 85
85 524
524 457
457 734
734 654
654 136
136 426
426 732
732 509
509 195
195 790
790 468
468 129
129 391
391 229
229 636
636 241
241 215
215 250
250 474
474 566
566 134
134 688
688 589
589 696
696 756
756 444
444 718
718 373
373 558
558 761
761 456
456 655
655 153
153 635
635 605
605 382
382 642
642 714
714 516
516 268
268 236
236 637
637 692
692 669
669 171
171 338
338 293
293 711
711 575
575 608
608 361
