!
12
295
423 503 544 765 201 212 332
201 332
332 212
212 765
765 544
544 423
423 503
417 518
417 518
776 27 68 182 502
776 182
182 27
27 68
68 502
587
622
67 111 171 173
67 173
173 111
111 171
189
491 436 476
491 436
436 476
509 521 645 756 4 143 420 456 586
4 420
420 586
586 143
143 456
456 521
521 645
645 756
756 509
693 57
693 57
86 115
115 86
292
524 746
746 524
104
323 406 435
323 435
435 406
600 630
600 630
180 259 366 649 686 52 296
686 180
180 649
649 366
366 296
296 259
259 52
493
576 723 191
191 723
723 576
399 530
399 530
578 726
578 726
268 340
268 340
523 617
617 523
683
22
175
203
418 455
418 455
89
186 200
186 200
605 646 58 88 570
646 605
605 88
88 570
570 58
742 771 21 257
771 21
21 742
742 257
261
291
772 69 184
184 69
69 772
477 481 761 39 532 635
761 481
481 477
477 39
39 532
532 635
768 785 63
768 785
785 63
84 517 681
517 84
84 681
758 142
142 758
147 236
147 236
498 788
498 788
415 482 488
488 415
415 482
610 616 75 148 388
75 148
148 388
388 616
616 610
596 744
596 744
59 158 273 404
404 273
273 158
158 59
492 137 362 369 499
492 499
499 137
137 362
362 369
731
215 572
572 215
673 677
673 677
739 150 183
739 150
150 183
450 598
450 598
689 9 305
9 305
305 689
457 486 733 263
733 457
457 486
486 263
370 474 558
370 474
474 558
668
266 373 429
373 266
266 429
696
763 82
82 763
463
500 525 671 45 389 662
45 662
662 389
389 525
525 671
671 500
690
17
330
620 685
685 620
252
274
536
728 438 535 701
535 701
701 438
438 728
736
281 309
281 309
542 653 336 478 702 766
653 542
542 336
336 478
478 702
702 766
130 192
192 130
375 792 41
792 375
375 41
335
437 719 132 207 371 737
437 719
719 737
737 371
371 132
132 207
213 216 411 504 106 475 514
216 504
504 213
213 411
411 106
106 514
514 475
545 49 393
49 393
393 545
480 556
480 556
165 198
165 198
304 433 170
170 304
304 433
264
354 665 40
354 665
665 40
308 550
550 308
601
95
327 356 489
356 489
489 327
56
409
609 632 229
609 632
632 229
334 365 712 265
265 365
365 712
712 334
269
410 559 70 244 294
559 410
410 294
294 70
70 244
549
48 159 460 585
159 48
48 585
585 460
20 145
145 20
537 669 124 239 619 675
675 124
124 239
239 619
619 669
669 537
277 427 679
277 679
679 427
694 93 333
694 333
333 93
378 541 204
204 541
541 378
358
589
647 153 286
647 286
286 153
461
599 208 396 506 538 283
283 208
208 396
396 538
538 506
506 599
382
505 729 50 209 301 584
50 209
209 301
301 584
584 729
729 505
245
615 713
615 713
749 100 110 319 337 258 392
392 258
258 749
749 337
337 110
110 100
100 319
496
678 91 272 387
678 91
91 387
387 272
722 310
310 722
379 440 794 108
379 440
440 794
794 108
127 196 528 31 36 359 648
31 648
648 36
36 359
359 528
528 127
127 196
322 412
412 322
419 443 116 248 405 428
405 419
419 428
428 116
116 248
248 443
77
219 320 657 90
219 657
657 320
320 90
487
515 583 120 284 385
583 515
515 385
385 284
284 120
568 44 51 360 629
51 360
360 44
44 629
629 568
25 346 582
582 346
346 25
759 118 205 469 791 199 403 562
562 199
199 403
403 759
759 205
205 791
791 118
118 469
581 83
581 83
232 540 655
232 655
655 540
54 94
54 94
386
446
97
507
781 784 421
781 784
784 421
641
709 730 176 250 383 60 743
176 250
250 383
383 743
743 60
60 709
709 730
754 391
754 391
413 513 74
74 513
513 413
79
652 140
652 140
149
625 131 164
164 131
131 625
527 47
47 527
349
748 129
748 129
464 708 92 300 472
300 472
472 92
92 464
464 708
449 715
715 449
789 225 672 767
789 225
225 767
767 672
35 567 595 202 479 753 136 364
753 479
479 202
202 35
35 595
595 567
567 364
364 136
551 249 473
551 473
473 249
670 78 338
78 338
338 670
727 361 363
727 361
361 363
680 377
377 680
626 703
626 703
316
318
444
103
762 773
762 773
152 275 297 28 178 557 243 442
297 442
442 152
152 275
275 243
243 557
557 178
178 28
468 279 355 793 87 471 656 222 246 747 293
246 747
747 222
222 656
656 87
87 468
468 471
471 355
355 279
279 793
793 293
315
779 555 705 711 11 287
705 711
711 555
555 779
779 287
287 11
564 2 563
2 563
563 564
692 113 324
692 113
113 324
724 155 430
430 155
155 724
691
23 99 490
490 23
23 99
298
439 607 288 627 717
288 717
717 627
627 439
439 607
61 401 707 328 511
328 511
511 61
61 707
707 401
636 470
470 636
501
704 230 278 522
704 230
230 522
522 278
121 380 397
121 380
380 397
34
497
778
174 374
174 374
741
133 256 684
133 684
684 256
210 233 674 73 560 750 26 706
233 674
674 210
210 73
73 750
750 560
560 26
26 706
757 96 134
96 134
134 757
688 107 228 777 42 344 510 352
510 42
42 344
344 777
777 107
107 228
228 688
688 352
663 699 125 227 376
376 227
227 125
125 699
699 663
55 414
55 414
512 71
71 512
539
682 38 398 798 10 255 290 342
255 10
10 290
290 682
682 342
342 38
38 798
798 398
628
710 1
1 710
80 285 3 234
3 234
234 285
285 80
432 394 529 796 235
796 529
529 394
394 432
432 235
658
787
160 534 650
534 650
650 160
326 434 588
588 326
326 434
62 390 734
390 62
62 734
139
144 400 13 644
13 144
144 400
400 644
795 289 447 452 151
795 151
151 289
289 447
447 452
303 577 260 306
260 306
306 577
577 303
381
441
621 637 102
637 621
621 102
231
431
37 101 237 7 167 311 345
37 101
101 345
345 237
237 311
311 7
7 167
725 745 6 508 566
745 725
725 508
508 6
6 566
16 119 454
454 16
16 119
157 214 495
495 214
214 157
138 661 799 105 194 643 561 593
643 194
194 105
105 561
561 593
593 799
799 661
661 138
667 141 462 640 299 325 553 623
325 299
299 667
667 640
640 141
141 462
462 553
553 623
313 786 146
786 313
313 146
453 302 755
302 755
755 453
188
350 666 797 29
350 797
797 666
666 29
408
634
774 98 614
774 614
614 98
276 732 247 618 341
341 276
276 732
732 247
247 618
407 221 467
407 467
467 221
253 554 611 639 15 372 14 19 168 721
15 372
372 14
14 19
19 611
611 639
639 253
253 554
554 721
721 168
65 154 485 790
790 485
485 154
154 65
546
770
384 664 602 695
664 384
384 695
695 602
314 606
606 314
698 752 367 445 43 353 195 348 32
752 698
698 353
353 43
43 32
32 195
195 348
348 445
445 367
659
18 24
24 18
85
714 280
280 714
760 574 697 197 368 177 565 484
760 484
484 574
574 697
697 368
368 197
197 565
565 177
751
520
651 573 642 262 654
651 654
654 262
262 642
642 573
193 579 424
579 193
193 424
533 569 780 347 591 211
780 569
569 211
211 533
533 347
347 591
357
81
339 72
339 72
769
163
552 612
612 552
783
46 531 720 740
740 720
720 531
531 46
317
458 128 156
458 128
128 156
343 603 64 638 126 426 0 660
660 603
603 343
343 0
0 638
638 64
64 126
126 426
66
241 76 592 402
241 76
76 592
592 402
516 716
716 516
764
594
700
179
187 53
53 187
571 226 395 270 329 161 254 33 465
571 254
254 161
161 226
226 395
395 465
465 33
33 270
270 329
331 543 162
543 331
331 162
169 181 240 185 448
169 185
185 448
448 240
240 181
312 718 30 580
312 718
718 30
30 580
687 782 307
687 782
782 307
451 123
123 451
547 466
466 547
735 223
735 223
494 224
224 494
631 112 220 8
631 112
112 8
8 220
604
271
117
624 217 416 633
416 633
633 217
217 624
676 321
321 676
166
206
218 608
218 608
613 526
526 613
122
590 422 519 459
590 459
459 519
519 422
135 238 251 738
251 738
738 135
135 238
172
425 548 597 190
597 548
548 190
190 425
351 114 267 775 282 575 5 242 483 109
575 351
351 483
483 775
775 114
114 267
267 282
282 109
109 242
242 5
