!
382 248 698 573 513 
698 382
382 248
248 513
513 573
587 634 170 82 194 85 183 578 158 401 188 628 332 211 86 144 564 
86 211
211 158
158 578
578 85
85 194
194 82
82 183
183 587
587 634
634 170
170 401
401 332
332 628
628 188
188 564
564 144
625 
256 610 597 
597 256
256 610
656 524 191 123 504 301 227 479 
656 301
301 191
191 524
524 123
123 504
504 227
227 479
380 543 684 774 335 406 
406 543
543 380
380 335
335 684
684 774
435 
614 4 537 559 
559 4
4 537
537 614
754 604 770 
770 604
604 754
280 293 340 
280 293
293 340
660 423 
660 423
152 797 
797 152
334 31 303 
334 303
303 31
129 701 156 
129 701
701 156
100 336 509 540 525 
525 540
540 509
509 336
336 100
178 355 757 552 107 272 228 557 246 
178 355
355 757
757 552
552 107
107 272
272 557
557 228
228 246
616 482 732 
482 616
616 732
243 715 92 657 99 580 343 52 744 608 37 283 384 463 284 399 79 155 277 295 672 364 383 617 69 629 778 
384 283
283 744
744 37
37 608
608 343
343 52
52 629
629 69
69 243
243 92
92 617
617 715
715 463
463 657
657 99
99 383
383 580
580 284
284 364
364 778
778 399
399 672
672 295
295 79
79 277
277 155
442 534 767 461 324 257 
767 442
442 534
534 461
461 324
324 257
196 733 365 395 
733 395
395 196
196 365
626 730 600 269 
269 730
730 600
600 626
719 761 
761 719
168 512 785 758 333 688 444 448 13 217 
448 444
444 333
333 512
512 168
168 688
688 785
785 758
758 13
13 217
146 
500 753 558 41 127 
558 753
753 500
500 41
41 127
317 
696 
440 235 554 164 134 746 29 613 27 201 486 741 253 118 654 294 611 378 
378 611
611 294
294 654
654 613
613 118
118 29
29 746
746 440
440 164
164 235
235 134
134 554
554 486
486 741
741 27
27 201
201 253
433 579 563 11 711 456 219 349 586 65 76 777 736 453 714 583 96 572 308 717 721 197 381 687 208 584 101 768 237 130 659 567 203 
203 567
567 130
130 659
659 237
237 101
101 208
208 584
584 349
349 768
768 572
572 219
219 76
76 583
583 65
65 96
96 433
433 586
586 714
714 777
777 579
579 308
308 11
11 563
563 736
736 717
717 721
721 711
711 687
687 456
456 453
453 197
197 381
388 289 357 112 607 532 88 681 476 790 19 411 594 
594 19
19 411
411 790
790 476
476 681
681 88
88 532
532 607
607 357
357 112
112 388
388 289
254 798 218 
254 798
798 218
171 588 234 475 279 794 565 366 35 276 
366 794
794 234
234 475
475 279
279 588
588 171
171 565
565 35
35 276
141 542 
141 542
278 529 115 215 195 410 507 9 374 735 
735 374
374 278
278 195
195 410
410 215
215 115
115 507
507 529
529 9
447 226 705 389 8 
705 226
226 447
447 389
389 8
638 480 
638 480
468 322 286 631 80 271 473 550 
271 80
80 631
631 286
286 322
322 473
473 468
468 550
677 623 387 666 71 20 138 
677 623
623 387
387 666
666 71
71 20
20 138
520 193 
520 193
422 200 655 75 404 
75 404
404 422
422 200
200 655
692 776 393 505 190 417 
776 692
692 393
393 505
505 190
190 417
204 153 427 
427 204
204 153
523 104 
523 104
658 799 70 694 132 
132 694
694 70
70 658
658 799
650 78 
650 78
508 56 752 
752 508
508 56
187 773 239 477 432 784 637 
637 187
187 239
239 477
477 773
773 784
784 432
720 
161 470 
470 161
710 487 338 
338 710
710 487
653 260 
260 653
24 750 113 377 97 622 632 67 40 795 385 315 749 478 22 159 266 
632 622
622 97
97 22
22 749
749 159
159 478
478 315
315 24
24 385
385 750
750 113
113 377
377 40
40 795
795 67
67 266
323 39 108 182 117 526 83 106 309 527 462 503 496 342 111 103 591 221 172 467 663 516 555 
555 516
516 663
663 467
467 221
221 172
172 462
462 527
527 309
309 106
106 83
83 526
526 39
39 342
342 323
323 108
108 496
496 111
111 182
182 117
117 103
103 503
503 591
727 6 36 576 624 766 673 769 
769 36
36 6
6 727
727 766
766 576
576 624
624 673
150 763 728 163 676 671 667 551 416 
551 416
416 667
667 150
150 763
763 671
671 676
676 728
728 163
306 738 716 546 5 793 184 
793 5
5 306
306 546
546 738
738 184
184 716
312 110 430 726 693 
312 110
110 430
430 726
726 693
405 
747 347 420 402 157 121 712 514 162 691 782 413 678 53 205 652 358 451 207 598 55 647 
347 747
747 420
420 402
402 121
121 157
157 691
691 712
712 514
514 162
162 647
647 55
55 782
782 413
413 205
205 53
53 678
678 358
358 652
652 451
451 207
207 598
17 328 98 642 515 492 354 722 668 702 126 
668 722
722 354
354 492
492 515
515 17
17 328
328 98
98 642
642 126
126 702
596 
518 437 517 93 
518 437
437 517
517 93
292 528 471 87 133 125 675 599 310 94 359 
471 528
528 359
359 292
292 87
87 125
125 133
133 675
675 599
599 310
310 94
124 472 275 
124 472
472 275
484 371 386 695 
695 386
386 371
371 484
615 431 547 729 58 438 325 506 109 54 392 49 434 369 682 175 708 396 348 47 548 488 
348 708
708 396
396 47
47 488
488 175
175 682
682 369
369 58
58 438
438 434
434 615
615 431
431 325
325 729
729 49
49 54
54 109
109 547
547 506
506 392
392 548
209 765 450 593 469 350 
209 765
765 450
450 593
593 469
469 350
7 
639 408 185 544 
544 408
408 185
185 639
143 762 415 
143 762
762 415
274 225 252 553 455 61 166 114 670 
114 274
274 166
166 225
225 670
670 61
61 252
252 455
455 553
313 494 45 788 574 581 370 
370 581
581 788
788 574
574 45
45 494
494 313
339 264 
339 264
265 
247 651 556 734 77 74 44 649 592 644 304 796 311 
74 77
77 734
734 247
247 651
651 556
556 44
44 796
796 649
649 644
644 304
304 592
592 311
745 731 302 33 466 38 320 12 259 
745 731
731 33
33 302
302 259
259 320
320 466
466 38
38 12
485 
43 490 282 245 539 261 89 775 718 
718 775
775 89
89 261
261 539
539 43
43 282
282 490
490 245
135 571 603 360 519 3 192 270 464 458 149 32 173 
458 464
464 149
149 270
270 192
192 603
603 571
571 519
519 360
360 135
135 3
3 32
32 173
457 176 63 772 446 661 10 
446 457
457 176
176 63
63 661
661 772
772 10
445 674 81 327 771 
771 327
327 445
445 81
81 674
297 25 
25 297
409 419 331 481 363 755 
755 481
481 331
331 363
363 419
419 409
787 51 669 697 633 
787 51
51 669
669 697
697 633
352 595 723 241 493 287 582 601 
352 595
595 723
723 241
241 493
493 287
287 582
582 601
122 273 119 50 206 740 242 42 233 585 
585 233
233 119
119 122
122 42
42 273
273 50
50 740
740 242
242 206
403 
62 345 222 28 414 372 421 
421 62
62 345
345 222
222 28
28 414
414 372
57 397 244 18 709 566 535 
709 18
18 244
244 535
535 566
566 57
57 397
742 2 707 577 
577 707
707 742
742 2
307 510 238 249 169 59 337 605 426 186 538 224 737 160 664 214 376 460 
376 460
460 214
214 510
510 664
664 307
307 169
169 238
238 249
249 337
337 605
605 59
59 426
426 538
538 186
186 160
160 224
224 737
296 424 
424 296
429 443 665 91 621 102 281 602 199 589 154 
281 199
199 154
154 102
102 602
602 621
621 589
589 91
91 665
665 429
429 443
780 786 
780 786
683 181 
683 181
541 713 561 353 497 285 764 14 
14 764
764 285
285 497
497 353
353 561
561 713
713 541
318 499 231 751 412 
412 751
751 318
318 231
231 499
346 30 319 367 545 627 258 606 72 216 
346 30
30 319
319 367
367 545
545 627
627 258
258 606
606 216
216 72
68 704 791 105 145 
68 704
704 791
791 145
145 105
351 439 136 361 34 630 
630 34
34 361
361 136
136 439
439 351
425 549 344 373 240 536 167 398 612 502 686 645 21 251 635 321 
536 167
167 398
398 612
612 240
240 502
502 373
373 21
21 344
344 425
425 251
251 635
635 549
549 321
321 686
686 645
73 330 641 498 198 329 
73 198
198 330
330 641
641 498
498 329
131 262 703 495 212 
131 495
495 212
212 262
262 703
26 679 95 
95 679
679 26
316 23 511 459 299 646 706 474 533 174 379 739 781 180 267 291 640 680 391 436 
436 291
291 267
267 180
180 781
781 640
640 739
739 379
379 533
533 174
174 474
474 391
391 23
23 680
680 706
706 316
316 646
646 299
299 511
511 459
147 255 230 501 314 64 530 
147 255
255 230
230 501
501 64
64 314
314 530
140 662 756 449 648 290 341 560 177 779 
449 648
648 662
662 756
756 140
140 290
290 779
779 341
341 560
560 177
250 189 66 15 743 748 562 116 407 570 522 362 569 700 
189 250
250 66
66 700
700 15
15 743
743 748
748 116
116 562
562 522
522 407
407 362
362 570
570 569
356 
568 690 148 685 48 
568 690
690 685
685 48
48 148
400 792 
400 792
179 725 
725 179
90 491 452 
452 90
90 491
165 418 232 220 46 
165 418
418 232
232 220
220 46
120 
263 288 
263 288
689 590 84 643 300 724 210 142 609 760 521 16 1 229 
84 590
590 689
689 300
300 643
643 724
724 210
210 142
142 609
609 760
760 521
521 16
16 1
1 229
620 151 699 
620 151
151 699
428 202 489 
202 428
428 489
454 
441 60 
60 441
139 236 394 128 0 636 783 575 326 298 368 465 213 619 618 483 223 268 759 789 
789 759
759 268
268 139
139 236
236 394
394 128
128 298
298 783
783 575
575 636
636 0
0 618
618 213
213 465
465 326
326 619
619 368
368 483
483 223
137 
305 
390 531 375 
531 390
390 375
