!
85 58 731 628 53 787 239 389 447 546 284 301 680 437 339 453 114 495 393 498 180 190 195 701 570 307 138 601 346 559 644 305 577 537 99 43 183 599 370 470 19 476 723 700 515 233 773 143 562 631 572 639 573 289 111 429 610 632 732 646 153 298 69 738 694 120 622 214 793 420 18 168 533 169 609 201 763 481 290 469 715 47 159 548 379 406 326 798 681 394 589 667 435 369 590 602 303 60 264 621 457 489 524 236 161 799 677 364 758 508 182 28 342 460 219 721 438 772 684 591 32 614 321 776 657 706 513 151 775 689 296 337 246 454 6 576 612 634 786 265 211 251 523 368 666 367 179 465 142 761 372 104 15 269 224 243 225 213 70 418 13 3 10 186 402 131 443 794 297 779 649 502 113 430 744 421 463 408 688 442 704 154 390 347 724 403 415 7 220 560 5 782 330 693 534 630 674 155 468 226 669 21 33 747 17 499 40 410 292 784 623 627 620 279 613 67 607 702 274 445 89 112 149 412 90 277 46 84 699 550 336 185 467 92 510 318 417 23 637 686 228 244 171 215 147 557 1 276 199 792 434 492 734 55 288 755 324 36 558 729 449 789 281 334 123 416 728 126 88 579 136 472 444 304 191 561 506 635 107 271 222 718 332 671 651 56 348 785 428 80 461 360 106 62 735 102 544 448 205 34 76 545 164 317 74 482 522 280 267 266 75 198 509 11 685 122 378 25 542 31 682 466 496 294 687 118 529 752 750 263 310 441 653 133 41 530 484 503 105 135 575 714 659 177 464 121 462 665 
111 562
562 239
239 546
546 143
143 667
667 389
389 628
628 787
787 589
589 773
773 447
447 53
53 515
515 233
233 284
284 731
731 644
644 700
700 394
394 559
559 573
573 681
681 631
631 572
572 798
798 639
639 301
301 190
190 550
550 723
723 680
680 85
85 58
58 570
570 701
701 289
289 195
195 19
19 469
469 435
435 183
183 498
498 437
437 476
476 43
43 18
18 168
168 138
138 420
420 533
533 339
339 180
180 370
370 453
453 393
393 610
610 307
307 99
99 429
429 577
577 732
732 470
470 632
632 537
537 602
602 369
369 69
69 114
114 298
298 495
495 346
346 153
153 646
646 590
590 305
305 601
601 738
738 303
303 799
799 677
677 60
60 336
336 161
161 793
793 264
264 694
694 364
364 599
599 236
236 120
120 214
214 622
622 758
758 621
621 457
457 508
508 715
715 489
489 524
524 609
609 169
169 438
438 182
182 32
32 591
591 721
721 159
159 47
47 684
684 772
772 201
201 321
321 481
481 548
548 614
614 763
763 28
28 342
342 290
290 460
460 219
219 406
406 379
379 269
269 326
326 15
15 224
224 706
706 657
657 776
776 265
265 211
211 6
6 513
513 576
576 151
151 634
634 612
612 786
786 775
775 689
689 251
251 367
367 523
523 296
296 337
337 246
246 368
368 179
179 575
575 135
135 666
666 177
177 454
454 503
503 534
534 142
142 133
133 372
372 761
761 484
484 465
465 659
659 693
693 464
464 530
530 121
121 41
41 714
714 263
263 104
104 330
330 310
310 105
105 653
653 665
665 750
750 441
441 462
462 752
752 243
243 529
529 25
25 294
294 782
782 687
687 220
220 7
7 560
560 225
225 378
378 466
466 122
122 542
542 46
46 682
682 5
5 118
118 496
496 415
415 685
685 403
403 13
13 213
213 724
724 31
31 11
11 630
630 3
3 544
544 70
70 418
418 779
779 674
674 62
62 186
186 402
402 88
88 155
155 410
410 704
704 10
10 348
348 107
107 102
102 699
699 297
297 735
735 718
718 443
443 794
794 271
271 222
222 468
468 226
226 461
461 126
126 21
21 502
502 332
332 131
131 649
649 33
33 669
669 56
56 84
84 635
635 651
651 347
347 671
671 360
360 113
113 785
785 472
472 747
747 416
416 428
428 561
561 430
430 390
390 191
191 80
80 579
579 744
744 444
444 136
136 274
274 506
506 445
445 304
304 154
154 17
17 421
421 728
728 499
499 123
123 702
702 89
89 463
463 408
408 334
334 509
509 607
607 67
67 40
40 442
442 688
688 281
281 277
277 789
789 292
292 449
449 784
784 112
112 412
412 149
149 482
482 623
623 729
729 36
36 90
90 627
627 74
74 613
613 324
324 545
545 76
76 279
279 755
755 558
558 522
522 620
620 280
280 317
317 34
34 288
288 164
164 266
266 267
267 205
205 510
510 92
92 75
75 448
448 185
185 637
637 467
467 686
686 23
23 417
417 318
318 228
228 244
244 147
147 171
171 215
215 557
557 106
106 198
198 1
1 276
276 434
434 792
792 199
199 492
492 734
734 55
636 446 404 38 697 790 580 574 311 242 39 72 9 554 2 736 259 108 316 451 44 293 617 726 0 516 261 517 713 373 436 452 254 473 616 64 204 115 585 181 156 109 300 709 769 380 531 42 59 608 16 8 95 733 395 768 754 737 100 625 439 188 717 217 361 193 553 751 340 648 128 35 173 427 619 312 486 746 45 760 49 268 411 388 664 384 656 29 79 139 564 528 82 391 240 245 641 505 638 540 593 329 275 144 512 357 407 652 375 705 504 774 722 711 571 381 247 683 194 238 611 663 24 71 353 14 796 192 765 234 78 93 376 640 110 235 385 12 258 475 485 691 65 323 696 387 287 331 584 740 759 629 525 655 413 130 488 642 229 255 520 742 568 583 328 37 679 262 386 668 767 256 788 152 216 781 344 500 771 116 231 650 676 117 783 365 51 4 119 541 605 778 30 431 780 456 189 174 458 433 745 209 306 483 302 352 401 567 521 208 345 200 327 26 592 598 97 87 66 487 197 743 137 94 514 260 479 624 526 54 77 595 695 81 358 383 249 184 270 129 543 96 712 50 643 661 202 730 134 594 426 480 604 535 727 221 320 349 218 196 257 27 86 341 565 615 52 719 295 396 675 291 166 450 423 440 91 749 494 157 158 753 140 586 223 354 532 569 325 511 187 672 597 170 382 210 606 527 252 322 273 351 230 363 538 741 588 762 587 313 212 455 645 309 83 160 578 764 536 272 103 203 556 698 248 555 678 422 355 399 658 356 178 626 124 61 398 633 707 471 552 477 162 400 720 286 493 409 350 366 501 283 757 708 299 710 397 68 660 175 419 490 647 600 374 165 432 795 692 603 405 756 507 207 581 566 362 425 241 127 343 250 377 227 206 335 20 703 582 563 777 359 146 338 73 308 716 474 491 125 497 549 791 424 618 141 148 547 596 278 314 98 176 22 371 654 319 145 459 132 101 392 797 57 315 172 167 237 673 551 690 282 232 48 770 163 478 518 662 285 253 414 333 725 539 766 739 63 150 748 519 670 
739 725
725 567
567 766
766 748
748 77
77 141
141 519
519 94
94 150
150 54
54 63
63 654
654 521
521 333
333 526
526 424
424 547
547 618
618 401
401 549
549 791
791 148
148 514
514 497
497 624
624 352
352 414
414 483
483 260
260 670
670 302
302 539
539 596
596 371
371 306
306 491
491 125
125 479
479 358
358 308
308 73
73 716
716 595
595 81
81 474
474 209
209 745
745 253
253 433
433 695
695 338
338 383
383 458
458 278
278 146
146 22
22 777
777 189
189 359
359 174
174 456
456 176
176 598
598 780
780 97
97 87
87 30
30 431
431 200
200 327
327 778
778 345
345 366
366 541
541 605
605 26
26 409
409 208
208 350
350 283
283 119
119 708
708 710
710 493
493 501
501 299
299 592
592 757
757 286
286 397
397 4
4 51
51 167
167 552
552 172
172 720
720 66
66 315
315 400
400 162
162 124
124 68
68 660
660 57
57 743
743 626
626 551
551 707
707 178
178 487
487 797
797 673
673 563
563 477
477 137
137 61
61 197
197 237
237 398
398 365
365 356
356 392
392 471
471 633
633 603
603 175
175 103
103 692
692 795
795 272
272 250
250 419
419 783
783 536
536 764
764 658
658 343
343 578
578 582
582 127
127 405
405 432
432 160
160 756
756 518
518 241
241 399
399 83
83 207
207 227
227 490
490 355
355 507
507 422
422 788
788 703
703 647
647 566
566 20
20 581
581 206
206 668
668 309
309 165
165 425
425 362
362 335
335 645
645 37
37 328
328 374
374 600
600 455
455 212
212 583
583 587
587 98
98 248
248 698
698 555
555 679
679 314
314 568
568 152
152 556
556 377
377 262
262 678
678 313
313 742
742 216
216 762
762 690
690 48
48 478
478 386
386 319
319 145
145 203
203 588
588 256
256 520
520 255
255 282
282 232
232 767
767 459
459 538
538 273
273 322
322 770
770 363
363 130
130 351
351 132
132 230
230 101
101 163
163 382
382 170
170 650
650 413
413 231
231 655
655 597
597 527
527 606
606 252
252 210
210 629
629 759
759 672
672 187
187 771
771 511
511 525
525 500
500 740
740 116
116 741
741 584
584 344
344 488
488 331
331 229
229 642
642 325
325 287
287 749
749 91
91 261
261 440
440 108
108 423
423 450
450 387
387 516
516 636
636 117
117 675
675 676
676 446
446 404
404 396
396 38
38 293
293 295
295 697
697 790
790 44
44 242
242 719
719 580
580 451
451 39
39 45
45 574
574 285
285 72
72 611
611 662
662 291
291 311
311 52
52 746
746 128
128 486
486 9
9 340
340 648
648 259
259 173
173 2
2 554
554 751
751 615
615 760
760 35
35 736
736 166
166 619
619 312
312 316
316 49
49 553
553 427
427 439
439 781
781 388
388 268
268 411
411 193
193 664
664 341
341 663
663 726
726 617
617 100
100 737
737 361
361 384
384 24
24 79
79 0
0 29
29 754
754 353
353 218
218 86
86 565
565 349
349 139
139 656
656 247
247 717
717 768
768 564
564 27
27 774
774 625
625 257
257 188
188 320
320 705
705 683
683 504
504 395
395 375
375 517
517 217
217 391
391 652
652 82
82 528
528 240
240 769
769 12
12 196
196 245
245 221
221 709
709 796
796 641
641 608
608 480
480 604
604 452
452 512
512 144
144 505
505 436
436 380
380 713
713 373
373 275
275 357
357 540
540 712
712 638
638 59
59 407
407 535
535 494
494 96
96 543
543 50
50 329
329 727
727 258
258 254
254 593
593 42
42 475
475 691
691 722
722 473
473 270
270 485
485 129
129 109
109 202
202 156
156 65
65 14
14 643
643 71
71 616
616 157
157 64
64 381
381 204
204 531
531 323
323 753
753 711
711 140
140 192
192 571
571 585
585 661
661 730
730 115
115 765
765 158
158 110
110 234
234 181
181 184
184 696
696 235
235 78
78 376
376 93
93 16
16 586
586 354
354 95
95 733
733 194
194 249
249 532
532 385
385 569
569 300
300 640
640 426
426 8
8 134
134 238
238 223
223 594
