!
103 275 526 605 609 629
526 609
609 605
605 275
275 629
629 103
646
647 694 731
731 694
694 647
760 779 66
760 779
779 66
142 208 325 364
364 208
208 325
325 142
472 570 608 617 653 659
570 617
617 653
653 659
659 608
608 472
711 0 179 267 378 546 569
378 0
0 569
569 179
179 267
267 546
546 711
613 693 700 706 773 14 28 106 187
613 706
706 773
773 693
693 700
700 106
106 28
28 14
14 187
262 468
468 262
481 496
481 496
554 715 61 83 171 178 382 534 582 742 748 790 192 298 440 576 612 627 633 673 756 783 207 211
207 211
211 171
171 742
742 83
83 178
178 534
534 582
582 790
790 382
382 748
748 61
61 192
192 627
627 612
612 756
756 673
673 440
440 298
298 783
783 633
633 576
576 554
554 715
235 380 446 460
446 460
460 380
380 235
500 607 622 686 52 89 102 135 212 416 448 501 566 754 41
622 500
500 686
686 607
607 41
41 754
754 448
448 501
501 135
135 102
102 52
52 212
212 89
89 416
416 566
74 107 194 213 281
107 74
74 213
213 194
194 281
333 681
681 333
692 733
733 692
25 195 218
218 25
25 195
232 260 389 399
399 232
232 260
260 389
466 592 753
592 466
466 753
24 82 219
82 219
219 24
286 313
286 313
348 477 532
348 477
477 532
705 772 55 88 109 156 217 259 392 465 539 657 11 38 43 293 538 586
55 539
539 88
88 109
109 217
217 392
392 156
156 465
465 657
657 259
259 772
772 705
705 11
11 38
38 293
293 586
586 43
43 538
593 774 776 64 76 145 296 309
64 76
76 309
309 296
296 145
145 593
593 776
776 774
331 428 717 764 16 56 214
56 214
214 16
16 428
428 764
764 331
331 717
345 397
345 397
413 552
552 413
599 676 151 176 188 277 349 505 652 702 762 1
599 676
676 1
1 349
349 176
176 505
505 188
188 652
652 277
277 702
702 151
151 762
69 80 180
80 69
69 180
320 521
320 521
628 679 775 8 136 175 289 471 549
679 775
775 628
628 289
289 175
175 8
8 549
549 471
471 136
606 619 793 118 233 248 254 395 430 469 530 668
233 248
248 530
530 430
430 469
469 668
668 118
118 395
395 254
254 606
606 793
793 619
68
110 197 215 385 433 494 567 42 71 305 522 579 637
433 567
567 494
494 110
110 385
385 197
197 215
215 305
305 637
637 522
522 579
579 71
71 42
665 781 18 45 370 461
461 370
370 18
18 45
45 665
665 781
467 548 667 787
787 548
548 467
467 667
32 37 122 186 329 451 596
32 596
596 37
37 329
329 122
122 186
186 451
784 311 375 394 405 441 623 698 723 60 177 326 346 411 453 588 766 79
784 79
79 723
723 698
698 346
346 60
60 394
394 623
623 588
588 411
411 766
766 326
326 441
441 453
453 405
405 177
177 311
311 375
92 251 282 434
282 92
92 434
434 251
474 682 725 9 51
9 51
51 725
725 682
682 474
340
359 401 621
621 359
359 401
661 721 169 216 347 396 409 417 420 431 17 20 112 124 255 367 495 126
17 367
367 20
20 255
255 112
112 721
721 495
495 661
661 124
124 126
126 347
347 417
417 420
420 431
431 396
396 169
169 409
409 216
256
269
439 531 618
618 439
439 531
768 58 108 473 527 561 611
768 611
611 527
527 561
561 473
473 58
58 108
709
7 48 120 174
174 48
48 120
120 7
301
432 771 67 328 342 476 517 578 792 12 226 315
771 432
432 226
226 12
12 315
315 476
476 67
67 328
328 342
342 517
517 578
578 792
437 642 691 788 96 229 490 550 671 707 741 372 398 415 425
691 437
437 642
642 788
788 707
707 96
96 229
229 671
671 550
550 490
490 741
741 415
415 425
425 398
398 372
447 504 662 44 172 297 360 388 535
388 360
360 297
297 44
44 535
535 172
172 447
447 662
662 504
687 78 165 190 463 485 708 735 22 140 222 245 276 559 697 265 299
687 265
265 299
299 78
78 735
735 485
485 165
165 463
463 190
190 708
708 140
140 697
697 276
276 222
222 22
22 245
245 559
303 457 480 603 46 334 354
457 303
303 480
480 603
603 354
354 46
46 334
512 601 634 113 132 386 511 529 560 200 221 224 565
601 634
634 221
221 565
565 200
200 512
512 224
224 132
132 560
560 113
113 511
511 386
386 529
598 719 138 227 242 418 584
227 584
584 138
138 242
242 418
418 598
598 719
616 123 134 252 383 470 536 270 295 436 444 730 750 31 137 181 361 553 625 59 272 306 541 728 746 201
201 728
728 272
272 616
616 541
541 746
746 59
59 306
306 750
750 444
444 730
730 270
270 436
436 295
295 134
134 383
383 470
470 123
123 536
536 252
252 361
361 625
625 31
31 181
181 553
553 137
247 287 683 745 791 332 351 366
332 351
351 366
366 287
287 791
791 683
683 247
247 745
648 703 755
755 703
703 648
198 290 291 435
290 435
435 291
291 198
581 672 6
6 581
581 672
26 319 597 649 675 53 390 484 508 585 615 130 238 445
445 238
238 130
130 26
26 319
319 597
597 675
675 649
649 615
615 390
390 585
585 508
508 484
484 53
503 604 749 30 87
749 503
503 604
604 87
87 30
153
159
478 712 117 189 379
712 478
478 189
189 117
117 379
497 650 743 154 244 368 421
421 154
154 244
244 368
368 497
497 743
743 650
464 636
636 464
455 491
455 491
510 551 695 763 75 316 357 393 414 557 121 193 515
551 510
510 763
763 695
695 414
414 393
393 316
316 557
557 357
357 75
75 121
121 515
515 193
573 602 666 54 209 237 337 424
54 337
337 209
209 237
237 424
424 573
573 666
666 602
509 95 116 249
509 116
116 249
249 95
614 678
678 614
752 10 376 423 737 739 765 407 427 563 689 701 736
407 736
736 427
427 701
701 563
563 689
689 739
739 423
423 10
10 737
737 765
765 376
376 752
13
161 284 403 408 462 149 285 487 493 518 632 73 81
285 518
518 632
632 487
487 149
149 493
493 81
81 73
73 403
403 462
462 161
161 284
284 408
236 419 610 740 36 39 300 310 475 684 93 160 442 483 562 644
684 39
39 36
36 475
475 310
310 300
300 236
236 419
419 610
610 740
740 160
160 93
93 644
644 483
483 442
442 562
450
486 519
519 486
643 651 688 128 148 246 323
323 246
246 148
148 128
128 643
643 651
651 688
589 674
589 674
220 234 381 654 714 759 5 72 241
5 241
241 72
72 381
381 234
234 220
220 714
714 654
654 759
577 685 777 34
777 685
685 577
577 34
239 274 307
239 307
307 274
492 727 185 199 404 624 658 761 240
240 492
492 727
727 761
761 199
199 185
185 658
658 624
624 404
336 482
336 482
572 778 308
778 572
572 308
498 591 713 758 131
713 498
498 591
591 758
758 131
150 387 580
150 387
387 580
732 163 182 327
327 182
182 163
163 732
456 575 33 144
456 575
575 144
144 33
196 210 279 2
210 196
196 279
279 2
257 264 631 782
264 257
257 782
782 631
15 115 266 543 797
543 266
266 797
797 115
115 15
19
225 479 514 540 57 86 355 660 799 339 426
426 339
339 225
225 540
540 479
479 514
514 57
57 660
660 355
355 799
799 86
620 626 704 152
620 704
704 626
626 152
173 322 645 785
785 173
173 322
322 645
273 283 288 751 795 21
273 795
795 288
288 751
751 283
283 21
533 699 710 796 119 352 656 722 798 77
77 656
656 119
119 722
722 798
798 352
352 699
699 796
796 533
533 710
544 568 600 670 139 516 641 770 794 23 335 373 377
23 377
377 335
335 373
373 670
670 568
568 544
544 600
600 770
770 794
794 641
641 516
516 139
595 90 141 353 362 726 47 338 343
47 343
343 338
338 595
595 90
90 726
726 141
141 362
362 353
363 639 167 243 406 542 594 94 321 547 738
363 738
738 639
639 547
547 321
321 94
94 542
542 167
167 243
243 594
594 406
747 155 157 253
747 157
157 155
155 253
280 528
280 528
271 314 454 537 767 49
537 314
314 271
271 454
454 767
767 49
278
318 458
458 318
506
114 263
263 114
556 630 744 91 203 304 524 677 104 365 374 391
744 630
630 556
556 91
91 524
524 677
677 304
304 203
203 391
391 374
374 365
365 104
459 84 341 356
459 356
356 84
84 341
507 111 133 250 429
111 250
250 429
429 133
133 507
324
330 443 734
443 734
734 330
422 488 696
488 696
696 422
718 170 513 574 640 50 98 129 384 35 147 164 489 97 125 312 664 85 402 520 720 101 105 191
35 147
147 164
164 489
489 718
718 520
520 85
85 402
402 720
720 312
312 125
125 664
664 170
170 97
97 513
513 640
640 574
574 191
191 101
101 105
105 98
98 50
50 129
129 384
769 29 62
62 29
29 769
294 716 63 65 587
587 63
63 65
65 716
716 294
729 3 146 204 371 184
184 729
729 146
146 204
204 371
371 3
202
545 564 143 158 168 438 317 410 412 780 205 302 369 655
564 317
317 780
780 545
545 412
412 410
410 302
302 205
205 655
655 369
369 143
143 168
168 438
438 158
228 344 525 786 27
786 344
344 228
228 525
525 27
183 638 358 680 690 350 590 663
358 690
690 680
680 638
638 183
183 350
350 590
590 663
70
400 555 4 127 669 166 223
669 4
4 127
127 223
223 166
166 555
555 400
724 261 292 635 231 502 789 40 523 757 268
757 40
40 523
523 724
724 635
635 292
292 261
261 231
231 502
502 789
789 268
571 583 99 258
99 258
258 583
583 571
449
206
452 558 162
162 452
452 558
230 100
100 230
499
