!
210 685 407 623 442 732 37 131 643 337 
685 210
210 407
407 623
623 442
442 732
732 37
37 131
131 643
643 337
625 526 564 640 545 83 602 191 594 90 247 445 686 213 774 208 250 160 268 178 701 129 549 154 357 
357 154
154 549
549 701
701 129
129 160
160 250
250 213
213 774
774 208
208 686
686 268
268 445
445 178
178 247
247 90
90 594
594 602
602 191
191 545
545 83
83 640
640 564
564 526
526 625
615 115 495 231 
615 115
115 495
495 231
409 369 647 179 634 541 105 388 47 92 614 729 33 712 162 198 446 518 603 664 203 451 75 725 749 458 107 365 
647 179
179 369
369 729
729 634
634 614
614 388
388 541
541 105
105 409
409 47
47 92
92 603
603 33
33 162
162 518
518 664
664 712
712 198
198 451
451 446
446 203
203 749
749 458
458 75
75 725
725 107
107 365
792 313 638 395 
313 638
638 395
395 792
501 777 81 463 646 309 325 331 753 455 716 540 644 535 472 336 334 339 193 498 606 694 223 345 
334 339
339 336
336 498
498 472
472 193
193 535
535 716
716 606
606 455
455 644
644 753
753 309
309 694
694 345
345 223
223 540
540 646
646 463
463 331
331 81
81 325
325 777
777 501
97 323 696 746 361 354 595 731 4 717 762 454 555 538 376 233 752 134 788 742 202 212 283 140 617 539 568 62 221 101 670 385 715 89 360 147 184 346 528 370 374 54 394 286 373 111 104 228 620 278 266 108 672 145 372 525 416 304 659 703 439 82 736 230 569 155 10 465 197 180 533 427 613 667 650 653 377 543 141 85 628 236 244 190 159 387 333 59 137 402 
111 373
373 104
104 394
394 286
286 370
370 374
374 54
54 402
402 528
528 137
137 346
346 184
184 59
59 742
742 202
202 788
788 212
212 134
134 617
617 233
233 752
752 376
376 762
762 538
538 4
4 555
555 717
717 595
595 454
454 731
731 354
354 283
283 361
361 140
140 323
323 746
746 97
97 715
715 221
221 539
539 696
696 568
568 62
62 101
101 89
89 670
670 385
385 387
387 228
228 333
333 159
159 360
360 620
620 190
190 147
147 278
278 266
266 180
180 525
525 569
569 108
108 197
197 533
533 672
672 427
427 416
416 155
155 145
145 10
10 465
465 372
372 613
613 304
304 659
659 667
667 703
703 650
650 439
439 82
82 653
653 736
736 244
244 230
230 377
377 543
543 236
236 628
628 141
141 85
176 493 113 520 478 428 469 680 678 420 95 222 142 496 
496 142
142 222
222 95
95 420
420 469
469 678
678 428
428 680
680 478
478 520
520 176
176 493
493 113
281 312 128 581 349 158 77 52 78 273 573 80 530 682 780 287 11 69 
52 77
77 11
11 158
158 69
69 287
287 349
349 581
581 780
780 128
128 312
312 682
682 281
281 530
530 80
80 573
573 78
78 273
718 654 453 610 605 364 702 486 163 612 724 165 73 795 657 70 489 15 6 624 438 631 601 39 61 697 57 558 298 27 218 96 467 125 462 400 562 174 651 71 636 183 58 790 776 217 249 310 513 485 98 767 476 750 319 1 359 570 248 722 275 740 
249 790
790 217
217 58
58 462
462 400
400 96
96 218
218 467
467 174
174 125
125 651
651 697
697 183
183 562
562 71
71 636
636 61
61 558
558 39
39 601
601 776
776 275
275 15
15 438
438 6
6 57
57 722
722 27
27 486
486 740
740 724
724 631
631 248
248 310
310 298
298 702
702 570
570 612
612 359
359 605
605 513
513 165
165 319
319 767
767 610
610 73
73 364
364 657
657 98
98 485
485 750
750 795
795 453
453 476
476 70
70 654
654 489
489 163
163 1
1 718
718 624
189 658 192 91 12 473 491 311 87 441 546 635 211 587 79 515 235 301 403 
403 301
301 211
211 635
635 515
515 587
587 79
79 546
546 235
235 12
12 311
311 491
491 91
91 473
473 192
192 658
658 87
87 441
441 189
206 330 798 519 229 177 161 408 714 264 494 552 531 260 172 542 665 
330 206
206 798
798 519
519 172
172 260
260 161
161 229
229 408
408 177
177 714
714 552
552 531
531 264
264 542
542 494
494 665
31 449 411 23 262 645 21 500 505 766 
645 262
262 23
23 766
766 449
449 505
505 411
411 21
21 31
31 500
770 662 760 16 434 254 209 116 173 560 741 238 274 151 450 102 673 509 471 348 660 321 379 45 639 242 677 765 251 261 18 405 88 754 789 302 393 284 730 661 689 784 432 362 671 267 548 
267 689
689 548
548 784
784 432
432 661
661 730
730 362
362 393
393 302
302 284
284 789
789 754
754 88
88 405
405 671
671 173
173 434
434 560
560 116
116 741
741 760
760 770
770 238
238 254
254 662
662 16
16 274
274 151
151 209
209 450
450 102
102 673
673 509
509 45
45 639
639 471
471 379
379 321
321 660
660 348
348 677
677 242
242 18
18 765
765 261
261 251
265 72 219 46 26 297 447 353 258 118 692 466 459 343 307 506 276 794 103 642 436 367 401 168 524 156 396 126 757 166 122 13 556 629 117 448 164 392 124 263 
466 447
447 118
118 258
258 692
692 297
297 353
353 26
26 46
46 459
459 72
72 265
265 506
506 219
219 343
343 307
307 642
642 276
276 794
794 103
103 436
436 396
396 524
524 367
367 401
401 156
156 168
168 166
166 757
757 126
126 13
13 122
122 556
556 124
124 263
263 629
629 392
392 164
164 117
117 448
181 410 324 22 114 707 269 619 185 415 53 55 422 796 234 414 412 464 74 649 170 214 460 630 320 553 719 196 641 93 224 430 355 171 768 557 150 136 592 205 289 292 669 516 679 695 779 100 470 64 68 532 139 30 761 153 510 567 479 148 25 299 187 390 572 
64 30
30 761
761 68
68 153
153 510
510 779
779 139
139 532
532 100
100 695
695 470
470 516
516 679
679 669
669 292
292 567
567 289
289 479
479 205
205 187
187 592
592 148
148 390
390 25
25 299
299 136
136 572
572 768
768 557
557 150
150 355
355 171
171 430
430 196
196 719
719 224
224 553
553 93
93 320
320 630
630 460
460 214
214 649
649 641
641 74
74 170
170 464
464 412
412 414
414 234
234 422
422 55
55 796
796 269
269 185
185 707
707 114
114 619
619 181
181 324
324 22
22 410
410 415
415 53
793 521 109 
109 521
521 793
744 583 604 0 571 481 8 338 554 383 618 28 797 306 382 130 781 32 120 34 182 675 406 169 51 735 380 632 764 799 84 279 475 700 711 565 747 676 226 5 43 720 589 280 452 66 727 739 397 693 63 627 611 482 507 239 666 368 497 637 537 201 386 783 356 431 204 763 577 782 152 607 575 352 175 291 547 517 616 207 246 295 626 99 277 536 769 748 419 404 734 40 688 329 773 227 271 294 756 751 341 243 755 44 132 713 167 303 318 578 138 621 194 232 728 199 296 457 48 683 186 596 477 508 259 561 285 423 791 381 435 371 7 424 593 708 
708 593
593 7
7 424
424 747
747 711
711 700
700 371
371 565
565 475
475 382
382 306
306 279
279 130
130 676
676 618
618 226
226 781
781 28
28 797
797 120
120 5
5 32
32 84
84 34
34 764
764 383
383 554
554 338
338 799
799 8
8 675
675 182
182 51
51 380
380 406
406 169
169 735
735 632
632 481
481 583
583 744
744 571
571 604
604 0
0 589
589 596
596 280
280 43
43 452
452 66
66 48
48 720
720 167
167 727
727 713
713 739
739 435
435 381
381 457
457 132
132 397
397 296
296 693
693 199
199 44
44 63
63 755
755 243
243 751
751 341
341 368
368 666
666 497
497 756
756 239
239 423
423 627
627 637
637 561
561 611
611 537
537 507
507 259
259 508
508 482
482 783
783 683
683 285
285 431
431 201
201 356
356 386
386 186
186 607
607 152
152 204
204 577
577 782
782 763
763 791
791 477
477 626
626 294
294 575
575 99
99 352
352 232
232 517
517 578
578 303
303 175
175 295
295 291
291 277
277 547
547 318
318 734
734 194
194 536
536 138
138 246
246 616
616 207
207 769
769 748
748 621
621 40
40 271
271 227
227 419
419 404
404 773
773 688
688 329
329 728
598 551 384 691 698 133 253 255 418 709 358 366 778 94 738 690 652 608 656 444 421 282 726 490 332 300 588 591 157 529 326 391 563 504 315 9 245 527 149 86 314 681 257 225 188 687 256 322 200 215 705 42 787 417 413 721 50 
256 721
721 200
200 322
322 413
413 417
417 687
687 50
50 188
188 215
215 225
225 705
705 42
42 257
257 681
681 787
787 314
314 86
86 9
9 315
315 149
149 527
527 245
245 504
504 529
529 563
563 157
157 391
391 326
326 591
591 300
300 588
588 332
332 551
551 598
598 384
384 255
255 691
691 698
698 133
133 253
253 418
418 709
709 358
358 366
366 778
778 94
94 690
690 652
652 738
738 608
608 656
656 444
444 421
421 490
490 282
282 726
328 772 76 550 522 503 514 743 483 600 443 340 758 487 2 288 119 609 655 502 121 586 19 737 456 67 512 305 723 579 663 426 24 584 216 378 123 41 308 622 706 316 146 17 585 112 511 648 786 3 488 38 399 60 599 344 474 240 49 425 270 710 56 480 429 350 468 342 35 389 398 745 668 775 237 241 684 576 36 499 29 674 347 293 335 290 252 433 195 559 14 566 327 
350 399
399 398
398 38
38 745
745 468
468 241
241 566
566 511
511 216
216 123
123 195
195 668
668 237
237 585
585 775
775 622
622 342
342 378
378 584
584 684
684 433
433 648
648 252
252 35
35 41
41 786
786 706
706 316
316 146
146 17
17 24
24 3
3 290
290 49
49 270
270 335
335 308
308 488
488 293
293 426
426 425
425 112
112 389
389 36
36 119
119 288
288 60
60 347
347 576
576 2
2 487
487 499
499 14
14 240
240 328
328 758
758 674
674 599
599 743
743 340
340 29
29 344
344 655
655 609
609 76
76 772
772 522
522 474
474 550
550 121
121 502
502 503
503 514
514 663
663 480
480 512
512 67
67 483
483 429
429 586
586 710
710 600
600 56
56 443
443 19
19 737
737 456
456 579
579 305
305 723
723 559
559 327
143 582 144 461 20 220 590 771 110 437 597 759 704 733 65 699 135 534 272 440 484 785 580 574 106 363 544 351 127 317 375 633 492 523 
523 492
492 363
363 106
106 633
633 785
785 544
544 375
375 317
317 580
580 351
351 440
440 127
127 574
574 484
484 272
272 534
534 135
135 704
704 590
590 220
220 759
759 144
144 20
20 582
582 143
143 437
437 461
461 110
110 699
699 65
65 771
771 733
733 597
