!
4 41 68
41 68
68 4
86 98 121 138 142
121 142
142 138
138 98
98 86
156
171 191 194 195 202 297 388 435 445 452 481 489 508 512 514 524 608 617 655 666 717 728 745 765 770 779 787 25 44
44 25
25 779
779 717
717 194
194 514
514 608
608 191
191 770
770 728
728 512
512 508
508 388
388 524
524 452
452 202
202 195
195 617
617 489
489 435
435 765
765 666
666 445
445 481
481 787
787 745
745 171
171 655
655 297
47 84 91 145 222 270 288 291 306 308 315 357 370 390 398 420 470 496 504 605 621 648 677 693 710 721 780 61 65 66 96 104 109 140 146 178 198 205 248 251 277 301 318 450
390 621
621 398
398 270
270 677
677 693
693 370
370 357
357 306
306 496
496 47
47 84
84 504
504 91
91 420
420 721
721 648
648 605
605 288
288 315
315 222
222 145
145 710
710 780
780 308
308 291
291 146
146 470
470 318
318 178
178 301
301 109
109 205
205 198
198 277
277 66
66 251
251 96
96 61
61 450
450 65
65 248
248 104
104 140
517 533 536 541 557 565 610 635 672
672 533
533 541
541 610
610 517
517 635
635 557
557 565
565 536
690 769 791 7 9 12 16
12 16
16 9
9 7
7 791
791 769
769 690
17 101 111 169 170 173
17 170
170 101
101 169
169 111
111 173
177 193 236 274 284 303 340 380 465 477 520 523 571 581 706 723 734 15 37 116 149 163 211 225 232 255 325 373 392 444 454 462 528 595 634 638 642 667 681 682 688 698 733 794 74 88 110 118 184 219 223 250 302 345 400 411 418 428 436 466 476 479 513 563 582 668 692 715 747 777 788 1 13 27 53 58 72 108 115 167 213 215 253 279 316 369 383 437 451 491 518 560 566 584 596 669 741 11
193 581
581 465
465 340
340 11
11 520
520 523
523 794
794 634
634 37
37 303
303 682
682 177
177 734
734 642
642 688
688 454
454 236
236 380
380 211
211 225
225 638
638 698
698 667
667 373
373 723
723 706
706 595
595 274
274 163
163 232
232 392
392 284
284 255
255 15
15 116
116 571
571 477
477 462
462 681
681 528
528 325
325 444
444 149
149 733
733 110
110 411
411 250
250 476
476 436
436 74
74 788
788 692
692 418
418 223
223 747
747 582
582 302
302 345
345 400
400 715
715 466
466 219
219 563
563 118
118 479
479 428
428 668
668 88
88 184
184 777
777 513
513 669
669 491
491 213
213 518
518 596
596 279
279 72
72 584
584 27
27 566
566 115
115 383
383 560
560 437
437 167
167 369
369 215
215 253
253 58
58 13
13 451
451 741
741 316
316 53
53 108
108 1
35 60 89 123 157 179 187 200 212 319 335 337 374 467 600 631 652 654 694 718 731 743 759 768 773 14 29
319 187
187 374
374 35
35 773
773 200
200 743
743 654
654 768
768 89
89 335
335 731
731 123
123 718
718 157
157 337
337 60
60 600
600 694
694 759
759 631
631 212
212 467
467 179
179 652
652 14
14 29
46 176 183 189 224 242 258 280 348 382 397
397 46
46 183
183 348
348 280
280 382
382 258
258 189
189 242
242 176
176 224
424 458 483 492 510 511 538 639 699 766 786 32 97 117 128 143 201 216 220 254 273 321 355 381 401 415 432 583 591 620 632 644 661 748 6 33 54 152 174 210 243 244 265 278 338
201 583
583 216
216 620
620 401
401 117
117 591
591 415
415 143
143 32
32 644
644 748
748 254
254 321
321 273
273 632
632 381
381 220
220 128
128 432
432 661
661 97
97 355
355 174
174 278
278 210
210 492
492 33
33 54
54 424
424 458
458 338
338 786
786 766
766 243
243 244
244 538
538 265
265 511
511 639
639 6
6 699
699 152
152 483
483 510
341 342 365
342 341
341 365
408 412 434 574 586 603 658 665 700 23 81 95 113 246 249 260 304 329 333 347 371 387 403 421 493 556
421 347
347 403
403 329
329 333
333 493
493 113
113 249
249 387
387 246
246 556
556 81
81 95
95 371
371 260
260 23
23 304
304 665
665 603
603 700
700 586
586 408
408 434
434 412
412 574
574 658
594 624 647 740 751 757 0 55 141 144 226 229
141 0
0 144
144 55
55 226
226 229
229 757
757 624
624 647
647 594
594 751
751 740
276 358
276 358
367 385 409 438 439 509 561 569 598 618 656 702 749 771 3 49 62 75 114 180 295 298 324 372 377 433 446 472 485 500 501 506 540 572 726 36 51 63 67 99 119 227 271
702 439
439 561
561 367
367 385
385 409
409 598
598 618
618 771
771 656
656 749
749 438
438 569
569 509
509 271
271 227
227 51
51 119
119 67
67 99
99 36
36 63
63 295
295 540
540 500
500 485
485 446
446 324
324 3
3 501
501 726
726 472
472 180
180 433
433 49
49 372
372 298
298 114
114 377
377 506
506 62
62 572
572 75
353 354 379 455 497 552 576
354 379
379 353
353 455
455 497
497 552
552 576
601 614 663 736 754 790 24 80 125 127 130 159 208
614 601
601 663
663 736
736 754
754 790
790 125
125 24
24 130
130 127
127 80
80 159
159 208
214 233 237 262 314 478 562 585 602 650 750 761 782 795 22 83 134 153 155 199 292 447 487 488 537 543 570
22 134
134 487
487 199
199 153
153 155
155 447
447 83
83 543
543 570
570 537
537 292
292 488
488 602
602 237
237 233
233 782
782 314
314 214
214 478
478 761
761 795
795 750
750 562
562 650
650 262
262 585
622 691 701 712 742
701 691
691 742
742 622
622 712
775 776 10 43 150 238 256 264 326 352
776 775
775 43
43 264
264 256
256 352
352 238
238 150
150 326
326 10
386 516 564 623 625 664 705 739 753 774 799 56 73 120 136 290 346 350 376 471 553 558 588 606 629 714 730 789 792 161 206 245 307 344 360 393 399 463 480 484 519 549 611 616
350 471
471 484
484 588
588 714
714 161
161 606
606 616
616 360
360 519
519 346
346 549
549 290
290 56
56 399
399 611
611 558
558 136
136 245
245 344
344 120
120 730
730 307
307 792
792 553
553 376
376 206
206 480
480 463
463 73
73 393
393 629
629 789
789 516
516 799
799 774
774 564
564 705
705 753
753 739
739 664
664 625
625 623
623 386
641 646 785 148 186 188 207 231 234 282 286 313 320 322 597 628 630 711 737 763 796 34 40 50 126 204 283 296 317 356 417 443 503
313 322
322 186
186 148
148 630
630 763
763 628
628 207
207 231
231 188
188 320
320 796
796 286
286 282
282 234
234 597
597 737
737 711
711 785
785 646
646 641
641 283
283 443
443 417
417 356
356 50
50 40
40 317
317 296
296 126
126 204
204 503
503 34
515 592 653 724 758 20 78 105 122 139 147 272 323 363 404 498 532 573
404 147
147 105
105 323
323 573
573 532
532 272
272 20
20 122
122 498
498 363
363 78
78 139
139 515
515 724
724 758
758 592
592 653
609 696 697 746 31 38 158 196 389 419 448 457 464 469 522 529 643 645 689 760 781 5 209 310 311 330 406
746 696
696 697
697 609
609 311
311 209
209 330
330 158
158 310
310 457
457 5
5 529
529 469
469 406
406 38
38 448
448 464
464 645
645 781
781 760
760 689
689 522
522 389
389 643
643 31
31 196
196 419
414 425 449 499 531 554 568 615 685 709 755 26 42 57 112 151 154 172 267 395 460 490 502
615 425
425 685
685 755
755 531
531 568
568 172
172 57
57 449
449 499
499 42
42 414
414 709
709 26
26 554
554 502
502 112
112 267
267 151
151 460
460 395
395 154
154 490
535 548 626 738 767
738 767
767 626
626 548
548 535
39 52 221 247
221 247
247 39
39 52
261 293 312 334 364 456 482 544 670 703 727 729 732 59 82 203 218
59 218
218 82
82 203
203 703
703 670
670 334
334 312
312 456
456 729
729 544
544 732
732 293
293 261
261 364
364 482
482 727
240 257 305
257 240
240 305
459 546 550 649 683 686 716 735
649 716
716 459
459 735
735 686
686 550
550 683
683 546
783 85 103 228 241 289
783 228
228 241
241 289
289 85
85 103
300 328 431 578 599 612
578 300
300 328
328 612
612 599
599 431
636 637 659 707 793 21 28 79 90 175 331 343 361 422 427 475 627 671 687 719 797 2 94 181 192 287 362 384 423
793 636
636 707
707 637
637 659
659 2
2 192
192 384
384 423
423 94
94 21
21 362
362 687
687 287
287 427
427 331
331 28
28 79
79 671
671 422
422 181
181 475
475 90
90 719
719 797
797 361
361 627
627 175
175 343
473 474 577 662 674 676 752 87 100 102 164 165 239 263 269 285 486 530 539 567 613 680 107 168 190 266 396 405 416 442 453 521 547 551 640 684 772 30 76
539 453
453 107
107 680
680 269
269 396
396 486
486 684
684 87
87 551
551 547
547 567
567 190
190 266
266 100
100 521
521 165
165 442
442 164
164 263
263 640
640 772
772 530
530 416
416 405
405 239
239 285
285 168
168 613
613 102
102 30
30 76
76 752
752 662
662 474
474 473
473 676
676 577
577 674
93 129 182 299 332 339 366 391 461 468 695
339 468
468 182
182 93
93 299
299 366
366 129
129 461
461 332
332 695
695 391
725 71 131 132 133 137
71 131
131 137
137 132
132 133
133 725
160 309 336 402 410 494 525 555 607 162 197 268 275 327 349 359 507 580 604 619 633
410 494
494 336
336 402
402 525
525 607
607 309
309 555
555 359
359 268
268 160
160 619
619 507
507 197
197 633
633 275
275 327
327 604
604 162
162 349
349 580
673 764 48 77 92 135 185 252 426 429 495 579 587 660 708 784 18 124 375 407 430 526 542 545 575 651 657 713 744 756 8 19 70 106 166 259 351 441 505 589 590 720 722 762 45 64 217 230 235 281 294 368 378 527 559 704 778 69 394 413 440 534 593 675 678
259 545
545 106
106 430
430 124
124 762
762 19
19 505
505 166
166 651
651 18
18 720
720 351
351 589
589 70
70 756
756 744
744 657
657 441
441 542
542 8
8 407
407 713
713 575
575 375
375 590
590 526
526 77
77 722
722 135
135 579
579 495
495 587
587 185
185 708
708 660
660 673
673 784
784 48
48 92
92 252
252 426
426 429
429 764
764 675
675 413
413 534
534 527
527 440
440 678
678 559
559 45
45 593
593 235
235 704
704 778
778 368
368 294
294 230
230 394
394 69
69 281
281 64
64 217
217 378
679 798
798 679
