!
201 288 178 
288 178
178 201
89 116 129 316 683 
89 116
116 316
316 129
129 683
653 109 346 470 375 520 
520 470
470 375
375 653
653 346
346 109
617 253 
253 617
441 505 763 366 124 
124 366
366 763
763 441
441 505
600 
534 211 
211 534
755 87 286 16 82 425 556 634 665 181 
87 755
755 286
286 16
16 82
82 425
425 634
634 556
556 181
181 665
232 
440 235 397 637 713 
637 397
397 440
440 713
713 235
508 659 
659 508
777 112 
112 777
257 536 
257 536
5 468 150 415 585 236 385 123 234 559 502 
502 385
385 236
236 585
585 559
559 415
415 234
234 123
123 150
150 5
5 468
242 439 
439 242
314 682 194 
194 682
682 314
541 613 71 594 584 79 485 
71 541
541 613
613 584
584 485
485 79
79 594
524 
739 588 
588 739
638 
456 73 427 620 13 597 
73 427
427 620
620 456
456 597
597 13
256 408 
256 408
793 
306 474 368 
306 474
474 368
746 222 285 75 
746 222
222 285
285 75
323 322 452 
323 322
322 452
587 
50 131 700 603 593 
593 603
603 50
50 131
131 700
281 
102 766 
766 102
202 722 171 
202 722
722 171
759 
768 367 141 633 
633 768
768 367
367 141
434 511 216 753 691 334 789 308 449 699 723 591 
723 216
216 753
753 511
511 434
434 691
691 699
699 591
591 308
308 334
334 449
449 789
231 81 598 268 745 
81 231
231 598
598 268
268 745
276 487 
487 276
66 83 292 
292 66
66 83
333 
332 3 747 
747 332
332 3
207 156 743 356 30 
207 156
156 743
743 30
30 356
727 533 695 127 14 161 467 139 
727 533
533 695
695 161
161 14
14 127
127 467
467 139
338 26 252 575 717 426 6 293 429 101 
101 252
252 575
575 26
26 426
426 717
717 293
293 6
6 429
429 338
54 464 673 187 
673 464
464 54
54 187
405 497 451 135 704 208 537 93 19 
93 537
537 208
208 19
19 135
135 704
704 497
497 405
405 451
379 377 42 444 
444 42
42 379
379 377
726 251 
726 251
742 
296 167 
296 167
203 693 395 599 153 608 
153 599
599 395
395 693
693 203
203 608
59 
476 428 614 378 
378 428
428 476
476 614
394 295 438 412 610 85 
610 438
438 394
394 85
85 295
295 412
158 18 317 
158 317
317 18
145 213 586 
213 145
145 586
744 4 758 260 792 373 
373 4
4 744
744 792
792 758
758 260
254 602 623 11 289 564 74 189 
602 289
289 254
254 189
189 564
564 74
74 11
11 623
228 
754 
469 692 215 563 226 
469 215
215 563
563 692
692 226
78 535 
78 535
248 581 53 22 
22 248
248 53
53 581
262 671 788 494 675 
788 262
262 494
494 675
675 671
724 736 694 443 133 162 734 137 484 359 529 223 
223 359
359 529
529 484
484 443
443 734
734 137
137 724
724 694
694 736
736 162
162 133
325 197 523 461 615 526 38 
38 526
526 615
615 461
461 523
523 197
197 325
784 
509 386 
386 509
147 
576 
445 95 287 311 
287 311
311 445
445 95
679 88 217 157 779 
679 88
88 217
217 157
157 779
475 
185 303 507 688 
688 507
507 303
303 185
70 
701 482 
482 701
275 370 40 91 403 661 272 582 595 
595 582
582 661
661 272
272 91
91 40
40 275
275 370
370 403
630 98 660 263 572 319 
319 572
572 263
263 660
660 630
630 98
677 
206 775 374 
374 775
775 206
47 341 298 799 10 159 400 255 279 
279 255
255 400
400 159
159 47
47 341
341 298
298 799
799 10
491 543 
491 543
336 628 224 17 547 733 
336 628
628 733
733 224
224 17
17 547
698 
528 458 9 782 
9 782
782 458
458 528
349 527 
527 349
609 43 423 134 626 
626 423
423 134
134 43
43 609
604 764 388 562 328 477 
604 388
388 764
764 562
562 328
328 477
542 195 237 651 305 188 708 49 
237 542
542 651
651 195
195 188
188 708
708 305
305 49
501 390 715 
715 390
390 501
353 
740 
757 84 481 12 186 756 577 
84 577
577 757
757 756
756 186
186 481
481 12
324 230 435 
324 230
230 435
632 606 
606 632
672 516 146 94 459 
459 672
672 94
94 516
516 146
175 340 300 270 265 371 697 786 635 
635 786
786 371
371 270
270 697
697 175
175 340
340 265
265 300
712 760 656 344 35 291 463 389 369 210 177 
177 291
291 35
35 210
210 656
656 344
344 712
712 760
760 463
463 389
389 369
103 420 128 130 654 
103 654
654 130
130 420
420 128
180 749 442 183 
180 749
749 183
183 442
678 645 119 151 465 696 166 521 382 681 725 430 15 650 355 432 781 72 227 774 738 
430 678
678 15
15 521
521 645
645 119
119 725
725 151
151 382
382 681
681 432
432 355
355 465
465 696
696 650
650 166
166 774
774 227
227 781
781 72
72 738
794 163 546 714 
546 163
163 794
794 714
100 361 48 68 668 796 498 55 480 761 247 707 510 182 571 519 304 751 513 578 
100 361
361 48
48 68
68 796
796 668
668 55
55 498
498 480
480 761
761 578
578 247
247 513
513 707
707 510
510 751
751 519
519 304
304 182
182 571
495 192 65 
65 192
192 495
503 
409 
352 90 765 798 417 
417 352
352 90
90 798
798 765
174 431 261 106 561 517 205 60 76 448 413 618 32 424 365 530 
174 261
261 431
431 106
106 561
561 413
413 618
618 517
517 60
60 32
32 205
205 424
424 448
448 530
530 76
76 365
218 111 354 457 
111 218
218 457
457 354
407 450 
407 450
360 729 36 220 554 605 190 
36 729
729 190
190 360
360 605
605 220
220 554
301 525 737 479 706 558 
558 706
706 479
479 301
301 525
525 737
447 329 148 244 120 
148 329
329 244
244 447
447 120
143 132 61 574 307 641 
641 143
143 132
132 61
61 574
574 307
596 209 640 702 28 
640 702
702 28
28 596
596 209
310 557 2 622 
622 310
310 2
2 557
67 
64 
790 703 748 299 
790 703
703 748
748 299
462 170 
170 462
490 267 411 
490 267
267 411
731 233 560 56 69 
69 731
731 56
56 233
233 560
639 627 51 
51 627
627 639
280 655 611 583 283 
655 280
280 611
611 583
583 283
343 8 612 393 
393 612
612 8
8 343
548 522 221 
548 522
522 221
565 258 579 160 422 
565 258
258 579
579 160
160 422
664 552 
664 552
732 471 
471 732
350 670 
350 670
643 
196 791 
196 791
401 750 
750 401
294 
500 391 398 339 550 
500 391
391 398
398 339
339 550
625 144 46 44 621 315 569 302 531 284 
315 44
44 621
621 625
625 46
46 144
144 569
569 302
302 531
531 284
624 387 553 396 
553 396
396 387
387 624
718 33 607 1 657 335 685 27 716 41 601 770 631 478 152 721 347 453 
721 152
152 347
347 478
478 631
631 453
453 770
770 601
601 41
41 27
27 685
685 716
716 1
1 607
607 718
718 335
335 33
33 657
172 642 590 107 86 
86 172
172 107
107 642
642 590
23 492 616 
492 616
616 23
538 720 21 493 104 573 404 
573 404
404 104
104 493
493 21
21 538
538 720
399 246 514 787 488 
246 488
488 514
514 399
399 787
114 173 709 108 25 7 149 327 
114 108
108 709
709 25
25 173
173 7
7 149
149 327
797 20 179 110 362 364 619 421 136 735 
735 136
136 619
619 110
110 797
797 20
20 362
362 421
421 364
364 179
544 666 567 414 570 689 278 795 
795 278
278 689
689 414
414 570
570 666
666 567
567 544
142 486 58 229 245 752 
752 245
245 142
142 486
486 229
229 58
372 532 342 117 34 239 380 312 778 
380 312
312 778
778 372
372 532
532 34
34 342
342 117
117 239
249 214 711 686 45 290 433 331 321 266 
711 686
686 45
45 214
214 249
249 290
290 433
433 331
331 266
266 321
238 138 99 771 122 381 97 674 269 282 
99 771
771 97
97 138
138 381
381 122
122 674
674 282
282 269
269 238
539 96 
96 539
589 762 
762 589
499 358 741 662 
662 499
499 358
358 741
773 
277 337 52 437 772 
52 337
337 277
277 437
437 772
384 540 473 545 592 406 644 
592 540
540 384
384 473
473 545
545 406
406 644
776 
326 80 580 383 115 646 121 410 313 165 687 
115 383
383 410
410 313
313 165
165 580
580 646
646 121
121 326
326 687
687 80
113 126 118 496 636 
636 113
113 118
118 126
126 496
676 63 318 769 330 0 92 376 
376 330
330 92
92 0
0 676
676 63
63 318
318 769
785 
191 271 345 669 309 549 204 483 24 39 
39 191
191 271
271 345
345 483
483 204
204 24
24 549
549 309
309 669
273 240 29 504 629 357 780 225 454 212 472 551 168 
225 780
780 357
357 629
629 454
454 212
212 240
240 273
273 472
472 551
551 29
29 168
168 504
515 648 155 512 705 200 62 658 649 455 259 719 
719 455
455 649
649 658
658 62
62 259
259 200
200 515
515 155
155 648
648 705
705 512
176 
348 
402 164 460 274 125 184 419 
419 125
125 460
460 274
274 402
402 164
164 184
466 241 198 243 690 506 250 
690 506
506 243
243 198
198 241
241 250
250 466
363 
647 418 518 555 392 199 140 
140 199
199 392
392 555
555 518
518 418
418 647
728 
57 568 320 264 37 105 684 31 730 767 710 77 652 
264 57
57 320
320 568
568 37
37 684
684 31
31 105
105 730
730 767
767 652
652 710
710 77
154 
783 436 351 219 566 663 
663 783
783 436
436 219
219 351
351 566
193 
489 446 667 169 416 297 
297 489
489 446
446 667
667 169
169 416
680 
