!
435 520 610 
435 520
520 610
421 192 479 
479 192
192 421
587 
123 
199 
210 499 509 486 574 120 473 156 
509 210
210 499
499 486
486 574
574 156
156 120
120 473
238 511 327 103 183 301 468 355 97 488 137 
468 103
103 238
238 183
183 511
511 301
301 327
327 488
488 355
355 137
137 97
543 177 
177 543
666 63 316 
63 666
666 316
158 442 514 18 292 99 224 742 293 699 680 
293 224
224 99
99 292
292 742
742 18
18 442
442 514
514 699
699 158
158 680
170 646 
646 170
264 322 601 
601 322
322 264
701 503 
503 701
274 692 
274 692
704 
21 504 626 356 8 779 582 454 145 647 741 
356 454
454 21
21 582
582 504
504 145
145 626
626 647
647 741
741 8
8 779
347 750 
347 750
60 9 586 44 565 534 11 
11 534
534 565
565 44
44 586
586 60
60 9
207 
560 466 371 324 792 328 469 323 549 551 
551 549
549 469
469 323
323 328
328 371
371 466
466 792
792 560
560 324
426 548 528 568 541 
541 528
528 568
568 426
426 548
362 669 
362 669
639 
539 446 
539 446
381 127 462 
462 127
127 381
105 5 592 159 140 532 330 314 726 424 281 213 575 489 
726 314
314 489
489 281
281 140
140 159
159 330
330 213
213 532
532 575
575 592
592 5
5 424
424 105
166 464 415 738 471 
738 415
415 471
471 464
464 166
62 401 172 254 
401 172
172 254
254 62
19 259 482 312 566 29 519 163 593 72 
593 72
72 312
312 482
482 163
163 519
519 259
259 566
566 29
29 19
203 308 2 
2 308
308 203
344 318 34 153 
318 344
344 34
34 153
675 714 216 280 392 
392 280
280 675
675 714
714 216
660 537 142 715 351 
715 142
142 351
351 537
537 660
200 176 363 399 69 43 746 529 151 369 258 
363 43
43 176
176 200
200 69
69 258
258 399
399 746
746 529
529 151
151 369
228 297 313 
228 297
297 313
569 309 734 68 481 
569 309
309 734
734 68
68 481
671 475 
475 671
613 234 136 345 320 387 679 508 459 691 223 
679 508
508 691
691 387
387 459
459 223
223 136
136 613
613 345
345 234
234 320
93 40 186 733 723 50 113 79 239 793 365 
365 793
793 239
239 79
79 40
40 50
50 723
723 733
733 113
113 93
93 186
390 619 385 570 517 41 246 304 603 749 
385 390
390 619
619 570
570 304
304 41
41 517
517 246
246 603
603 749
75 
452 257 797 
452 257
257 797
247 478 576 85 787 
787 85
85 247
247 478
478 576
651 407 553 96 598 
96 553
553 407
407 598
598 651
606 71 78 209 
606 71
71 78
78 209
527 
367 794 101 384 290 554 661 108 
794 661
661 367
367 108
108 101
101 554
554 384
384 290
676 28 767 652 88 573 550 492 594 595 
767 88
88 28
28 676
676 652
652 573
573 550
550 492
492 594
594 595
720 641 138 513 326 349 122 49 457 332 30 220 348 645 623 404 146 521 202 662 538 526 378 465 656 74 265 359 757 
513 138
138 641
641 349
349 720
720 326
326 49
49 122
122 30
30 332
332 457
457 220
220 348
348 645
645 623
623 521
521 404
404 757
757 146
146 359
359 265
265 662
662 202
202 74
74 656
656 538
538 526
526 378
378 465
760 306 25 339 780 
339 760
760 306
306 780
780 25
134 
16 
419 681 790 270 448 561 
790 419
419 681
681 270
270 448
448 561
249 233 
249 233
125 
317 608 
317 608
187 744 217 190 150 
744 187
187 190
190 217
217 150
15 266 253 104 577 237 240 54 
15 104
104 266
266 253
253 577
577 237
237 240
240 54
718 275 754 
754 275
275 718
743 
436 
118 300 
300 118
236 
340 95 425 795 218 739 
95 340
340 425
425 795
795 218
218 739
451 621 444 
444 621
621 451
643 181 
643 181
799 83 1 522 450 765 740 580 
765 740
740 522
522 1
1 83
83 450
450 799
799 580
614 727 182 717 
182 727
727 614
614 717
307 
547 358 507 796 491 
491 507
507 358
358 796
796 547
564 735 
735 564
721 92 705 
92 705
705 721
434 778 283 612 311 168 697 
697 311
311 168
168 612
612 283
283 778
778 434
350 
86 497 689 505 396 443 
86 497
497 689
689 505
505 396
396 443
277 588 
277 588
405 597 441 766 14 449 
405 597
597 441
441 766
766 14
14 449
581 470 624 644 
624 581
581 470
470 644
431 
777 
433 571 480 
433 571
571 480
545 498 269 696 546 769 
769 269
269 545
545 498
498 546
546 696
650 
690 59 90 354 24 31 637 45 346 263 76 667 585 
59 24
24 690
690 76
76 263
263 90
90 346
346 31
31 637
637 45
45 354
354 667
667 585
616 106 131 648 215 665 530 335 
616 106
106 665
665 131
131 648
648 215
215 335
335 530
244 197 634 334 758 256 
244 197
197 634
634 334
334 758
758 256
64 383 294 352 764 713 
713 764
764 383
383 64
64 294
294 352
599 578 91 745 189 600 46 707 
599 91
91 46
46 578
578 745
745 600
600 189
189 707
152 596 27 463 627 
27 152
152 596
596 463
463 627
659 768 559 640 653 
768 559
559 640
640 659
659 653
617 774 512 205 751 456 20 686 428 500 
428 686
686 20
20 456
456 205
205 751
751 774
774 617
617 512
512 500
141 673 251 285 235 278 752 336 
336 235
235 278
278 752
752 673
673 141
141 251
251 285
712 337 711 406 
337 712
712 711
711 406
631 420 195 763 
195 763
763 631
631 420
13 341 
13 341
267 
67 
670 273 167 540 
670 273
273 167
167 540
506 458 439 149 748 544 716 23 
149 439
439 748
748 544
544 716
716 23
23 506
506 458
321 693 490 567 
567 321
321 693
693 490
82 393 
82 393
784 375 288 377 56 148 698 
148 56
56 698
698 288
288 784
784 375
375 377
609 364 398 232 495 51 
51 232
232 495
495 398
398 364
364 609
604 460 668 
604 460
460 668
590 155 722 303 728 771 579 535 410 
771 728
728 155
155 590
590 722
722 303
303 579
579 535
535 410
178 219 268 
178 219
219 268
472 591 
591 472
0 556 230 185 418 678 542 7 423 672 119 518 
423 672
672 185
185 230
230 518
518 119
119 0
0 556
556 678
678 418
418 542
542 7
756 160 422 
422 160
160 756
379 417 620 231 255 654 429 
429 654
654 255
255 231
231 620
620 417
417 379
115 227 688 664 132 6 329 4 501 
115 329
329 6
6 132
132 227
227 688
688 664
664 501
501 4
80 455 563 
80 455
455 563
747 510 102 708 279 
279 102
102 510
510 747
747 708
157 374 
157 374
139 366 649 271 
139 366
366 649
649 271
109 12 221 194 628 184 87 338 
12 109
109 221
221 184
184 87
87 338
338 194
194 628
196 
531 476 494 305 416 461 208 276 331 3 
3 531
531 476
476 494
494 305
305 416
416 331
331 461
461 208
208 276
432 
110 245 467 135 124 
110 135
135 245
245 124
124 467
755 112 414 483 130 558 
558 130
130 483
483 112
112 414
414 755
302 73 402 632 222 655 773 430 
302 73
73 402
402 430
430 632
632 222
222 655
655 773
636 10 32 703 602 94 
94 602
602 636
636 10
10 32
32 703
98 
658 
165 
17 783 453 
453 17
17 783
438 618 162 607 781 
607 162
162 781
781 438
438 618
572 
409 
798 
753 
395 164 
395 164
706 126 143 
126 706
706 143
179 
516 
372 282 474 
474 282
282 372
252 515 114 562 584 361 174 
174 361
361 584
584 562
562 114
114 515
515 252
22 211 201 487 437 357 57 212 761 
22 211
211 201
201 487
487 437
437 212
212 761
761 57
57 357
333 368 397 287 295 53 262 638 702 180 677 
677 180
180 702
702 638
638 262
262 333
333 368
368 397
397 287
287 295
295 53
61 413 48 
61 413
413 48
493 188 
188 493
169 782 759 
759 782
782 169
261 35 589 
35 261
261 589
391 605 
391 605
635 663 214 412 533 204 
533 204
204 412
412 214
214 635
635 663
684 342 685 770 81 674 477 
684 342
342 685
685 770
770 674
674 81
81 477
111 129 633 65 736 
736 633
633 65
65 129
129 111
299 382 373 
382 299
299 373
144 
710 
315 625 
625 315
298 343 695 198 
198 695
695 298
298 343
250 762 411 725 629 536 
536 629
629 762
762 411
411 725
725 250
642 
791 70 427 719 622 700 555 
791 427
427 70
70 700
700 622
622 719
719 555
353 175 
353 175
325 772 524 
524 325
325 772
248 
484 785 
484 785
732 
615 
788 370 
788 370
724 58 226 
226 58
58 724
121 89 128 
128 89
89 121
496 682 171 657 737 272 107 376 
376 682
682 496
496 107
107 171
171 657
657 272
272 737
394 
380 243 786 242 161 789 408 116 
408 161
161 789
789 242
242 786
786 116
116 243
243 380
42 
447 37 557 683 173 729 193 
193 729
729 557
557 447
447 37
37 683
683 173
388 776 
388 776
38 360 630 
38 360
360 630
33 52 389 440 
33 52
52 389
389 440
147 286 84 
84 286
286 147
485 
47 191 154 310 225 525 
525 191
191 47
47 154
154 310
310 225
206 502 260 730 319 
319 260
260 502
502 206
206 730
687 583 296 229 77 291 552 731 241 100 289 
289 100
100 229
229 731
731 552
552 296
296 583
583 687
687 77
77 241
241 291
775 403 523 445 
445 523
523 775
775 403
386 400 
386 400
133 117 611 709 36 
709 611
611 36
36 117
117 133
26 55 66 
26 55
55 66
39 
694 284 
284 694
