!
191 62 19 407 52 529 581 700 261 229 141 249 
249 141
141 62
62 191
191 19
19 407
407 52
52 261
261 529
529 229
229 581
581 700
258 59 637 331 784 414 767 662 125 235 80 593 677 795 151 197 288 665 467 254 157 668 85 192 433 376 312 159 199 36 464 705 264 20 131 32 185 227 566 684 299 709 11 377 696 653 353 739 177 551 238 788 216 354 590 745 724 477 201 195 748 771 
724 745
745 414
414 784
784 593
593 677
677 590
590 80
80 331
331 258
258 235
235 125
125 216
216 662
662 354
354 59
59 637
637 767
767 665
665 467
467 238
238 254
254 788
788 551
551 795
795 157
157 739
739 151
151 197
197 85
85 668
668 288
288 353
353 192
192 433
433 696
696 377
377 653
653 11
11 376
376 312
312 131
131 20
20 684
684 709
709 464
464 159
159 264
264 177
177 566
566 199
199 705
705 227
227 299
299 36
36 185
185 201
201 477
477 32
32 195
195 748
748 771
213 48 166 553 781 607 228 423 174 297 
297 174
174 166
166 48
48 553
553 781
781 213
213 607
607 423
423 228
783 796 316 672 614 321 737 
321 737
737 614
614 316
316 796
796 783
783 672
798 519 459 130 175 695 284 514 621 28 592 589 
28 589
589 592
592 695
695 175
175 621
621 130
130 519
519 798
798 514
514 459
459 284
479 351 
351 479
35 382 383 346 643 83 67 790 
382 67
67 35
35 383
383 346
346 643
643 790
790 83
345 53 552 633 
633 552
552 53
53 345
277 358 785 786 468 595 446 493 22 693 300 
785 277
277 358
358 446
446 786
786 468
468 595
595 300
300 493
493 693
693 22
180 
421 
727 546 162 95 149 49 
162 727
727 546
546 95
95 149
149 49
366 
27 286 575 
575 27
27 286
548 758 121 335 743 
121 335
335 548
548 758
758 743
659 362 541 57 622 367 314 
622 57
57 659
659 362
362 541
541 314
314 367
47 103 268 240 126 706 733 313 664 295 489 308 311 701 56 363 426 469 580 597 107 
311 308
308 489
489 701
701 295
295 664
664 469
469 313
313 733
733 56
56 363
363 107
107 597
597 706
706 426
426 580
580 126
126 47
47 103
103 268
268 240
202 215 266 572 598 
598 202
202 266
266 215
215 572
688 558 31 45 369 728 334 237 189 765 164 778 217 522 525 628 3 65 615 474 137 702 325 625 560 194 738 531 361 283 429 585 629 196 259 515 389 547 262 443 718 631 438 63 
63 438
438 262
262 631
631 718
718 547
547 625
625 389
389 259
259 474
474 525
525 515
515 522
522 196
196 615
615 217
217 629
629 3
3 628
628 778
778 164
164 429
429 65
65 137
137 585
585 283
283 361
361 560
560 325
325 702
702 765
765 194
194 531
531 738
738 334
334 189
189 443
443 237
237 728
728 688
688 31
31 369
369 45
45 558
406 565 603 776 725 766 431 521 310 654 241 327 567 782 330 46 54 648 451 265 347 409 463 561 792 60 119 232 404 55 596 652 140 356 338 61 526 50 224 510 491 412 145 374 499 15 403 285 138 
55 463
463 119
119 404
404 138
138 403
403 347
347 265
265 451
451 60
60 648
648 54
54 46
46 792
792 561
561 409
409 15
15 327
327 776
776 567
567 241
241 232
232 406
406 499
499 565
565 654
654 50
50 596
596 526
526 61
61 782
782 603
603 310
310 652
652 224
224 725
725 140
140 510
510 330
330 431
431 766
766 491
491 145
145 412
412 356
356 285
285 338
338 521
521 374
307 574 220 193 457 381 430 755 647 762 91 716 789 
716 91
91 762
762 647
647 755
755 789
789 430
430 307
307 574
574 220
220 193
193 457
457 381
453 275 278 42 410 8 239 302 697 296 40 445 111 26 
40 26
26 296
296 697
697 445
445 111
111 239
239 278
278 453
453 302
302 8
8 275
275 410
410 42
25 204 573 586 576 272 
204 272
272 586
586 25
25 576
576 573
339 271 492 730 225 544 775 344 287 440 644 123 720 772 624 243 791 114 532 460 270 39 
39 270
270 460
460 544
544 720
720 624
624 772
772 644
644 730
730 243
243 123
123 440
440 791
791 225
225 492
492 114
114 339
339 271
271 532
532 775
775 344
344 287
712 245 538 465 
712 538
538 245
245 465
478 309 168 570 318 112 458 620 503 579 105 78 455 
455 579
579 105
105 318
318 503
503 478
478 309
309 620
620 112
112 168
168 570
570 458
458 78
666 66 601 512 704 87 610 41 769 496 247 657 698 413 323 471 
247 496
496 769
769 413
413 41
41 698
698 610
610 657
657 323
323 87
87 471
471 704
704 512
512 666
666 66
66 601
540 368 303 71 
540 368
368 71
71 303
355 550 391 516 611 222 400 211 281 102 452 176 482 276 649 190 171 799 656 128 17 777 750 44 132 663 89 444 124 16 681 348 504 744 214 466 729 690 707 329 116 206 618 68 495 179 399 475 371 397 568 752 486 
744 171
171 176
176 17
17 482
482 16
16 444
444 128
128 663
663 190
190 89
89 276
276 649
649 504
504 452
452 681
681 348
348 132
132 777
777 214
214 102
102 44
44 124
124 799
799 750
750 656
656 550
550 355
355 516
516 391
391 611
611 466
466 729
729 707
707 690
690 222
222 281
281 400
400 211
211 68
68 206
206 618
618 329
329 475
475 116
116 399
399 495
495 371
371 179
179 397
397 486
486 568
568 752
449 549 84 181 388 736 
449 549
549 181
181 84
84 388
388 736
337 674 797 169 379 
379 169
169 797
797 674
674 337
417 167 524 428 518 402 673 304 122 418 319 461 373 29 396 0 148 134 273 315 462 150 
122 319
319 418
418 373
373 461
461 29
29 304
304 417
417 396
396 0
0 167
167 428
428 524
524 518
518 148
148 402
402 673
673 134
134 273
273 315
315 462
462 150
756 731 
731 756
101 487 386 14 378 207 635 43 
14 386
386 487
487 43
43 101
101 635
635 378
378 207
398 448 470 250 203 713 147 537 600 135 683 172 158 120 794 650 747 686 341 411 18 710 219 435 721 182 252 676 594 588 246 424 113 678 198 481 251 441 699 30 279 764 208 500 146 415 263 609 12 81 746 106 507 294 
415 263
263 609
609 650
650 683
683 135
135 30
30 600
600 198
198 699
699 158
158 113
113 172
172 678
678 537
537 588
588 246
246 424
424 481
481 594
594 208
208 120
120 764
764 147
147 676
676 794
794 279
279 182
182 252
252 106
106 507
507 746
746 294
294 81
81 713
713 721
721 747
747 203
203 500
500 12
12 686
686 435
435 250
250 219
219 341
341 470
470 710
710 441
441 411
411 18
18 251
251 146
146 448
448 398
23 324 118 569 401 715 267 153 390 708 
569 23
23 324
324 118
118 708
708 401
401 715
715 267
267 153
153 390
542 749 770 155 437 242 280 682 256 442 165 689 393 627 591 394 641 370 671 350 76 434 274 13 359 188 422 520 
165 520
520 442
442 671
671 370
370 350
350 280
280 641
641 437
437 591
591 394
394 155
155 242
242 434
434 627
627 770
770 256
256 76
76 689
689 393
393 749
749 682
682 542
542 422
422 359
359 13
13 274
274 188
255 527 365 768 638 72 136 562 64 608 557 154 646 340 536 230 290 735 583 584 545 642 556 719 2 218 498 645 236 670 692 108 74 94 484 571 476 639 96 21 447 364 7 
255 72
72 638
638 527
527 154
154 136
136 365
365 768
768 557
557 562
562 646
646 608
608 64
64 340
340 536
536 692
692 236
236 670
670 498
498 74
74 556
556 230
230 108
108 545
545 2
2 645
645 719
719 94
94 290
290 484
484 735
735 218
218 7
7 96
96 583
583 584
584 476
476 571
571 447
447 639
639 642
642 21
21 364
623 97 599 336 244 144 636 651 691 160 723 501 616 200 604 685 77 90 305 497 210 763 717 555 711 133 209 170 117 143 751 115 793 535 563 587 343 488 669 578 5 667 260 680 233 
115 623
623 143
143 751
751 170
170 717
717 336
336 97
97 244
244 599
599 209
209 691
691 636
636 144
144 133
133 793
793 651
651 305
305 711
711 535
535 200
200 604
604 563
563 501
501 160
160 616
616 117
117 497
497 723
723 587
587 77
77 685
685 669
669 90
90 555
555 343
343 488
488 233
233 210
210 763
763 260
260 680
680 578
578 667
667 5
86 234 539 517 73 533 439 332 
332 439
439 533
533 86
86 539
539 234
234 517
517 73
387 661 253 
387 661
661 253
703 10 58 732 231 161 742 163 632 183 352 269 473 205 187 99 780 634 687 779 92 543 33 505 416 
161 231
231 732
732 10
10 703
703 58
58 99
99 205
205 473
473 742
742 632
632 163
163 269
269 187
187 352
352 183
183 779
779 687
687 634
634 780
780 92
92 505
505 543
543 33
33 416
4 37 357 640 385 483 613 104 754 257 419 9 93 787 774 494 564 502 392 322 694 554 
392 494
494 554
554 774
774 694
694 787
787 502
502 564
564 322
322 93
93 9
9 419
419 257
257 754
754 104
104 4
4 37
37 357
357 640
640 483
483 613
613 385
773 88 69 82 384 110 490 617 6 602 534 658 372 226 293 675 425 306 427 212 298 1 70 139 530 223 679 660 759 375 722 740 509 51 109 408 360 152 511 38 432 317 420 127 178 626 142 75 726 513 559 333 291 328 655 186 173 292 630 757 405 523 282 472 582 320 100 528 605 98 301 485 436 456 156 248 450 612 506 714 606 734 508 
773 617
617 6
6 110
110 490
490 88
88 69
69 384
384 82
82 508
508 734
734 714
714 248
248 606
606 450
450 612
612 602
602 506
506 178
178 626
626 534
534 127
127 420
420 523
523 282
282 472
472 405
405 726
726 658
658 317
317 757
757 759
759 432
432 75
75 142
142 511
511 372
372 38
38 630
630 152
152 292
292 360
360 660
660 408
408 173
173 291
291 186
186 328
328 509
509 655
655 333
333 740
740 51
51 582
582 109
109 679
679 722
722 375
375 513
513 320
320 559
559 293
293 226
226 100
100 605
605 528
528 675
675 425
425 98
98 301
301 485
485 306
306 456
456 427
427 156
156 436
436 212
212 298
298 1
1 70
70 139
139 530
530 223
184 761 380 741 342 289 760 34 
761 184
184 34
34 380
380 760
760 289
289 342
342 741
619 395 
395 619
753 24 577 326 480 349 454 79 221 129 
129 480
480 753
753 24
24 349
349 326
326 577
577 79
79 454
454 221
