!
17 90
17 90
122 128 185 210
185 128
128 122
122 210
229 260 299
299 260
260 229
469
534 627 717 744 789 22 43 54 92 103 158 176 177 351 476 560 604 612 736 4
717 627
627 744
744 789
789 534
534 4
4 176
176 560
560 22
22 736
736 476
476 43
43 351
351 158
158 604
604 54
54 612
612 92
92 103
103 177
51 112 152 209 221 222
222 112
112 221
221 51
51 209
209 152
248 349 514 532 561 603 213 223 246 259 280 281 333 401 638
333 246
246 223
223 401
401 213
213 259
259 281
281 638
638 280
280 514
514 561
561 603
603 349
349 248
248 532
656 690 790 48 77 207
790 77
77 48
48 690
690 656
656 207
317 366 475 588 624 629 665 749 784 11 146 163 262 323 440 565
146 11
11 163
163 262
262 565
565 440
440 323
323 749
749 629
629 665
665 475
475 624
624 317
317 588
588 366
366 784
625
634 669 764 798
764 798
798 634
634 669
174 254
174 254
275 368 403
403 275
275 368
507 542 568 689
507 568
568 689
689 542
694 739 772 37
37 772
772 694
694 739
109 170 305
170 109
109 305
432 434 496 541 641
434 496
496 641
641 432
432 541
740 795 16 69
69 16
16 740
740 795
101 137
137 101
164 247 252 292 586
164 247
247 292
292 252
252 586
714 777 107 240 293 355 365 462
714 777
777 107
107 462
462 365
365 240
240 293
293 355
515
544 657 783 792 41 47 188 227 249 290 348 430 562 574 793 62 65 113 407 423 649 682 699 720 797 97
720 62
62 188
188 41
41 423
423 290
290 47
47 562
562 249
249 348
348 113
113 797
797 407
407 793
793 649
649 682
682 699
699 430
430 65
65 227
227 574
574 792
792 657
657 783
783 544
544 97
99 359 384 409 418 456 512
359 409
409 384
384 418
418 99
99 456
456 512
731 733
731 733
2 46 134 279 304 309 370 374 393 535 71 94 136 149 160 201 336 399 643 748 36 108
108 36
36 279
279 304
304 309
309 2
2 134
134 393
393 370
370 374
374 46
46 535
535 71
71 336
336 94
94 149
149 201
201 643
643 399
399 160
160 748
748 136
181 192 321
181 321
321 192
517 536 569 584 591
536 569
569 584
584 591
591 517
116 214 324 373 392 425 465 566 674 750 20 34 72
20 72
72 34
34 425
425 373
373 674
674 465
465 392
392 566
566 324
324 750
750 214
214 116
76 159 180 278 356 419 685 28 118 145 162 379 703
76 685
685 159
159 356
356 419
419 180
180 278
278 145
145 379
379 118
118 28
28 703
703 162
708 756 763 79 124 166
708 763
763 756
756 166
166 79
79 124
285 296 301 429 513 522 102 153 241 257 598 614 628 705 737 89 127 184 424 428 523 613 679 794 45 119 178 197 236 394 396 437
178 119
119 396
396 45
45 236
236 437
437 197
197 394
394 429
429 285
285 522
522 296
296 301
301 513
513 257
257 102
102 705
705 628
628 598
598 428
428 614
614 153
153 89
89 424
424 737
737 523
523 613
613 127
127 679
679 184
184 794
794 241
519 38 133 308 332 593
332 38
38 133
133 593
593 308
308 519
631 711 723
711 723
723 631
775 156 243 340 369 411 617 676 691 767 129 165 420 435 457
457 420
420 165
165 435
435 129
129 676
676 369
369 156
156 617
617 775
775 243
243 411
411 691
691 340
340 767
618
622 658 683 84 86 155 199 284 377 499 590 745 161 256
622 683
683 658
658 199
199 86
86 155
155 84
84 284
284 745
745 499
499 377
377 590
590 161
161 256
335 474 509 615 710
474 615
615 335
335 509
509 710
761 765
765 761
50 70 130 217 230 341
130 230
230 217
217 341
341 50
50 70
449
524 695 23 26 33 168 233
33 23
23 233
233 168
168 26
26 695
695 524
266 291 675 735 35 75 167 442 458 461 555 719
35 555
555 719
719 75
75 458
458 461
461 167
167 442
442 675
675 291
291 266
266 735
721
64 68 154 183 306 405 447 578 642 1 6 12 151 367 400 543 545 95 106
151 367
367 6
6 400
400 12
12 543
543 1
1 545
545 578
578 95
95 154
154 64
64 106
106 183
183 68
68 405
405 447
447 642
642 306
286 307 387 422 611
422 307
307 286
286 387
387 611
677 67 73 100
100 73
73 67
67 677
194 438
194 438
439
446 602 24 42 139 505
602 446
446 505
505 24
24 139
139 42
564 678 718 781 7 104 143 326 500 672 693
781 564
564 718
718 678
678 104
104 693
693 500
500 143
143 326
326 672
672 7
696 147 200 211 320 470 551 652 766 226 232 322
200 320
320 766
766 652
652 470
470 211
211 147
147 551
551 696
696 322
322 232
232 226
346 484 576 769 791 9 88
88 9
9 484
484 791
791 346
346 576
576 769
93 218 265
265 218
218 93
311 552 687
687 311
311 552
8 123 141 294
294 141
141 8
8 123
315 360 383 774 29 63 80 385 406 518 619 734
619 29
29 385
385 518
518 63
63 734
734 360
360 774
774 80
80 315
315 406
406 383
39 52 82 169 276 378 511 704 313 314 339 494 592 609
276 82
82 511
511 39
39 704
704 169
169 378
378 52
52 339
339 314
314 609
609 494
494 592
592 313
653 799 235
653 799
799 235
319 357 381 436 585 637 760 31 57 206 289 361 485 488 547 338 371 445 504 606 681 716
606 504
504 445
445 338
338 716
716 681
681 371
371 485
485 361
361 488
488 57
57 206
206 547
547 31
31 289
289 381
381 585
585 436
436 357
357 319
319 760
760 637
725 125 220 330 388 443 667
725 330
330 388
388 443
443 667
667 220
220 125
712 747 25 105
747 712
712 25
25 105
110 172 264 487 633 673 10 182 253 345 395 471
253 182
182 345
345 395
395 10
10 471
471 110
110 673
673 487
487 172
172 264
264 633
645 788 98 140 328
328 140
140 98
98 645
645 788
455
594 632 659 18
659 594
594 632
632 18
175 179 427 583 587 780
175 587
587 427
427 583
583 179
179 780
193 203
193 203
231 310 508 540 599 131 408 450
408 450
450 131
131 599
599 310
310 540
540 508
508 231
530 680 759 773 111 245 525 570
680 773
773 530
530 759
759 111
111 525
525 570
570 245
589
762
779 55 66 270 272 597 600 640 228 502
502 228
228 270
270 66
66 272
272 55
55 640
640 597
597 600
600 779
582 758 768 776 786 21 380 527
582 758
758 380
380 776
776 768
768 21
21 786
786 527
646 706 751 755 142 528 529 531
751 646
646 706
706 755
755 142
142 529
529 531
531 528
702 724 754
754 724
724 702
190 283 382 452 459 526 770 56 117 410 480 482
459 526
526 452
452 382
382 190
190 770
770 283
283 480
480 117
117 410
410 482
482 56
558 713
558 713
115 186
186 115
268 364 454 567 709 87 91
87 91
91 454
454 567
567 709
709 364
364 268
173 297 331 654 771 187 189 372 417 601 664 715 212 234 325 353 376 390 651
189 187
187 664
664 715
715 601
601 654
654 173
173 331
331 417
417 372
372 771
771 297
297 390
390 376
376 325
325 651
651 212
212 234
234 353
238 282 352 495 596 661 753 5 14 191 263 273 416 554 53 302 413 493 573 635 732 362 398 412
273 14
14 191
191 263
263 5
5 554
554 416
416 573
573 493
493 635
635 732
732 302
302 413
413 53
53 661
661 238
238 596
596 495
495 352
352 282
282 753
753 398
398 362
362 412
473 546 595 295 350 375 386 557 738 344 468
344 468
468 595
595 473
473 546
546 350
350 295
295 557
557 375
375 386
386 738
538 707
538 707
782
787 269 354 441
787 354
354 269
269 441
660 671 698 219 242 312 464 497 581 358
497 219
219 464
464 312
312 581
581 242
242 671
671 698
698 660
660 358
402
489 490
489 490
516 608 329 481 575
481 575
575 329
329 608
608 516
580 650 728 433 486 510 639 686 701 15
15 650
650 728
728 580
580 686
686 639
639 433
433 510
510 701
701 486
61 334 463 550 688 19 250
688 463
463 550
550 61
61 334
334 19
19 250
572 697 727 796 114 215 225 483
225 483
483 215
215 114
114 727
727 697
697 796
796 572
647 670 0 85 537 553 692 700 3 27 421 472 726 32 150 520 539 722 49 135 577 741 742 171 204
32 539
539 722
722 150
150 520
520 3
3 472
472 421
421 27
27 204
204 726
726 171
171 0
0 700
700 553
553 692
692 85
85 537
537 49
49 135
135 577
577 742
742 741
741 647
647 670
303 478 556 60 83
60 83
83 556
556 303
303 478
121 414 621 239 533
621 414
414 121
121 533
533 239
605 644 666 78 195 363 662 743 30 548 616 684 778 59 287 389 415
363 743
743 662
662 78
78 195
195 30
30 548
548 684
684 616
616 778
778 287
287 389
389 415
415 59
59 605
605 666
666 644
521 251 288 298 549 729 13 198
298 251
251 729
729 288
288 549
549 521
521 13
13 198
216 224 316 267 274 397 491 785 318 466 492 620
267 491
491 274
274 397
397 466
466 318
318 785
785 620
620 492
492 224
224 216
216 316
730 277 391 426
426 277
277 391
391 730
506 626 44 501 607 610 757
757 506
506 44
44 626
626 610
610 501
501 607
138 343 498 559 58
58 343
343 138
138 559
559 498
120
347 663 96 148 431 746 132 258 448
663 347
347 448
448 132
132 258
258 96
96 148
148 431
431 746
467 196 444
196 444
444 467
460 479 126 244 261 327 404 623 648 668 202 208
202 208
208 479
479 460
460 261
261 244
244 126
126 327
327 648
648 404
404 668
668 623
237 337 144 477 655 752 255 271 571 579
237 337
337 477
477 655
655 144
144 752
752 571
571 255
255 579
579 271
81 342 563 74 300 453 40 157 503
453 300
300 74
74 81
81 563
563 342
342 157
157 40
40 503
451 636 205
636 451
451 205
630
