!
792 
607 419 464 
607 419
419 464
209 
687 2 611 264 578 273 542 672 25 451 418 
542 611
611 273
273 578
578 687
687 2
2 672
672 264
264 25
25 451
451 418
189 363 460 481 
481 460
460 189
189 363
133 743 536 295 277 204 
204 536
536 277
277 295
295 133
133 743
550 266 51 271 293 71 330 268 767 
266 330
330 268
268 550
550 71
71 51
51 767
767 271
271 293
532 181 
181 532
466 120 
120 466
81 
669 83 
83 669
523 22 
523 22
182 788 586 199 653 103 359 65 497 
182 788
788 497
497 586
586 103
103 199
199 65
65 653
653 359
614 
726 771 
771 726
636 563 438 722 391 463 238 747 625 511 124 572 
124 511
511 625
625 747
747 238
238 463
463 563
563 636
636 438
438 722
722 391
391 572
539 
3 212 
212 3
737 730 745 
730 745
745 737
337 369 500 765 
765 337
337 369
369 500
336 
54 590 545 509 
509 590
590 545
545 54
357 799 
799 357
146 
566 778 506 301 785 510 
785 301
301 566
566 506
506 510
510 778
620 762 
762 620
68 219 381 370 637 190 
68 381
381 219
219 370
370 637
637 190
538 
294 270 69 226 220 
220 226
226 69
69 270
270 294
770 
167 243 557 502 
502 557
557 167
167 243
605 696 530 396 432 
696 605
605 396
396 432
432 530
307 493 
493 307
280 254 707 535 754 149 440 281 9 
9 281
281 149
149 754
754 280
280 535
535 707
707 440
440 254
13 
461 443 414 
414 443
443 461
155 782 207 598 
155 782
782 207
207 598
283 
448 
534 642 158 198 
158 198
198 642
642 534
425 
592 11 
592 11
211 
138 27 48 186 319 708 
48 27
27 138
138 186
186 708
708 319
659 393 
659 393
728 163 488 356 
356 488
488 163
163 728
601 10 
10 601
547 676 759 716 193 400 
547 193
193 759
759 400
400 676
676 716
222 573 142 352 508 484 
484 573
573 508
508 142
142 222
222 352
437 521 
521 437
233 97 191 503 
97 191
191 503
503 233
727 691 
727 691
258 119 141 
258 119
119 141
794 385 6 646 
646 385
385 794
794 6
15 309 
15 309
350 246 
246 350
72 375 333 455 
333 72
72 375
375 455
79 758 
79 758
774 76 
76 774
595 556 
556 595
690 342 
342 690
775 
262 47 793 501 647 
501 793
793 47
47 262
262 647
671 
797 323 631 456 405 82 196 593 486 179 
323 486
486 405
405 797
797 456
456 631
631 82
82 179
179 593
593 196
664 
656 73 
73 656
663 
178 329 249 177 519 507 365 
365 519
519 178
178 249
249 329
329 177
177 507
86 
434 92 719 96 37 516 192 
192 96
96 434
434 92
92 719
719 37
37 516
108 145 
108 145
482 321 206 
482 321
321 206
224 93 
93 224
520 471 388 23 720 597 
597 720
720 520
520 23
23 471
471 388
90 421 475 
475 421
421 90
761 
689 
746 136 600 649 
600 136
136 746
746 649
559 
31 513 441 360 210 772 
441 210
210 31
31 360
360 513
513 772
551 416 
551 416
248 251 
251 248
541 183 604 278 331 
331 278
278 604
604 541
541 183
581 341 641 700 
700 641
641 581
581 341
458 386 
458 386
474 616 272 798 390 241 
390 474
474 616
616 241
241 272
272 798
692 473 194 489 29 789 
692 473
473 29
29 789
789 489
489 194
515 
624 
208 314 
314 208
257 670 
257 670
409 14 
14 409
374 544 
544 374
721 91 565 740 459 322 
459 740
740 565
565 91
91 322
322 721
748 364 
364 748
499 
564 118 
564 118
645 
404 66 121 
121 404
404 66
245 779 394 570 433 218 
433 570
570 218
218 245
245 779
779 394
734 650 320 202 634 
650 320
320 734
734 634
634 202
399 
658 140 
658 140
252 717 
252 717
655 558 376 
655 558
558 376
462 84 383 259 423 469 735 629 326 635 174 
735 84
84 469
469 462
462 383
383 423
423 259
259 629
629 174
174 326
326 635
492 678 444 525 
678 492
492 444
444 525
387 401 221 
387 401
401 221
540 328 
328 540
487 20 44 
487 20
20 44
485 
382 666 
666 382
718 
78 621 
621 78
152 
166 667 
166 667
346 8 
346 8
682 560 
560 682
630 242 205 
630 242
242 205
366 227 533 197 339 546 683 402 107 736 
736 107
107 402
402 683
683 197
197 546
546 339
339 366
366 533
533 227
151 
128 465 380 755 585 698 757 325 
465 128
128 380
380 755
755 585
585 698
698 757
757 325
358 445 576 453 
453 576
576 445
445 358
413 
428 
738 
45 
306 686 30 
30 686
686 306
699 351 131 
699 351
351 131
619 214 480 398 
398 480
480 214
214 619
59 
527 
495 609 430 349 
349 430
430 495
495 609
606 478 
478 606
64 588 180 58 353 164 
180 64
64 58
58 588
588 353
353 164
244 4 439 729 162 420 
420 244
244 4
4 439
439 729
729 162
327 
599 750 38 
599 750
750 38
147 603 
147 603
613 
232 176 574 77 
574 77
77 176
176 232
661 
725 768 496 313 125 710 
710 496
496 768
768 125
125 313
313 725
39 288 579 290 732 454 763 422 87 591 
87 591
591 422
422 763
763 454
454 732
732 39
39 579
579 288
288 290
470 662 665 46 395 263 
662 665
665 470
470 46
46 395
395 263
411 362 
362 411
185 139 276 450 
185 139
139 276
276 450
701 608 589 284 135 287 
608 701
701 589
589 135
135 287
287 284
367 282 304 
367 282
282 304
776 392 
392 776
610 
105 479 
105 479
115 
318 89 426 261 517 137 315 412 
517 426
426 261
261 137
137 318
318 412
412 315
315 89
50 229 514 
514 50
50 229
580 144 684 7 704 795 228 583 368 310 
228 795
795 310
310 704
704 583
583 368
368 7
7 144
144 580
580 684
528 
627 
215 127 
127 215
632 518 43 250 132 673 
632 518
518 43
43 250
250 132
132 673
260 681 
681 260
265 113 777 
265 113
113 777
134 483 57 713 766 
57 483
483 134
134 713
713 766
114 
33 
300 
622 255 
622 255
235 308 35 74 345 769 
769 35
35 235
235 308
308 74
74 345
529 
407 567 230 561 
561 230
230 407
407 567
688 
773 449 
773 449
685 494 
685 494
169 
436 
429 110 594 67 41 340 752 781 116 476 324 
116 324
324 752
752 781
781 476
476 340
340 41
41 67
67 594
594 110
110 429
549 184 739 
739 184
184 549
168 95 302 431 618 335 587 714 638 
714 587
587 618
618 431
431 335
335 302
302 168
168 95
95 638
347 
247 417 575 674 
674 575
575 417
417 247
715 
654 
706 234 332 
332 234
234 706
75 
680 
150 571 531 
150 571
571 531
344 543 24 237 
24 543
543 344
344 237
123 19 753 40 21 111 741 
40 21
21 753
753 19
19 123
123 111
111 741
239 
299 26 373 16 555 
26 373
373 16
16 555
555 299
756 639 
756 639
143 468 787 1 695 
695 468
468 787
787 143
143 1
657 651 104 568 760 36 355 
104 657
657 568
568 760
760 651
651 36
36 355
711 42 200 201 195 467 126 99 
99 126
126 467
467 201
201 195
195 42
42 200
200 711
203 223 240 
203 223
223 240
447 749 
447 749
403 154 
403 154
751 292 435 
292 751
751 435
505 274 
274 505
628 677 744 
628 677
677 744
378 406 644 102 
378 406
406 644
644 102
53 
286 85 
85 286
130 112 
112 130
129 
415 
172 522 
172 522
712 348 
712 348
693 
5 
60 
577 796 512 106 354 472 733 
733 472
472 106
106 354
354 796
796 512
512 577
156 
640 
384 305 602 
602 305
305 384
617 612 410 
410 617
617 612
548 
724 427 165 
724 427
427 165
187 
408 694 
408 694
490 379 160 253 
490 379
379 253
253 160
554 
157 231 424 697 
697 424
424 231
231 157
791 100 291 
291 100
100 791
32 55 584 
32 584
584 55
49 
317 52 334 723 477 784 648 28 553 
723 477
477 52
52 317
317 334
334 784
784 28
28 648
648 553
101 
742 12 709 
709 742
742 12
705 
703 
596 668 
668 596
491 
289 109 343 
109 289
289 343
731 18 537 
731 537
537 18
790 117 161 372 
161 117
117 790
790 372
764 269 780 122 
122 764
764 269
269 780
786 
216 296 62 153 170 
153 216
216 296
296 62
62 170
70 275 
70 275
552 
679 562 256 
562 679
679 256
236 
225 316 452 
225 452
452 316
188 17 
188 17
569 377 312 652 702 
702 377
377 312
312 652
652 569
279 626 94 88 267 361 
361 88
88 279
279 626
626 94
94 267
98 
297 63 582 148 623 217 498 
582 63
63 297
297 148
148 623
623 217
217 498
389 
303 660 
303 660
524 61 213 615 298 56 
524 61
61 213
213 298
298 615
615 56
633 
285 
643 171 
643 171
526 34 
526 34
311 338 
338 311
397 0 
397 0
675 442 457 159 371 
159 371
371 457
457 675
675 442
783 504 175 
783 504
504 175
446 173 
446 173
80 
