!
0 1 2 3 4 5 6 7 8 9 10 11 12 13 14 15 16 17 18 19 20 21 22 23 24 25 26 27 28 29 30 31 32 33 34 35 36 37 38 39 40 41 42 43 44 45 46 47 48 49 50 51 52 53 54 55 56 57 58 59 60 61 62 63 64 65 66 67 68 69 70 71 72 73 74 75 76 77 78 79 80 81 82 83 84 85 86 87 88 89 90 91 92 93 94 95 96 97 98 99 100 101 102 103 104 105 106 107 108 109 110 111 112 113 114 115 116 117 118 119 120 121 122 123 124 125 126 127 128 129 130 131 132 133 134 135 136 137 138 139 140 141 142 143 144 145 146 147 148 149 150 151 152 153 154 155 156 157 158 159 160 161 162 163 164 165 166 167 168 169 170 171 172 173 174 175 176 177 178 179 180 181 182 183 184 185 186 187 188 189 190 191 192 193 194 195 196 197 198 199 200 201 202 203 204 205 206 207 208 209 210 211 212 213 214 215 216 217 218 219 220 221 222 223 224 225 226 227 228 229 230 231 232 233 234 235 236 237 238 239 240 241 242 243 244 245 246 247 248 249 250 251 252 253 254 255 256 257 258 259 260 261 262 263 264 265 266 267 268 269 270 271 272 273 274 275 276 277 278 279 280 281 282 283 284 285 286 287 288 289 290 291 292 293 294 295 296 297 298 299 300 301 302 303 304 305 306 307 308 309 310 311 312 313 314 315 316 317 318 319 320 321 322 323 324 325 326 327 328 329 330 331 332 333 334 335 336 337 338 339 340 341 342 343 344 345 346 347 348 349 350 351 352 353 354 355 356 357 358 359 360 361 362 363 364 365 366 367 368 369 370 371 372 373 374 375 376 377 378 379 380 381 382 383 384 385 386 387 388 389 390 391 392 393 394 395 396 397 398 399 400 401 402 403 404 405 406 407 408 409 410 411 412 413 414 415 416 417 418 419 420 421 422 423 424 425 426 427 428 429 430 431 432 433 434 435 436 437 438 439 440 441 442 443 444 445 446 447 448 449 450 451 452 453 454 455 456 457 458 459 460 461 462 463 464 465 466 467 468 469 470 471 472 473 474 475 476 477 478 479 480 481 482 483 484 485 486 487 488 489 490 491 492 493 494 495 496 497 498 499 500 501 502 503 504 505 506 507 508 509 510 511 512 513 514 515 516 517 518 519 520 521 522 523 524 525 526 527 528 529 530 531 532 533 534 535 536 537 538 539 540 541 542 543 544 545 546 547 548 549 550 551 552 553 554 555 556 557 558 559 560 561 562 563 564 565 566 567 568 569 570 571 572 573 574 575 576 577 578 579 580 581 582 583 584 585 586 587 588 589 590 591 592 593 594 595 596 597 598 599 600 601 602 603 604 605 606 607 608 609 610 611 612 613 614 615 616 617 618 619 620 621 622 623 624 625 626 627 628 629 630 631 632 633 634 635 636 637 638 639 640 641 642 643 644 645 646 647 648 649 650 651 652 653 654 655 656 657 658 659 660 661 662 663 664 665 666 667 668 669 670 671 672 673 674 675 676 677 678 679 680 681 682 683 684 685 686 687 688 689 690 691 692 693 694 695 696 697 698 699 700 701 702 703 704 705 706 707 708 709 710 711 712 713 714 715 716 717 718 719 720 721 722 723 724 725 726 727 728 729 730 731 732 733 734 735 736 737 738 739 740 741 742 743 744 745 746 747 748 749 750 751 752 753 754 755 756 757 758 759 760 761 762 763 764 765 766 767 768 769 770 771 772 773 774 775 776 777 778 779 780 781 782 783 784 785 786 787 788 789 790 791 792 793 794 795 796 797 798 799
643 213
213 576
576 22
22 756
756 744
744 391
391 419
419 241
241 341
341 127
127 593
593 523
523 620
620 451
451 285
285 409
409 530
530 56
56 582
582 44
44 282
282 694
694 693
693 752
752 725
725 115
115 469
469 462
462 753
753 745
745 743
743 566
566 682
682 145
145 365
365 99
99 194
194 283
283 306
306 585
585 337
337 573
573 627
627 267
267 19
19 712
712 316
316 514
514 404
404 587
587 445
445 696
696 424
424 708
708 602
602 276
276 58
58 450
450 678
678 420
420 417
417 668
668 738
738 220
220 711
711 506
506 305
305 50
50 661
661 383
383 629
629 423
423 368
368 527
527 355
355 211
211 110
110 290
290 414
414 488
488 665
665 223
223 210
210 639
639 547
547 470
470 780
780 601
601 236
236 28
28 477
477 190
190 78
78 180
180 125
125 131
131 717
717 362
362 274
274 421
421 324
324 375
375 531
531 638
638 750
750 557
557 278
278 315
315 705
705 701
701 442
442 6
6 630
630 452
452 760
760 350
350 489
489 747
747 799
799 583
583 674
674 325
325 225
225 425
425 687
687 35
35 310
310 431
431 345
345 351
351 486
486 631
631 387
387 480
480 384
384 457
457 214
214 286
286 329
329 36
36 163
163 32
32 437
437 161
161 134
134 48
48 265
265 797
797 293
293 294
294 302
302 677
677 27
27 695
695 240
240 79
79 428
428 259
259 129
129 199
199 11
11 229
229 121
121 207
207 592
592 166
166 187
187 151
151 181
181 71
71 200
200 471
471 297
297 774
774 502
502 189
189 759
759 418
418 709
709 373
373 126
126 122
122 140
140 435
435 195
195 624
624 239
239 147
147 311
311 509
509 763
763 30
30 699
699 559
559 354
354 515
515 158
158 177
177 721
721 714
714 288
288 697
697 571
571 789
789 386
386 263
263 8
8 652
652 292
292 716
716 522
522 692
692 589
589 252
252 14
14 173
173 683
683 97
97 396
396 464
464 596
596 272
272 441
441 434
434 685
685 327
327 782
782 73
73 95
95 235
235 233
233 106
106 101
101 636
636 518
518 184
184 580
580 401
401 666
666 141
141 663
663 430
430 238
238 144
144 761
761 732
732 621
621 255
255 54
54 449
449 378
378 408
408 771
771 609
609 594
594 785
785 465
465 632
632 733
733 268
268 3
3 123
123 467
467 466
466 65
65 370
370 722
722 475
475 473
473 108
108 342
342 439
439 707
707 138
138 260
260 398
398 178
178 165
165 788
788 794
794 673
673 247
247 205
205 179
179 38
38 183
183 603
603 64
64 615
615 667
667 357
357 117
117 299
299 497
497 188
188 332
332 24
24 698
698 651
651 160
160 775
775 118
118 791
791 226
226 167
167 88
88 164
164 413
413 275
275 525
525 67
67 786
786 664
664 157
157 330
330 90
90 458
458 15
15 726
726 83
83 548
548 291
291 361
361 703
703 662
662 769
769 358
358 39
39 41
41 250
250 301
301 448
448 346
346 482
482 234
234 762
762 405
405 542
542 182
182 114
114 75
75 460
460 403
403 728
728 793
793 672
672 12
12 245
245 574
574 254
254 379
379 10
10 520
520 279
279 584
584 606
606 372
372 613
613 766
766 142
142 364
364 353
353 111
111 517
517 729
729 657
657 262
262 504
504 57
57 130
130 444
444 676
676 2
2 175
175 600
600 730
730 591
591 105
105 512
512 169
169 598
598 511
511 66
66 755
755 113
113 204
204 107
107 660
660 637
637 463
463 261
261 751
751 116
116 33
33 380
380 757
757 688
688 146
146 519
519 715
715 436
436 528
528 87
87 266
266 55
55 433
433 135
135 397
397 689
689 513
513 212
212 541
541 686
686 622
622 521
521 706
706 308
308 85
85 339
339 545
545 493
493 47
47 338
338 595
595 61
61 344
344 102
102 468
468 616
616 13
13 563
563 599
599 429
429 773
773 109
109 321
321 754
754 607
607 270
270 196
196 389
389 670
670 349
349 63
63 307
307 720
720 20
20 86
86 322
322 474
474 124
124 768
768 390
390 561
561 334
334 568
568 704
704 731
731 749
749 544
544 119
119 359
359 727
727 562
562 256
256 538
538 572
572 287
287 495
495 80
80 335
335 659
659 447
447 669
669 551
551 543
543 264
264 619
619 295
295 154
154 479
479 410
410 508
508 484
484 507
507 779
779 209
209 550
550 94
94 459
459 650
650 377
377 388
388 25
25 658
658 499
499 333
333 289
289 597
597 312
312 156
156 740
740 700
700 356
356 162
162 208
208 253
253 153
153 641
641 655
655 790
790 367
367 778
778 219
219 385
385 369
369 767
767 112
112 628
628 618
618 309
309 446
446 42
42 453
453 271
271 246
246 633
633 40
40 590
590 228
228 394
394 553
553 777
777 614
614 416
416 172
172 617
617 411
411 784
784 170
170 586
586 72
72 277
277 739
739 340
340 492
492 51
51 407
407 529
529 533
533 498
498 623
623 230
230 654
654 201
201 21
21 648
648 70
70 496
496 231
231 376
376 92
92 635
635 93
93 143
143 120
120 560
560 555
555 203
203 222
222 575
575 412
412 393
393 570
570 400
400 371
371 100
100 16
16 186
186 17
17 579
579 438
438 133
133 198
198 640
640 653
653 642
642 81
81 221
221 426
426 783
783 748
748 217
217 318
318 483
483 741
741 284
284 23
23 490
490 343
343 251
251 45
45 491
491 702
702 298
298 348
348 242
242 558
558 581
581 7
7 532
532 440
440 770
770 649
649 191
191 485
485 96
96 537
537 347
347 724
724 787
787 625
625 52
52 317
317 776
776 243
243 443
443 26
26 487
487 304
304 281
281 216
216 91
91 710
710 647
647 395
395 360
360 43
43 155
155 539
539 406
406 328
328 503
503 128
128 74
74 224
224 49
49 427
427 300
300 764
764 82
82 399
399 0
0 671
671 326
326 569
569 168
168 258
258 5
5 564
564 159
159 257
257 31
31 510
510 197
197 132
132 148
148 336
336 565
565 656
656 612
612 392
392 758
758 59
59 526
526 84
84 249
249 296
296 149
149 792
792 319
319 232
232 454
454 9
9 552
552 736
736 320
320 634
634 719
719 280
280 536
536 645
645 136
136 176
176 781
781 269
269 60
60 323
323 218
218 494
494 374
374 691
691 185
185 690
690 37
37 567
567 605
605 104
104 303
303 772
772 331
331 535
535 540
540 137
137 76
76 171
171 604
604 611
611 103
103 248
248 577
577 737
737 273
273 610
610 352
352 795
795 62
62 202
202 549
549 608
608 139
139 206
206 478
478 150
150 534
534 381
381 366
366 546
546 34
34 1
1 77
77 505
505 192
192 455
455 363
363 675
675 46
46 193
193 29
29 644
644 53
53 798
798 89
89 4
4 227
227 718
718 69
69 422
422 382
382 681
681 98
98 174
174 456
456 314
314 472
472 501
501 481
481 500
500 679
679 516
516 680
680 152
152 735
735 734
734 524
524 402
402 796
796 626
626 237
237 18
18 765
765 244
244 684
684 646
646 313
313 713
713 578
578 746
746 742
742 554
554 415
415 432
432 68
68 588
588 461
461 723
723 556
556 476
476 215
