!
336 439 502 4 216 746 128 443 540 516 278 549 707 
336 439
439 502
502 128
128 746
746 4
4 216
216 443
443 516
516 540
540 278
278 549
549 707
631 640 399 177 2 788 352 49 157 420 688 499 766 539 724 636 209 584 391 588 164 372 215 551 11 434 472 240 350 717 574 42 
391 584
584 788
788 157
157 631
631 640
640 399
399 177
177 49
49 2
2 352
352 724
724 420
420 636
636 11
11 688
688 164
164 209
209 588
588 499
499 766
766 372
372 240
240 215
215 539
539 472
472 551
551 350
350 434
434 717
717 574
574 42
595 175 6 122 295 458 459 611 779 82 137 244 699 754 634 621 684 220 745 165 340 492 530 109 
82 779
779 611
611 122
122 459
459 295
295 458
458 137
137 6
6 244
244 595
595 175
175 745
745 699
699 634
634 754
754 340
340 109
109 621
621 165
165 492
492 530
530 684
684 220
654 
682 380 60 646 99 150 531 237 637 318 667 81 
81 667
667 682
682 318
318 380
380 637
637 237
237 60
60 646
646 99
99 150
150 531
36 471 189 297 521 351 326 267 673 173 590 40 796 468 
351 326
326 297
297 521
521 189
189 590
590 36
36 471
471 267
267 173
173 673
673 40
40 796
796 468
423 612 494 683 
423 683
683 612
612 494
17 387 704 66 23 518 149 256 722 739 232 41 446 542 527 3 86 534 594 414 569 769 191 339 118 449 96 378 543 100 343 715 452 206 703 154 537 315 680 262 450 98 466 706 
450 262
262 680
680 191
191 98
98 706
706 118
118 315
315 466
466 537
537 414
414 594
594 569
569 339
339 534
534 769
769 154
154 86
86 343
343 543
543 100
100 378
378 3
3 449
449 715
715 703
703 96
96 206
206 452
452 527
527 542
542 446
446 41
41 232
232 722
722 739
739 256
256 149
149 518
518 23
23 66
66 704
704 387
387 17
242 166 617 453 692 696 
696 692
692 453
453 617
617 242
242 166
31 241 392 110 299 616 371 732 504 269 791 773 331 53 196 477 383 583 597 48 407 15 56 666 495 674 0 284 126 462 
583 383
383 48
48 407
407 674
674 773
773 597
597 196
196 791
791 15
15 495
495 477
477 56
56 269
269 331
331 666
666 53
53 0
0 284
284 504
504 126
126 462
462 241
241 31
31 110
110 392
392 299
299 616
616 371
371 732
247 44 342 529 341 635 639 552 575 405 152 363 515 169 591 607 589 117 479 229 775 
639 552
552 635
635 405
405 152
152 341
341 575
575 363
363 342
342 44
44 247
247 529
529 479
479 117
117 515
515 591
591 589
589 169
169 607
607 775
775 229
642 525 501 744 645 113 570 748 33 77 273 64 500 92 54 784 757 85 250 709 753 437 345 409 
500 757
757 64
64 784
784 77
77 92
92 273
273 54
54 85
85 33
33 250
250 748
748 570
570 709
709 753
753 501
501 642
642 525
525 437
437 645
645 345
345 409
409 113
113 744
541 795 1 381 785 524 141 520 346 478 
478 346
346 520
520 141
141 795
795 541
541 381
381 1
1 785
785 524
731 57 124 282 649 176 770 768 714 441 290 252 51 425 672 691 444 457 393 756 751 221 
252 290
290 441
441 770
770 649
649 768
768 714
714 691
691 282
282 176
176 672
672 425
425 51
51 124
124 57
57 444
444 731
731 457
457 393
393 756
756 751
751 221
662 447 
447 662
233 156 686 
233 156
156 686
456 
35 736 138 705 587 80 721 624 185 254 535 293 25 19 600 528 599 333 182 135 199 419 402 
419 199
199 135
135 599
599 25
25 19
19 185
185 182
182 333
333 624
624 528
528 600
600 80
80 587
587 138
138 736
736 35
35 705
705 721
721 254
254 535
535 293
293 402
8 7 566 742 586 725 121 309 487 377 116 771 
377 121
121 487
487 586
586 742
742 725
725 7
7 309
309 8
8 566
566 771
771 116
464 274 750 62 678 463 374 37 145 88 655 605 582 665 716 638 523 687 677 286 482 272 46 219 212 279 329 55 488 689 188 268 63 181 370 708 226 367 627 222 9 359 455 26 230 223 626 741 797 75 207 34 218 613 424 440 727 130 369 679 454 24 365 362 550 782 344 720 506 58 568 143 280 307 675 389 726 294 114 
212 219
219 46
46 463
463 488
488 689
689 55
55 329
329 279
279 678
678 188
188 272
272 62
62 482
482 63
63 268
268 464
464 274
274 750
750 367
367 286
286 181
181 677
677 716
716 370
370 708
708 374
374 638
638 687
687 226
226 523
523 37
37 223
223 365
365 24
24 145
145 627
627 582
582 222
222 455
455 207
207 454
454 9
9 359
359 679
679 88
88 230
230 665
665 605
605 440
440 26
26 741
741 655
655 727
727 797
797 75
75 568
568 58
58 626
626 130
130 506
506 362
362 143
143 307
307 369
369 218
218 280
280 34
34 720
720 782
782 550
550 344
344 675
675 389
389 613
613 424
424 726
726 114
114 294
103 246 183 481 361 364 106 200 355 
361 355
355 103
103 246
246 481
481 183
183 364
364 106
106 200
514 174 298 
298 174
174 514
567 349 228 422 170 187 305 50 510 235 111 353 512 644 
510 50
50 305
305 512
512 170
170 349
349 187
187 567
567 353
353 228
228 422
422 644
644 111
111 235
368 601 
601 368
29 564 421 395 151 115 
421 564
564 29
29 151
151 395
395 115
735 158 445 561 322 
322 735
735 445
445 158
158 561
664 281 253 13 
281 13
13 253
253 664
780 59 288 485 772 
288 59
59 485
485 780
780 772
486 491 283 651 276 755 723 776 231 643 
723 755
755 776
776 276
276 651
651 486
486 231
231 491
491 283
283 643
317 400 758 257 335 323 
323 335
335 317
317 400
400 758
758 257
259 556 752 
259 556
556 752
310 70 148 469 287 261 302 652 275 728 171 73 238 676 
676 275
275 310
310 652
652 70
70 469
469 287
287 148
148 261
261 238
238 728
728 73
73 302
302 171
296 234 347 560 
296 347
347 234
234 560
592 
571 559 475 737 533 193 719 630 127 
475 571
571 559
559 737
737 193
193 719
719 533
533 630
630 127
197 382 526 67 632 625 83 429 681 593 357 320 
681 429
429 593
593 357
357 625
625 632
632 320
320 83
83 382
382 197
197 67
67 526
178 213 476 385 337 140 190 553 97 729 160 74 327 465 301 390 581 321 794 406 243 702 211 263 271 798 669 192 217 
798 271
271 337
337 140
140 321
321 702
702 794
794 581
581 213
213 476
476 406
406 669
669 178
178 263
263 243
243 190
190 211
211 385
385 553
553 97
97 192
192 217
217 390
390 74
74 729
729 160
160 327
327 465
465 301
72 762 
762 72
384 308 
308 384
493 694 18 460 747 433 
747 460
460 433
433 18
18 694
694 493
698 147 498 602 52 620 436 136 123 505 411 291 641 
641 291
291 505
505 123
123 411
411 620
620 698
698 52
52 147
147 498
498 136
136 602
602 436
129 658 208 653 415 496 205 
129 658
658 208
208 653
653 205
205 415
415 496
598 330 615 764 27 
598 330
330 615
615 764
764 27
438 547 579 373 578 91 562 618 292 614 781 603 39 65 161 565 799 47 102 734 28 
28 734
734 102
102 799
799 292
292 565
565 161
161 578
578 65
65 373
373 781
781 39
39 438
438 603
603 547
547 618
618 91
91 562
562 579
579 47
47 614
306 577 777 144 558 
577 306
306 144
144 777
777 558
572 710 435 258 131 718 610 650 146 159 
159 435
435 258
258 572
572 710
710 610
610 131
131 718
718 146
146 650
647 87 139 557 763 408 397 366 311 388 508 277 473 265 264 545 316 43 
545 264
264 265
265 508
508 277
277 388
388 311
311 366
366 473
473 397
397 408
408 763
763 557
557 647
647 139
139 87
87 316
316 43
394 546 431 563 201 749 576 792 585 623 32 84 180 376 325 142 5 778 633 16 202 432 375 573 358 21 354 134 132 61 104 210 661 
104 5
5 202
202 778
778 376
376 180
180 325
325 142
142 432
432 32
32 623
623 633
633 375
375 573
573 585
585 792
792 21
21 358
358 84
84 16
16 576
576 354
354 749
749 134
134 132
132 61
61 431
431 546
546 394
394 563
563 201
201 210
210 661
497 426 
497 426
338 609 186 670 20 503 94 22 555 225 30 596 
596 30
30 186
186 609
609 338
338 670
670 20
20 94
94 555
555 225
225 503
503 22
608 204 604 14 733 78 319 69 101 360 663 790 38 248 628 270 105 314 168 428 236 71 532 622 619 548 324 
324 548
548 619
619 622
622 532
532 71
71 14
14 248
248 604
604 38
38 204
204 608
608 790
790 733
733 168
168 663
663 314
314 78
78 105
105 319
319 360
360 270
270 101
101 69
69 628
628 428
428 236
303 517 522 467 266 606 245 761 
266 245
245 467
467 606
606 522
522 761
761 517
517 303
786 95 793 
793 786
786 95
289 701 227 738 224 480 167 401 427 76 195 108 403 45 789 404 511 690 671 
738 289
289 701
701 227
227 401
401 167
167 224
224 404
404 427
427 480
480 76
76 195
195 108
108 403
403 45
45 789
789 690
690 511
511 671
783 239 430 697 711 260 379 660 179 155 93 153 162 172 765 730 386 787 68 410 89 356 285 519 483 648 313 490 203 693 629 740 163 484 461 
484 163
163 461
461 740
740 629
629 693
693 203
203 490
490 783
783 239
239 430
430 386
386 697
697 648
648 730
730 313
313 711
711 260
260 93
93 379
379 660
660 179
179 155
155 153
153 172
172 162
162 765
765 787
787 68
68 483
483 89
89 410
410 519
519 285
285 356
112 312 657 214 249 
214 249
249 657
657 312
312 112
328 
489 759 133 685 700 251 184 119 695 767 412 656 659 774 442 713 12 348 536 474 194 580 451 509 198 413 120 554 334 107 255 507 712 
685 133
133 759
759 489
489 700
700 198
198 767
767 119
119 251
251 184
184 695
695 412
412 659
659 656
656 713
713 580
580 774
774 194
194 442
442 12
12 348
348 536
536 474
474 451
451 255
255 509
509 107
107 507
507 712
712 413
413 120
120 554
554 334
544 668 418 90 513 398 396 79 416 300 470 125 10 417 743 760 332 448 538 304 
90 513
513 418
418 79
79 416
416 300
300 398
398 544
544 396
396 668
668 470
470 125
125 10
10 417
417 743
743 760
760 538
538 304
304 332
332 448
