!
616 290 674 
674 616
616 290
648 104 281 348 18 
281 648
648 104
104 18
18 348
494 6 704 
704 494
494 6
66 491 374 175 561 525 
175 525
525 374
374 561
561 491
491 66
506 295 553 493 577 114 253 
506 295
295 553
553 493
493 577
577 114
114 253
785 407 769 526 
785 769
769 526
526 407
673 271 209 460 410 639 406 384 393 401 78 181 1 390 
1 390
390 393
393 406
406 401
401 181
181 384
384 639
639 78
78 410
410 209
209 673
673 460
460 271
697 224 507 313 722 496 94 657 368 563 468 314 68 423 
507 697
697 224
224 313
313 722
722 94
94 496
496 314
314 657
657 468
468 423
423 68
68 368
368 563
39 69 691 286 705 354 15 676 
354 39
39 69
69 691
691 286
286 705
705 15
15 676
664 22 207 696 500 453 9 381 
381 9
9 453
453 500
500 22
22 664
664 696
696 207
552 668 152 774 499 380 728 546 234 115 796 417 782 33 
152 774
774 499
499 668
668 552
552 380
380 728
728 546
546 234
234 115
115 796
796 417
417 782
782 33
282 
558 150 413 598 777 450 
413 558
558 150
150 598
598 777
777 450
98 347 333 129 455 196 
333 347
347 98
98 129
129 455
455 196
395 655 20 477 356 
356 477
477 20
20 655
655 395
473 334 363 411 564 237 409 667 652 246 154 444 349 322 620 794 478 
478 246
246 444
444 794
794 652
652 154
154 349
349 667
667 322
322 620
620 237
237 409
409 564
564 363
363 334
334 473
473 411
684 529 37 670 699 
699 37
37 684
684 529
529 670
187 456 
456 187
572 143 244 504 123 715 780 567 560 530 720 300 
143 572
572 244
244 780
780 504
504 715
715 123
123 567
567 560
560 530
530 300
300 720
210 3 310 
310 3
3 210
740 462 463 
463 740
740 462
365 80 222 510 151 524 569 
151 510
510 569
569 524
524 222
222 80
80 365
190 792 318 790 197 471 
471 190
190 792
792 318
318 790
790 197
120 
320 445 
445 320
298 545 142 289 248 446 
248 446
446 289
289 142
142 298
298 545
611 164 613 42 321 659 288 608 590 332 243 346 67 111 308 91 223 252 119 343 607 284 
243 611
611 613
613 164
164 42
42 332
332 590
590 321
321 659
659 346
346 288
288 608
608 67
67 111
111 308
308 91
91 223
223 252
252 119
119 343
343 607
607 284
623 402 71 194 688 579 326 162 
162 579
579 326
326 688
688 194
194 402
402 623
623 71
627 771 325 
771 627
627 325
687 
708 565 787 703 591 265 110 95 122 353 136 592 107 250 629 685 763 47 375 301 16 137 482 700 757 338 96 773 
110 591
591 122
122 565
565 95
95 787
787 703
703 708
708 353
353 773
773 265
265 136
136 592
592 629
629 107
107 685
685 250
250 96
96 763
763 47
47 375
375 301
301 16
16 137
137 700
700 482
482 757
757 338
427 76 490 481 166 274 125 707 
76 427
427 490
490 481
481 166
166 125
125 274
274 707
155 302 435 766 27 254 573 285 158 425 108 475 653 258 430 537 731 
258 108
108 430
430 158
158 766
766 653
653 27
27 425
425 475
475 285
285 537
537 435
435 573
573 155
155 731
731 254
254 302
352 643 752 335 
752 352
352 643
643 335
212 
31 603 575 
31 603
603 575
397 148 
397 148
680 634 336 387 661 403 635 247 452 
452 247
247 635
635 403
403 661
661 387
387 336
336 680
680 634
742 
277 505 188 
188 505
505 277
459 718 121 168 
168 718
718 121
121 459
52 
734 170 92 366 
170 92
92 734
734 366
555 470 161 191 112 711 764 60 25 741 50 512 199 83 34 593 10 45 391 28 297 160 485 195 568 621 786 431 781 
45 512
512 781
781 34
34 10
10 593
593 50
50 28
28 83
83 741
741 297
297 25
25 391
391 199
199 60
60 160
160 485
485 112
112 161
161 191
191 470
470 555
555 195
195 711
711 568
568 621
621 786
786 764
764 431
714 178 574 267 149 227 
227 149
149 267
267 714
714 178
178 574
145 339 172 744 278 389 341 745 102 415 778 640 738 
738 640
640 778
778 415
415 145
145 389
389 339
339 172
172 744
744 278
278 341
341 745
745 102
739 
392 299 625 578 624 522 62 727 798 520 710 597 205 388 4 733 721 211 651 580 513 441 53 371 87 451 488 
488 513
513 451
451 651
651 580
580 211
211 721
721 87
87 205
205 371
371 597
597 733
733 388
388 4
4 441
441 53
53 710
710 392
392 299
299 625
625 798
798 578
578 520
520 624
624 727
727 522
522 62
586 
595 716 296 394 
394 296
296 716
716 595
671 
618 469 140 307 268 44 531 29 316 55 672 416 287 
618 469
469 140
140 307
307 55
55 268
268 672
672 287
287 416
416 44
44 316
316 29
29 531
370 
755 
472 73 26 636 737 369 
26 472
472 73
73 636
636 737
737 369
476 600 503 61 610 654 440 40 538 677 240 735 554 717 309 
538 309
309 40
40 476
476 600
600 503
503 717
717 677
677 240
240 61
61 554
554 610
610 654
654 735
735 440
457 182 484 
484 457
457 182
269 730 523 383 770 292 217 362 519 454 324 765 443 
269 523
523 730
730 383
383 454
454 519
519 770
770 292
292 362
362 443
443 217
217 324
324 765
612 419 501 439 
501 439
439 612
612 419
663 467 220 337 
220 467
467 663
663 337
38 46 758 795 487 682 32 202 750 630 293 351 84 622 549 186 570 169 101 675 632 41 566 633 
46 38
38 487
487 758
758 202
202 630
630 682
682 32
32 795
795 750
750 293
293 622
622 351
351 84
84 633
633 566
566 632
632 41
41 675
675 549
549 186
186 570
570 169
169 101
228 528 
228 528
315 562 713 255 548 372 198 698 134 361 
548 372
372 562
562 698
698 315
315 198
198 713
713 134
134 255
255 361
760 762 461 517 49 
517 762
762 461
461 760
760 49
100 163 767 57 604 193 602 323 594 260 201 
100 163
163 604
604 193
193 767
767 57
57 602
602 323
323 594
594 260
260 201
378 79 583 64 
79 378
378 583
583 64
283 183 377 596 
596 377
377 183
183 283
12 329 438 124 772 59 514 709 701 364 8 171 660 233 540 118 317 
709 514
514 59
59 772
772 701
701 329
329 12
12 317
317 438
438 124
124 660
660 364
364 540
540 233
233 8
8 171
171 118
437 686 466 179 
466 179
179 437
437 686
694 516 
516 694
690 536 231 420 
536 690
690 231
231 420
725 344 306 534 606 428 192 72 203 
306 344
344 428
428 725
725 606
606 534
534 192
192 72
72 203
340 559 230 692 305 159 304 291 167 144 128 539 328 106 303 216 601 753 82 
340 559
559 230
230 128
128 692
692 305
305 159
159 144
144 304
304 291
291 106
106 82
82 167
167 328
328 601
601 216
216 753
753 539
539 303
185 
434 
791 74 177 518 272 749 474 
518 177
177 272
272 474
474 749
749 74
74 791
398 11 58 97 236 35 489 408 550 127 345 208 330 414 599 63 241 
414 208
208 330
330 345
345 63
63 599
599 241
241 127
127 550
550 408
408 489
489 236
236 97
97 35
35 58
58 11
11 398
581 
576 779 327 130 21 89 146 556 678 367 184 173 43 138 
327 146
146 130
130 89
89 779
779 21
21 576
576 556
556 678
678 367
367 184
184 173
173 43
43 138
551 261 99 588 
588 261
261 99
99 551
13 754 
13 754
498 605 743 2 689 189 584 719 542 495 751 759 429 
759 429
429 189
189 584
584 689
689 2
2 719
719 542
542 498
498 495
495 605
605 743
743 751
628 
761 
319 799 264 426 249 422 270 748 266 245 86 544 213 448 117 19 681 235 331 
426 319
319 249
249 270
270 422
422 799
799 264
264 544
544 748
748 681
681 266
266 245
245 213
213 235
235 448
448 86
86 117
117 19
19 331
23 
279 726 350 656 619 447 432 465 647 312 669 373 24 609 789 109 665 147 275 793 294 226 712 658 543 
712 226
226 294
294 793
793 275
275 109
109 147
147 658
658 665
665 543
543 789
789 609
609 24
24 669
669 726
726 312
312 279
279 647
647 350
350 465
465 656
656 373
373 619
619 447
447 432
358 7 662 17 399 65 225 
7 358
358 662
662 17
17 399
399 65
65 225
521 221 424 379 133 637 36 219 239 649 88 679 535 693 131 113 502 
535 679
679 693
693 88
88 239
239 649
649 379
379 424
424 133
133 637
637 36
36 221
221 521
521 219
219 131
131 113
113 502
396 
775 412 
412 775
776 218 724 
776 218
218 724
153 783 746 509 404 
783 153
153 746
746 509
509 404
683 756 626 214 273 723 702 386 
683 626
626 756
756 214
214 273
273 723
723 386
386 702
641 165 51 238 797 645 492 638 206 311 85 729 547 
729 85
85 797
797 547
547 206
206 311
311 638
638 51
51 641
641 165
165 492
492 238
238 645
200 135 30 
30 135
135 200
204 263 615 631 90 
90 204
204 263
263 615
615 631
527 
103 116 257 385 342 400 
385 116
116 103
103 257
257 342
342 400
259 736 
259 736
5 77 589 464 480 642 126 784 571 355 515 644 280 215 157 732 
5 644
644 355
355 784
784 571
571 126
126 77
77 480
480 589
589 464
464 642
642 515
515 280
280 215
215 732
732 157
614 0 93 617 449 533 141 433 70 788 
70 788
788 141
141 533
533 449
449 617
617 93
93 0
0 614
614 433
48 650 458 
650 48
48 458
768 357 479 14 
479 357
357 768
768 14
256 156 232 
256 156
156 232
557 483 54 747 
747 557
557 54
54 483
486 587 176 382 436 646 75 180 405 511 706 81 532 541 242 497 56 276 132 
132 276
276 56
56 497
497 242
242 541
541 532
532 81
81 382
382 405
405 511
511 180
180 486
486 75
75 587
587 176
176 706
706 436
436 646
229 105 418 695 262 508 359 421 376 442 139 360 251 666 
360 251
251 666
666 229
229 105
105 418
418 695
695 508
508 262
262 359
359 139
139 442
442 421
421 376
582 585 174 
585 582
582 174
