!
32 52 102 359
102 52
52 359
359 32
361
537
600 609 634
600 634
634 609
719
731 26
731 26
34 87
87 34
457 460
460 457
513 567
513 567
597 697 27 134 272 379
134 272
272 379
379 27
27 597
597 697
432 452
452 432
505 520 24 85 128 202
505 520
520 24
24 202
202 128
128 85
487 602 673 784 71 177 218 316 360
784 487
487 602
602 673
673 177
177 218
218 71
71 316
316 360
466 560 676 29 141 148 288 478 523 773 73 278
73 278
278 676
676 560
560 466
466 288
288 773
773 141
141 148
148 523
523 29
29 478
535 643 648 654
654 648
648 643
643 535
742 199 300
742 199
199 300
313 406 459
313 459
459 406
519 582 16 94 98
94 16
16 98
98 519
519 582
208 479 607
607 208
208 479
704 95
95 704
182 223
223 182
279 324 430 546 53 80 126 249 627 637 668 14 172
324 546
546 279
279 430
430 172
172 14
14 627
627 668
668 80
80 249
249 53
53 637
637 126
235 332
332 235
442
583 745 97 122 147 195 277
147 277
277 195
195 122
122 97
97 583
583 745
485 542 67 69 250
250 542
542 485
485 67
67 69
266 320 453 547 497 501 538 647 686 723 153 225 346 388
153 388
388 346
346 225
225 547
547 320
320 453
453 266
266 538
538 647
647 501
501 686
686 723
723 497
528
751 66
751 66
233
307 449
307 449
539
580 28 40 61 201 321 390 224 255 358 613 621
390 321
321 201
201 61
61 28
28 40
40 255
255 358
358 224
224 621
621 613
613 580
746 314 517 544
746 517
517 314
314 544
550
658
779 42
779 42
190 309 351 369 787
351 369
369 787
787 190
190 309
63
375 415
415 375
463 724 757 173 246 522 543 718 772 91 99
718 173
173 522
522 246
246 772
772 543
543 757
757 724
724 463
463 91
91 99
247 365 706
706 247
247 365
770 181 355 367 412 595 694
367 181
181 595
595 355
355 412
412 770
770 694
165 381
165 381
499
545
666
674
4 327 331 368 420
368 420
420 327
327 331
331 4
446 37 305 354 427 493
446 427
427 37
37 493
493 354
354 305
540 129
129 540
154 271 527
271 527
527 154
633 794 138 189
794 633
633 138
138 189
260 373 579 606 112 424 569 573 610 667
579 260
260 606
606 373
373 424
424 667
667 112
112 610
610 573
573 569
68 146 270 293
146 270
270 68
68 293
311 626 84 162 254
84 162
162 254
254 626
626 311
343 620 635 6 185 216 295 585 765 227 232
232 227
227 620
620 343
343 635
635 295
295 585
585 6
6 765
765 185
185 216
441 451
451 441
480 58
480 58
205 296 509 763
509 205
205 763
763 296
198 294 303 588 781 226 282
294 303
303 198
198 588
588 781
781 226
226 282
601 662 762 8 244 384 486 504 5 151 196
151 196
196 5
5 504
504 244
244 384
384 486
486 8
8 762
762 601
601 662
642 672 46 136 374 377 571 109 248 353 755 777
109 777
777 755
755 353
353 248
248 642
642 672
672 377
377 571
571 374
374 46
46 136
100 105 391 592 735 64 382 405
100 592
592 105
105 391
391 735
735 382
382 64
64 405
448 796 19 339 475 624 653 33 164
475 653
653 19
19 624
624 339
339 33
33 164
164 448
448 796
557 570 713
713 557
557 570
79
308 443 628 767 168 180 465 541 581 11 191 256
191 256
256 11
11 541
541 168
168 581
581 180
180 465
465 308
308 628
628 767
767 443
685 750 287
685 750
750 287
322 413 617
413 322
322 617
711 252 380 603 608 774 62 90 372 518 721 0 371 422 481 491 39
380 603
603 774
774 252
252 608
608 371
371 481
481 0
0 491
491 422
422 711
711 721
721 90
90 62
62 372
372 518
518 39
186 310
186 310
319 566
566 319
17 142 363
142 363
363 17
392 408 253 450 456
456 253
253 450
450 408
408 392
461 793 174 239 404 467 790 51 81 589 687 798
589 687
687 81
81 798
798 51
51 239
239 404
404 467
467 790
790 174
174 793
793 461
13
237 338 484 536 15 678 715 791 795 176
338 237
237 484
484 536
536 176
176 795
795 791
791 15
15 715
715 678
291
500 572 722 101 119
119 101
101 572
572 722
722 500
124 556 630 21 238 259 473 488
124 556
556 630
630 473
473 259
259 488
488 238
238 21
44
140 228 317
140 228
228 317
671 106 389 447 472
671 447
447 389
389 472
472 106
483 103 489 740 769
103 489
489 769
769 740
740 483
22 156 231 783 35 396
35 396
396 22
22 231
231 156
156 783
618 732 74
74 732
732 618
161 561
161 561
593 86 110
110 86
86 593
184 703 183 418 492 780 60
184 703
703 492
492 780
780 418
418 183
183 60
261 705 717
705 717
717 261
25 221 370 514 49 96 127 469 348 352 506 759
759 348
348 506
506 352
352 514
514 370
370 49
49 221
221 96
96 469
469 25
25 127
31 125
31 125
385 529 512
512 529
529 385
661 670 682 10
661 682
682 670
670 10
152 192 440 144 386
440 152
152 192
192 144
144 386
437 631 41
41 437
437 631
342 414
414 342
775 229 563
563 229
229 775
655 760 204
655 760
760 204
301 362
301 362
710 285 684 688 764
710 764
764 285
285 684
684 688
169 242 494 766 18
18 169
169 766
766 494
494 242
150 551 641
641 551
551 150
89
636
639 707 114 269
707 639
639 114
114 269
462 683
462 683
108 298 417 476 20 135
135 20
20 417
417 476
476 298
298 108
445 739
445 739
149 207 315
315 207
207 149
334 200 211
200 211
211 334
328
464
45
121
577
619
366
516 727
516 727
747
241 306 410 650 436
410 306
306 650
650 436
436 241
510
649 680 214
680 649
649 214
312 454 646 714 738
312 454
454 646
646 714
714 738
752 756
752 756
131 171
131 171
347 526 145 329
347 526
526 145
145 329
554
575 82 83 323
83 575
575 82
82 323
748 274 402 576 645 213 243
402 274
274 645
645 576
576 748
748 213
213 243
364 426 54 76 137 197
76 197
197 137
137 54
54 426
426 364
2
143 532 712
712 143
143 532
38 425 498 590 48
48 590
590 498
498 425
425 38
157 702 716 111 286 725 753 262 337
157 716
716 702
702 111
111 725
725 286
286 753
753 337
337 262
616 681 187 502 548 733
187 548
548 502
502 733
733 616
616 681
268 292
268 292
657 665 77 230 477 568 167 206 326
326 657
657 206
206 167
167 665
665 568
568 230
230 477
477 77
341 117 438 663 664 12
12 341
341 438
438 664
664 663
663 117
30
470 615 78
470 615
615 78
188 290 515 113 349 656
113 349
349 656
656 290
290 188
188 515
782
104 159 276 699
276 104
104 159
159 699
496 503 594 789
789 496
496 503
503 594
9 330
330 9
660 700 203 530 623 677 3
3 660
660 700
700 677
677 203
203 623
623 530
289 325 743 116 245 730
325 289
289 743
743 730
730 245
245 116
776 258
776 258
471 508 511 302
511 471
471 508
508 302
490 693 130 283 737 175
737 130
130 283
283 693
693 490
490 175
411 728 236 318 578 400 401
401 400
400 236
236 318
318 578
578 411
411 728
429 133 281 350 57 395 696 72 210
429 696
696 57
57 395
395 210
210 72
72 281
281 133
133 350
758 132 421
758 132
132 421
689 70 611 614
689 614
614 611
611 70
357
397 562 178 263
178 263
263 397
397 562
533
284 587 792 88
88 792
792 587
587 284
264 383 139 336
383 264
264 336
336 139
785
257 640
640 257
692
428
638 771 50 356 651 7 419 799 409 431
431 409
409 651
651 356
356 50
50 7
7 799
799 419
419 771
771 638
734 23 179 193 47 690
734 47
47 690
690 23
23 193
193 179
749 219
749 219
267
275 93
275 93
340
378 524 584 596 265 297
265 297
297 378
378 524
524 596
596 584
797
482
525 695 552
552 695
695 525
553 741
741 553
107 434 622 158
158 107
107 622
622 434
194 212 163 604 625 115
212 194
194 604
604 163
163 625
625 115
605
778 455 709 786 335 644
709 455
455 786
786 778
778 335
335 644
698 123 612 788
788 612
612 123
123 698
240 387 416 75
387 416
416 240
240 75
280 407 92 120 220 439 559
220 120
120 92
92 439
439 559
559 280
280 407
586 398 403 444 299
299 444
444 398
398 403
403 586
495 399 564 36
495 36
36 399
399 564
701 273 675 234 708 118 652
273 675
675 234
234 708
708 652
652 118
118 701
1
720
251 435 166 394 591 659 333
659 591
591 394
394 166
166 435
435 251
251 333
433 209 744 215 768 217 754 555
215 768
768 555
555 754
754 217
217 744
744 209
209 433
574 222 598
574 222
222 598
170 726 507 534 344 691 393
691 344
344 534
534 507
507 393
393 726
726 170
669 468 629 376 599
376 599
599 629
629 468
468 669
423 474
423 474
59 155
155 59
65 345 521 558
521 558
558 345
345 65
304 458 43 729 160
160 729
729 43
43 304
304 458
565 761 56
56 761
761 565
736
679
549 632 55 531
55 531
531 632
632 549
