!
33 44 98 185
98 44
44 185
185 33
199
209 241
209 241
377 378 449 487 636 689 17 28 60 65 138 151 155 467 527 681 779
636 487
487 449
449 689
689 377
377 378
378 65
65 138
138 467
467 60
60 779
779 28
28 151
151 155
155 527
527 681
681 17
56 95 161 242 310
242 56
56 310
310 161
161 95
326 438 486 565 646 78 139 278 356 370 426 561 726 776
78 370
370 139
139 278
278 561
561 356
356 726
726 426
426 776
776 486
486 326
326 565
565 646
646 438
36 148 229 299 364
36 299
299 229
229 148
148 364
411 641
641 411
684 7 194 395 488
194 7
7 395
395 488
488 684
544 556 575
556 575
575 544
604 54 198 338 428
604 338
338 428
428 54
54 198
493 497 500 729
493 500
500 497
497 729
225
252 302 499 628
252 628
628 499
499 302
667 695 748 217 279 285 286 332 475
695 748
748 667
667 285
285 332
332 217
217 279
279 286
286 475
614 739 48 72 280 402 439 596 741 743 52 221 222 233 250
614 739
739 250
250 52
52 233
233 221
221 222
222 72
72 439
439 402
402 280
280 741
741 596
596 743
743 48
492 706
492 706
772 8
8 772
31
71 244
244 71
354
623 656 738 69 122 132 284 287 440 445 616 14 123 226
69 132
132 287
287 616
616 226
226 122
122 440
440 445
445 284
284 123
123 14
14 656
656 623
623 738
319
406 551 716 753
406 716
716 753
753 551
10 11 146 176 214
214 10
10 11
11 176
176 146
362 418 653
653 418
418 362
195
248 290
248 290
297 529 570
570 529
529 297
742 790 270 289 437 451 462 512 778 46 381 530 543 584 740
790 742
742 778
778 512
512 289
289 462
462 437
437 451
451 270
270 543
543 46
46 584
584 740
740 530
530 381
794 82 140 352
82 140
140 352
352 794
355 380 627 698 61 99 235 247
627 380
380 355
355 698
698 99
99 247
247 61
61 235
295 337 568 26 63 171 419
63 419
419 171
171 26
26 295
295 337
337 568
633 650 683 127
127 650
650 633
633 683
174
182 245 350 509 719 3 259
719 182
182 350
350 245
245 509
509 259
259 3
325 328 414 540 654 39 81 333 340 390 463 535
463 39
39 535
535 333
333 390
390 340
340 81
81 540
540 654
654 325
325 328
328 414
1 112
1 112
368 430 581 624
624 368
368 581
581 430
701 30 76
701 30
30 76
104
339 572 640
572 339
339 640
712 179 246 346 502 605 630
246 502
502 630
630 179
179 346
346 605
605 712
678 0 90 116
678 90
90 116
116 0
304 560
560 304
677 725 13 103
13 103
103 725
725 677
191 277
191 277
461 579 598
579 598
598 461
18
208 228
208 228
316 472
472 316
489 510 121 321 504 523 601
321 121
121 601
601 523
523 504
504 489
489 510
761 110
761 110
135 401 480
480 135
135 401
553 792
792 553
113 187
113 187
513 617 674 788 75 397 567 626 756 781 193 265 327 532 666 717
397 626
626 781
781 567
567 756
756 75
75 666
666 717
717 265
265 327
327 193
193 532
532 513
513 788
788 674
674 617
143
190 219 300 412 528 9 124
300 412
412 219
219 190
190 528
528 9
9 124
331 405 625 652
405 331
331 652
652 625
80 359 587 663
359 587
587 663
663 80
688 784 59
59 784
784 688
77 169 231
77 231
231 169
531 749 37
749 531
531 37
109 177 180 315 660 147 156 186 267 292 713
180 660
660 315
315 177
177 109
109 156
156 292
292 186
186 267
267 147
147 713
341
383 522 545 692 750 408 511
692 545
545 750
750 383
383 522
522 408
408 511
569 745 752 758
758 752
752 569
569 745
102 386 644
644 386
386 102
649 730 785 40 168 375 482 563 657 35
35 40
40 657
657 482
482 563
563 375
375 168
168 785
785 730
730 649
62 314
62 314
452
691 711 2 170 457 539
691 711
711 539
539 170
170 2
2 457
757 782 178 200 360 458 508 564 23 74 86 201 573
360 178
178 508
508 564
564 200
200 458
458 573
573 201
201 23
23 86
86 74
74 757
757 782
710 47
47 710
373 496 580 665 94
94 665
665 373
373 496
496 580
273 308 536
273 536
536 308
588
294 431
294 431
498 599
498 599
724 164 192 249 258 589 134 491 506
724 589
589 249
249 192
192 164
164 258
258 134
134 506
506 491
517 720 21 66 353 558 595 283 303
283 303
303 353
353 66
66 21
21 517
517 720
720 595
595 558
571 686 798 89 269
798 686
686 571
571 89
89 269
433 566 608 434
434 433
433 608
608 566
443 655
655 443
676
773 204 205 230
773 204
204 230
230 205
518 671 131 206 257 264 417 212 521 759 766
212 759
759 766
766 521
521 518
518 671
671 257
257 206
206 264
264 417
417 131
780 32
32 780
125 129 615 648 202 227
125 648
648 129
129 615
615 227
227 202
396 685 774 27 91 166 533 694 22 64 334
694 27
27 533
533 166
166 91
91 396
396 685
685 774
774 64
64 334
334 22
342 367 291 312
291 312
312 367
367 342
369 514 768
514 768
768 369
516 583 621 732 771 108 111 296 471
771 621
621 732
732 516
516 583
583 296
296 471
471 108
108 111
764 24 213
213 24
24 764
603
639 751
639 751
83
120 317 479 715 379 409 423 456 789 84 130 324
317 715
715 120
120 479
479 130
130 324
324 84
84 423
423 379
379 789
789 409
409 456
484 586
484 586
153 344 349 714 787 38 88 145
714 153
153 349
349 344
344 787
787 38
38 145
145 88
631 680 255 260 392
255 260
260 392
392 680
680 631
632 705 45 266 448
632 705
705 448
448 45
45 266
609
702 58 210 234 305 447
234 447
447 210
210 58
58 305
305 702
6 323 450 485 548 307 320 387
548 307
307 320
320 485
485 6
6 323
323 387
387 450
464 704
704 464
4 183
183 4
240 721 734 41 128 343 515 591 425 446 582 592 612 85 167
240 734
734 721
721 515
515 591
591 343
343 41
41 128
128 167
167 85
85 582
582 612
612 592
592 425
425 446
374 403 775 106 542 645
542 106
106 645
645 374
374 775
775 403
736 791
791 736
282 421
421 282
554 557 696 243 288 313 474 642
642 288
288 243
243 313
313 474
474 696
696 554
554 557
51 87
87 51
263 483 727
727 483
483 263
73
172 444 638 769
444 769
769 638
638 172
53 223 253
253 223
223 53
505 526 126 160 427 481 718 268 490
505 526
526 427
427 718
718 481
481 126
126 160
160 268
268 490
606 728 216 391
216 391
391 606
606 728
399 635
399 635
163
435 470 620
470 620
620 435
232 416 473 735 117 149 476
149 476
476 117
117 232
232 416
416 473
473 735
747 236 329 555
747 236
236 555
555 329
578 79 361 501 672 142 173 384
142 384
384 173
173 672
672 501
501 79
79 361
361 578
643 158 376 385 478 141
478 376
376 158
158 385
385 643
643 141
594 597 762 93
93 597
597 762
762 594
311 537 767
767 537
537 311
181 261 420 576 348 424 590 760 133 372 507 547 460 619 662 731
576 420
420 181
181 261
261 760
760 348
348 424
424 590
590 460
460 731
731 662
662 619
619 133
133 507
507 372
372 547
19 57 271 673 394 407 651
394 651
651 407
407 271
271 57
57 673
673 19
675
301 413 415 613 114 429
114 429
429 613
613 415
415 413
413 301
659 679 29
659 679
679 29
105 577 733 330 442
330 442
442 105
105 577
577 733
459 755 15
15 459
459 755
159 224 770 43 50 70 345 436
50 345
345 70
70 43
43 159
159 770
770 224
224 436
658 763 783 136 237 637 799 25 34 218 777 239
777 34
34 25
25 218
218 799
799 136
136 637
637 237
237 783
783 658
658 763
763 239
274
629 634 254 371 709
254 371
371 709
709 634
634 629
723 262 336
723 336
336 262
357 690 68 97 115 215 96 272 318 366 101 150 238
150 238
238 101
101 68
68 215
215 115
115 97
97 366
366 272
272 318
318 96
96 690
690 357
404
154 503
154 503
538 600 661 746 20
661 746
746 600
600 538
538 20
275 708 42 298
708 275
275 298
298 42
737 256 276
256 276
276 737
477
55 550 795 189 196 382
55 550
550 795
795 382
382 196
196 189
118
220 306 358 552
220 306
306 358
358 552
593 119 363 574 562 699 797 49 184
184 49
49 699
699 562
562 797
797 593
593 574
574 363
363 119
622 251 398 454 197 207 389 100 469
622 454
454 251
251 398
398 197
197 207
207 389
389 100
100 469
546
647 682 722 157 188 309 92 175
157 188
188 309
309 175
175 92
92 647
647 722
722 682
422 16
422 16
495 707 281 441 786 12 432 668 67 203 541 165
165 668
668 12
12 432
432 495
495 707
707 67
67 541
541 203
203 281
281 786
786 441
520
618 400
618 400
519 796 211
796 519
519 211
388 744 335 610 687 410 602 693 5 144 559 347 468 524
347 524
524 468
468 602
602 410
410 693
693 335
335 687
687 610
610 744
744 388
388 559
559 5
5 144
293 669 754
669 293
293 754
793 162
793 162
611 455
455 611
549 664 697 351 393 465 703 137 765 107 670 494 700 466
351 393
393 494
494 700
700 466
466 703
703 465
465 549
549 664
664 697
697 765
765 137
137 107
107 670
607 322
607 322
585 152 534 525 453 365
585 365
365 152
152 534
534 525
525 453
