!
25 795 163 614 744 181 112 681 428 263 405 556 218 451 75 64 170 622 770 648 514 465 537 206 525 321 412 607 736 439 551 534 
736 607
607 412
412 405
405 439
439 321
321 681
681 525
525 181
181 744
744 551
551 614
614 534
534 112
112 648
648 25
25 795
795 163
163 514
514 428
428 465
465 622
622 537
537 206
206 170
170 263
263 64
64 75
75 556
556 218
218 451
451 770
641 284 223 362 222 236 590 540 510 480 203 494 444 24 767 249 271 406 270 455 256 786 714 
714 786
786 455
455 767
767 256
256 271
271 270
270 249
249 24
24 406
406 444
444 590
590 236
236 222
222 540
540 641
641 284
284 362
362 223
223 510
510 480
480 203
203 494
754 646 394 432 435 788 533 339 370 
394 646
646 754
754 432
432 435
435 788
788 533
533 339
339 370
52 391 261 208 304 4 18 311 149 792 166 564 126 620 68 322 267 346 604 630 61 581 549 683 664 104 695 162 57 541 527 645 216 254 289 759 202 344 741 629 468 141 650 496 656 461 539 199 719 454 411 532 552 235 148 93 332 459 177 755 599 407 278 750 95 711 516 65 768 762 376 724 797 580 292 221 1 507 366 640 229 570 781 777 506 593 127 431 679 433 536 780 281 76 129 144 512 443 54 142 269 595 255 84 734 8 
311 18
18 208
208 149
149 304
304 261
261 629
629 344
344 741
741 202
202 52
52 391
391 4
4 759
759 792
792 581
581 166
166 289
289 695
695 61
61 104
104 126
126 664
664 683
683 564
564 620
620 549
549 267
267 68
68 604
604 235
235 322
322 656
656 630
630 461
461 346
346 199
199 496
496 650
650 539
539 411
411 141
141 532
532 162
162 719
719 454
454 552
552 468
468 57
57 148
148 93
93 645
645 216
216 332
332 541
541 254
254 527
527 459
459 177
177 755
755 599
599 278
278 407
407 750
750 95
95 711
711 724
724 516
516 142
142 54
54 768
768 443
443 269
269 65
65 762
762 580
580 512
512 376
376 144
144 281
281 797
797 76
76 780
780 129
129 292
292 229
229 221
221 1
1 640
640 366
366 507
507 570
570 781
781 777
777 506
506 431
431 127
127 433
433 679
679 593
593 536
536 255
255 595
595 84
84 734
734 8
637 59 160 381 488 282 582 495 251 99 10 39 568 174 361 294 297 178 205 13 323 605 225 152 231 725 62 273 134 569 364 692 560 317 165 703 308 23 333 799 446 326 597 448 515 557 214 606 403 546 140 81 116 268 442 522 743 779 90 264 639 662 119 414 553 109 12 315 482 705 463 771 631 772 466 29 401 395 105 248 86 114 684 
684 114
114 771
771 466
466 86
86 248
248 631
631 772
772 105
105 463
463 12
12 109
109 395
395 705
705 315
315 553
553 482
482 414
414 401
401 29
29 743
743 522
522 639
639 779
779 442
442 264
264 90
90 268
268 317
317 116
116 662
662 81
81 282
282 560
560 333
333 381
381 178
178 13
13 446
446 403
403 119
119 703
703 160
160 606
606 59
59 165
165 637
637 140
140 582
582 205
205 297
297 308
308 488
488 251
251 294
294 23
23 361
361 546
546 495
495 99
99 323
323 448
448 557
557 597
597 326
326 799
799 273
273 39
39 174
174 10
10 515
515 605
605 62
62 568
568 152
152 225
225 214
214 231
231 364
364 725
725 134
134 569
569 692
760 158 573 386 331 518 156 
156 518
518 760
760 386
386 158
158 331
331 573
598 168 497 700 382 275 240 259 680 417 246 585 377 774 706 531 67 716 280 365 301 213 283 0 43 676 189 675 383 505 678 712 713 666 293 742 37 749 108 390 538 397 427 187 340 79 124 131 5 172 78 215 290 471 138 150 501 378 14 596 789 623 717 198 217 608 647 286 250 334 
138 501
501 150
150 131
131 124
124 596
596 749
749 108
108 79
79 14
14 378
378 37
37 340
340 172
172 187
187 427
427 471
471 742
742 215
215 666
666 78
78 390
390 5
5 290
290 713
713 538
538 712
712 678
678 623
623 189
189 505
505 789
789 383
383 676
676 675
675 275
275 213
213 283
283 706
706 774
774 700
700 382
382 497
497 716
716 250
250 365
365 280
280 598
598 377
377 585
585 531
531 168
168 286
286 717
717 680
680 67
67 0
0 198
198 301
301 246
246 43
43 417
417 259
259 334
334 240
240 293
293 217
217 608
608 647
647 397
26 48 306 654 682 117 784 310 707 
48 306
306 26
26 654
654 682
682 117
117 707
707 784
784 310
276 474 642 73 373 470 728 262 
474 276
276 642
642 373
373 73
73 728
728 470
470 262
616 408 618 35 71 440 612 409 200 483 40 115 686 753 302 103 674 63 425 243 53 576 665 775 436 179 441 594 342 330 559 219 456 97 87 
440 71
71 200
200 35
35 408
408 618
618 612
612 616
616 409
409 483
483 53
53 115
115 40
40 243
243 63
63 425
425 686
686 674
674 103
103 302
302 576
576 753
753 665
665 456
456 179
179 775
775 441
441 594
594 436
436 97
97 342
342 330
330 87
87 559
559 219
94 21 139 651 626 740 778 554 234 520 374 643 122 257 445 7 320 416 632 355 327 486 503 710 55 34 11 350 699 478 244 583 663 751 691 513 763 487 72 145 354 
354 513
513 691
691 763
763 751
751 487
487 72
72 145
145 663
663 583
583 244
244 478
478 699
699 55
55 710
710 416
416 7
7 320
320 503
503 355
355 445
445 34
34 632
632 486
486 327
327 257
257 11
11 350
350 122
122 374
374 643
643 554
554 234
234 778
778 520
520 740
740 626
626 651
651 139
139 21
21 94
207 798 791 709 636 123 169 368 696 110 794 785 633 356 658 489 422 348 
348 422
422 489
489 658
658 356
356 791
791 798
798 633
633 207
207 636
636 709
709 123
123 110
110 696
696 169
169 794
794 368
368 785
634 423 530 460 66 266 429 341 369 204 600 562 617 490 572 211 776 164 
164 776
776 204
204 341
341 66
66 429
429 266
266 460
460 490
490 369
369 617
617 600
600 562
562 572
572 634
634 211
211 423
423 530
521 504 732 314 232 756 421 697 111 135 277 387 125 543 349 735 113 437 615 481 16 60 291 424 36 667 379 476 491 787 17 372 307 102 657 462 56 577 739 185 670 747 58 98 201 184 690 694 3 375 91 669 337 388 485 30 529 472 660 420 196 519 92 550 793 628 46 558 188 566 638 769 586 19 720 733 212 159 701 575 260 157 500 351 610 398 790 783 316 313 602 729 371 328 625 652 89 300 357 404 542 685 197 601 136 587 493 380 796 338 621 708 252 121 718 385 782 151 649 210 133 687 528 693 132 367 567 83 345 766 69 343 335 730 38 613 253 737 523 738 6 619 33 80 352 50 502 524 9 288 392 688 242 561 415 100 673 702 146 295 661 88 161 434 195 609 325 419 402 584 592 722 611 31 303 447 265 457 363 239 726 190 765 227 194 748 154 484 464 20 137 418 233 624 176 731 589 396 578 758 477 492 186 182 32 475 2 143 247 635 571 49 603 241 347 508 672 746 659 498 336 45 324 723 453 329 671 526 467 191 399 82 312 309 209 299 
233 20
20 464
464 137
137 418
418 484
484 154
154 748
748 324
324 45
45 336
336 194
194 498
498 619
619 6
6 765
765 659
659 726
726 746
746 672
672 190
190 227
227 523
523 738
738 737
737 367
367 133
133 624
624 210
210 253
253 613
613 176
176 38
38 730
730 252
252 121
121 335
335 649
649 567
567 343
343 708
708 718
718 69
69 731
731 621
621 385
385 528
528 589
589 661
661 687
687 345
345 186
186 83
83 693
693 295
295 702
702 151
151 782
782 766
766 146
146 578
578 132
132 492
492 685
685 758
758 542
542 182
182 477
477 247
247 195
195 609
609 357
357 404
404 325
325 136
136 402
402 601
601 143
143 419
419 584
584 32
32 592
592 300
300 722
722 2
2 475
475 587
587 89
89 31
31 611
611 371
371 635
635 729
729 571
571 508
508 303
303 652
652 625
625 602
602 197
197 313
313 447
447 49
49 603
603 328
328 265
265 363
363 783
783 241
241 457
457 493
493 316
316 790
790 347
347 239
239 524
524 526
526 398
398 671
671 380
380 502
502 50
50 610
610 723
723 329
329 467
467 9
9 33
33 453
453 351
351 500
500 796
796 260
260 80
80 701
701 338
338 575
575 352
352 191
191 159
159 212
212 288
288 157
157 392
392 399
399 312
312 100
100 733
733 82
82 434
434 299
299 309
309 209
209 688
688 161
161 638
638 720
720 88
88 415
415 561
561 242
242 396
396 566
566 19
19 586
586 769
769 46
46 673
673 660
660 420
420 472
472 196
196 519
519 375
375 669
669 529
529 91
91 550
550 558
558 3
3 92
92 485
485 188
188 30
30 793
793 337
337 694
694 628
628 690
690 388
388 184
184 201
201 615
615 185
185 739
739 98
98 735
735 349
349 113
113 543
543 577
577 125
125 437
437 56
56 111
111 135
135 481
481 756
756 462
462 277
277 102
102 421
421 16
16 732
732 476
476 60
60 387
387 307
307 657
657 58
58 504
504 424
424 291
291 372
372 787
787 491
491 521
521 17
17 36
36 314
314 670
670 379
379 697
697 747
747 667
667 232
120 565 668 727 517 591 128 285 555 430 
120 565
565 668
668 727
727 517
517 591
591 128
128 285
285 555
555 430
452 153 85 274 400 438 410 220 192 545 358 413 359 224 574 773 74 745 101 757 41 473 22 547 426 245 588 698 511 15 44 752 499 96 764 51 563 721 106 469 167 
15 167
167 698
698 469
469 220
220 511
511 245
245 438
438 413
413 359
359 410
410 224
224 106
106 358
358 757
757 588
588 400
400 545
545 574
574 192
192 745
745 563
563 773
773 74
74 51
51 274
274 22
22 101
101 41
41 473
473 721
721 44
44 426
426 547
547 752
752 452
452 499
499 153
153 764
764 85
85 96
509 360 155 226 384 761 305 689 655 627 171 230 535 548 458 296 715 279 258 449 272 579 180 393 228 47 70 238 319 653 173 287 77 28 107 183 479 353 118 318 677 147 42 544 193 175 130 704 644 
704 644
644 130
130 319
319 238
238 47
47 70
70 171
171 535
535 180
180 228
228 579
579 272
272 627
627 393
393 230
230 279
279 655
655 715
715 449
449 458
458 258
258 296
296 689
689 548
548 226
226 155
155 360
360 761
761 509
509 305
305 384
384 653
653 173
173 28
28 287
287 77
77 318
318 353
353 479
479 107
107 183
183 118
118 677
677 147
147 42
42 544
544 175
175 193
389 298 27 450 237 
450 237
237 27
27 298
298 389
