!
373 571
571 373
583
618 642
618 642
788 6
788 6
38
145 292 451
451 145
145 292
520 34 45
45 34
34 520
60
359
629 754
629 754
125 152
152 125
254 414
414 254
543 768
543 768
66
486 537 539 577 775
486 537
537 577
577 775
775 539
12
56 230
230 56
663
766 19
766 19
104 295
295 104
529
592 191 291 404 553 615 151
151 615
615 404
404 553
553 291
291 191
191 592
257
277
308 753 439
308 753
753 439
519
624 718 767 10 269
269 10
10 718
718 767
767 624
440
466 705
466 705
36 327 438 662 790 24
327 438
438 36
36 662
662 790
790 24
62 147 199 301
147 62
62 301
301 199
8
89 90
90 89
253 329 299
299 329
329 253
352
696 697 192
697 696
696 192
201 474
474 201
590 14
14 590
123 502
123 502
506 11
506 11
176 619 747 456 505
176 747
747 619
619 505
505 456
564 587 296 369
296 369
369 564
564 587
503 691 188 204 429 778
503 691
691 188
188 204
204 778
778 429
146 171 337 376 9 79
146 376
376 171
171 337
337 79
79 9
319
532
233
347 581 681 148 196 460 735
460 148
148 196
196 735
735 581
581 681
681 347
4 504
504 4
551 563
563 551
238
410 446
446 410
572
46 441 692
692 46
46 441
699
112 285
285 112
507 786
507 786
75
91
294 784 225
225 784
784 294
249 588 795 262
588 249
249 795
795 262
420
601
608 165
608 165
284 666 745
284 666
666 745
335 552 667 757
335 552
552 667
667 757
259 371
371 259
555 653
555 653
160
181
333
658 264 311 499
499 264
264 311
311 658
631 138
631 138
186
444 728
728 444
370 530
530 370
611 791 228 247 434
228 434
434 247
247 611
611 791
763
336 381
381 336
528
707 128 224 374 391
391 224
224 374
374 128
128 707
70
113
550 759
550 759
605
630 724
724 630
738 126 304
738 304
304 126
408
455 2
2 455
251 516
251 516
670 195 623 651 782 37 136 278
278 782
782 623
623 195
195 651
651 37
37 136
136 670
789 16 52
789 16
16 52
320 399 42 73 599
599 42
42 73
73 320
320 399
616 5
616 5
100 353
100 353
297 477
477 297
640 80
80 640
275 644 129 166
129 166
166 275
275 644
591
82 258
82 258
307
401 641 656 144 472
656 641
641 401
401 144
144 472
625
127
600 620 348
600 620
620 348
426 689
426 689
266
325 358
358 325
208 242
208 242
306 180 331 350
306 331
331 350
350 180
39
101 193 76
193 101
101 76
276 328
328 276
84 368
84 368
762
0
742 760 217 403 473 209
217 473
473 403
403 209
209 742
742 760
375 780 32 161
780 375
375 32
32 161
729
365
383 392 183 283 293 21 288
21 288
288 293
293 283
283 183
183 392
392 383
468 118 122 346 351
468 351
351 118
118 122
122 346
518
533
155 575
155 575
694 387 461 515 31 286 676
31 286
286 676
676 694
694 461
461 387
387 515
116 234 443 133 494 637
637 133
133 494
494 116
116 443
443 234
159 485 638
485 638
638 159
274
323
574 317 495
317 495
495 574
544
227
241 395 162
395 241
241 162
271
356 313
356 313
645 709 546
546 645
645 709
677
680
184
314
665 445 603
665 445
445 603
606 27
27 606
210 448 268 649 720
448 210
210 649
649 268
268 720
470
737
749 139
749 139
221
746
235
650 701 194
650 701
701 194
197 203
203 197
206 481 512
481 206
206 512
169 669
669 169
777
168
498 548
498 548
354
464 628
628 464
542 652 736
542 652
652 736
340
508
693 26 134 248 362
693 134
134 26
26 248
248 362
394
682
43 482
43 482
712 25 457
25 457
457 712
672 261
672 261
561
695
287 521
287 521
654
338 471 704
338 704
704 471
205
450 568
568 450
490
579
679
153 237 298
153 237
237 298
71 580 639
639 580
580 71
15 430
430 15
617
54 102
102 54
282 305
305 282
409 609 140
609 409
409 140
536 570 163
163 570
570 536
164 744
744 164
103 174
174 103
402 149 318 715 1
402 715
715 149
149 318
318 1
419 626 231
626 419
419 231
604 799
604 799
121
385 453 540 547 648
453 385
385 648
648 540
540 547
239 321 389
239 321
321 389
107 522
107 522
531 177
177 531
598
635 413
635 413
415
483
290 557 776
776 557
557 290
63 252
252 63
716
236
493
510 111 213
510 213
213 111
538 535
535 538
659
722 330
330 722
406 755 124 198
755 406
406 198
198 124
476
47 246 442 131 397 265
265 47
47 442
442 246
246 397
397 131
432 55
432 55
324 222 717 189 500 558
558 189
189 500
500 324
324 222
222 717
673 85 792
673 85
85 792
185 534 594 781 7
781 594
594 7
7 185
185 534
602 108 465
602 465
465 108
425 787 51
787 425
425 51
770 412 523 367 517
523 412
412 517
517 367
367 770
431 559 492 511
492 511
511 559
559 431
94
661 87
87 661
723 83
83 723
655 449 459
655 459
459 449
18 334 427 593 300
300 427
427 593
593 18
18 334
566 769 793
769 793
793 566
706 734
734 706
447 756
756 447
53
59 260
260 59
316
69 243
243 69
388
702
57 774 119 771 61 525 64 396
64 396
396 57
57 774
774 525
525 61
61 771
771 119
272 501 115
115 501
501 272
643 30 273 190
643 190
190 273
273 30
733 279
733 279
584 33
584 33
614 357
357 614
424
105 173 13
13 105
105 173
364 219 727 674 726 229
229 364
364 727
727 219
219 726
726 674
595
109 405 382
382 109
109 405
634
361
576
612 761 462
462 612
612 761
739
78 686
78 686
622 660
660 622
172 400
172 400
44 646
646 44
202 302 469
302 202
202 469
657
99 779 372
372 99
99 779
422
668
741
509 688 28
509 688
688 28
687
142
613 378 632 120 433 255
632 378
378 613
613 255
255 120
120 433
711
636
690
245
752 178 783 479 560 117
479 178
178 560
560 783
783 752
752 117
345 41 794 98
794 41
41 98
98 345
621
647 773 384 678 541 710 700 732 157
541 710
710 647
647 773
773 157
157 732
732 700
700 678
678 384
310 436 597
310 436
436 597
29 175 106 708
29 175
175 106
106 708
212 480
480 212
58
65 497 721
497 65
65 721
137 730 95 232 93 390 68 207 96 114
232 95
95 114
114 96
96 730
730 137
137 68
68 207
207 93
93 390
289 527
289 527
97 437
437 97
154 411 428 683
428 683
683 154
154 411
349 488 475
488 349
349 475
582 50 74 110 156 226
74 50
50 582
582 226
226 156
156 110
565
491
684
339
764 578 586 17
764 17
17 586
586 578
211
40 270 48
48 40
40 270
743 215 454
743 454
454 215
143 322 256 332 223 664 380 719 513
223 664
664 322
322 143
143 513
513 332
332 256
256 380
380 719
685
633
714
179 407 315
407 179
179 315
514 263
263 514
713 182 386
713 386
386 182
92
135 343 596 187
343 596
596 187
187 135
220 417 478
478 417
417 220
366
740 158 489
158 489
489 740
484 562 3
484 562
562 3
748
585 675
585 675
281 393
393 281
452 467
467 452
72 344 379
379 344
344 72
671 421 797 398 216 67
67 421
421 797
797 398
398 671
671 216
758
524 20 796 81
796 524
524 81
81 20
342
418 627 150 416 496 487 751
418 150
150 487
487 751
751 627
627 416
416 496
573
267 549 303
303 267
267 549
589 240 326 750 363 23 731
23 589
589 731
731 363
363 326
326 240
240 750
22
280
49 200 88 355
200 88
88 49
49 355
607
798 423 765 567 569 77 725
567 798
798 725
725 77
77 765
765 423
423 569
703
167
554
130 312 250
312 250
250 130
785 435
435 785
545 132 377
377 132
132 545
610 141 698 556 244 526 170
556 610
610 244
244 526
526 698
698 170
170 141
214 772 341
214 772
772 341
218 35
35 218
86
458 360 463 309
458 360
360 309
309 463
