!
685 40 289 310 202 700 385 737 192 780 541 174 603 670 108 694 45 516 324 312 297 614 298 3 729 197 22 276 625 793 10 598 490 151 332 205 1 64 8 232 375 106 369 87 436 318 539 146 250 460 743 338 181 545 510 193 519 617 451 86 567 9 56 121 677 361 185 509 85 284 246 506 52 320 233 500 731 770 759 349 139 565 78 540 191 499 135 98 302 482 283 124 620 585 128 548 679 50 762 162 549 140 785 457 203 150 107 513 15 114 767 353 77 25 488 434 4 141 654 204 533 497 381 439 255 94 643 214 421 475 339 713 222 626 273 673 247 170 756 745 535 714 67 411 630 511 59 415 277 63 566 364 681 149 13 697 379 118 238 359 384 750 417 145 212 703 441 484 577 48 724 576 554 738 294 489 438 264 88 414 187 653 304 437 
124 620
620 585
585 283
283 302
302 482
482 98
98 135
135 499
499 565
565 139
139 191
191 540
540 78
78 349
349 548
548 128
128 770
770 759
759 731
731 246
246 284
284 185
185 361
361 437
437 500
500 85
85 121
121 304
304 677
677 653
653 56
56 384
384 567
567 509
509 9
9 48
48 617
617 577
577 359
359 451
451 86
86 576
576 238
238 510
510 724
724 484
484 545
545 441
441 181
181 338
338 379
379 743
743 703
703 212
212 193
193 519
519 118
118 145
145 697
697 750
750 460
460 149
149 417
417 681
681 375
375 364
364 13
13 15
15 232
232 369
369 566
566 539
539 8
8 146
146 513
513 114
114 250
250 64
64 436
436 87
87 205
205 203
203 277
277 415
415 318
318 150
150 59
59 1
1 107
107 332
332 438
438 63
63 353
353 187
187 489
489 457
457 264
264 88
88 414
414 511
511 276
276 630
630 151
151 598
598 22
22 77
77 767
767 785
785 3
3 411
411 10
10 625
625 298
298 793
793 197
197 554
554 614
614 140
140 729
729 490
490 488
488 67
67 106
106 434
434 549
549 679
679 738
738 25
25 312
312 714
714 294
294 324
324 297
297 50
50 762
762 626
626 535
535 141
141 273
273 4
4 516
516 45
45 506
506 162
162 673
673 654
654 52
52 694
694 108
108 204
204 247
247 745
745 289
289 320
320 670
670 222
222 756
756 713
713 533
533 40
40 497
497 685
685 170
170 233
233 339
339 475
475 381
381 310
310 385
385 737
737 421
421 439
439 700
700 202
202 643
643 255
255 94
94 214
214 192
192 780
780 541
541 603
603 174
301 753 774 74 463 265 527 645 717 96 313 83 706 362 504 360 95 707 619 300 551 610 445 612 797 583 608 18 423 616 403 260 507 117 790 556 6 257 613 730 26 757 587 593 44 30 138 383 366 329 274 655 786 201 420 498 487 29 450 678 674 761 327 122 605 480 609 636 221 334 768 314 661 125 503 75 631 390 688 282 351 590 559 262 215 739 176 776 637 424 209 355 754 231 217 129 444 760 199 740 292 285 771 581 35 716 442 530 526 796 597 611 243 733 154 41 493 749 702 244 290 512 299 344 347 229 47 46 399 335 330 418 131 225 352 649 594 245 308 343 134 49 183 751 416 557 395 179 455 404 742 263 296 518 328 377 430 241 288 393 466 658 660 115 316 449 591 409 468 568 236 72 769 544 280 701 580 680 564 143 173 380 665 218 281 357 7 234 627 456 120 388 715 582 397 781 547 196 79 405 408 763 520 348 651 659 483 368 119 459 394 464 534 223 657 66 584 194 646 303 136 11 496 374 137 340 305 62 426 472 476 227 656 382 248 156 765 648 259 168 239 428 672 101 130 126 641 152 652 642 639 253 525 195 723 777 144 537 528 68 345 207 70 295 142 111 342 454 542 198 779 479 734 689 309 446 517 249 419 270 596 216 501 31 293 189 789 578 132 687 5 618 481 562 235 2 307 514 709 682 167 169 272 448 90 788 599 595 600 410 521 230 376 470 0 644 744 242 586 629 237 508 683 91 20 532 14 306 575 287 175 161 102 226 23 171 153 252 323 486 319 387 92 462 726 505 378 427 746 469 569 435 425 268 346 772 624 36 432 155 413 560 766 524 478 546 555 798 502 572 550 17 365 623 258 536 720 741 552 37 158 12 795 633 704 606 336 337 615 254 315 76 28 333 34 792 431 213 97 311 458 113 166 271 180 515 224 371 39 647 61 200 732 531 602 267 604 65 123 422 784 571 21 147 177 391 256 321 640 440 389 373 406 474 73 755 690 178 634 133 601 563 261 783 686 684 208 727 317 495 370 291 635 523 607 538 735 184 127 112 752 574 278 558 698 628 467 461 279 363 791 93 492 99 710 354 27 57 210 722 82 485 412 453 71 573 668 443 543 736 711 190 33 275 160 186 32 747 54 699 269 16 206 529 211 367 778 669 522 691 392 104 110 396 58 358 671 799 621 675 664 188 662 42 667 429 286 53 692 51 638 588 43 471 794 400 693 758 341 103 148 105 725 163 728 116 165 325 69 84 452 632 589 718 55 494 650 159 219 100 350 322 372 60 80 666 433 398 491 782 38 708 326 592 773 695 553 109 251 719 712 356 172 89 157 266 721 447 663 775 579 19 164 477 407 402 787 81 182 220 331 705 676 386 465 228 240 764 401 473 622 748 570 696 24 561 
201 26
26 329
329 409
409 316
316 719
719 449
449 164
164 420
420 19
19 591
591 786
786 730
730 655
655 84
84 452
452 236
236 757
757 579
579 651
651 30
30 274
274 483
483 659
659 55
55 356
356 568
568 712
712 468
468 366
366 613
613 632
632 589
589 775
775 587
587 348
348 658
658 44
44 663
663 494
494 650
650 466
466 393
393 241
241 288
288 593
593 595
595 430
430 520
520 426
426 377
377 6
6 260
260 138
138 718
718 394
394 660
660 403
403 547
547 383
383 472
472 115
115 196
196 507
507 117
117 781
781 159
159 790
790 599
599 79
79 219
219 257
257 518
518 119
119 100
100 328
328 616
616 397
397 556
556 368
368 423
423 405
405 459
459 788
788 476
476 18
18 350
350 627
627 234
234 608
608 322
322 96
96 456
456 263
263 388
388 120
120 445
445 347
347 362
362 715
715 372
372 742
742 717
717 296
296 645
645 60
60 582
582 544
544 769
769 612
612 344
344 610
610 527
527 223
223 80
80 553
553 657
657 551
551 763
763 408
408 491
491 753
753 299
299 707
707 301
301 773
773 380
380 280
280 512
512 290
290 695
695 774
774 782
782 360
360 343
343 464
464 95
95 463
463 398
398 534
534 583
583 619
619 131
131 797
797 244
244 74
74 701
701 38
38 504
504 666
666 702
702 300
300 303
303 173
173 265
265 340
340 646
646 580
580 109
109 137
137 194
194 749
749 66
66 708
708 592
592 143
143 134
134 584
584 433
433 326
326 272
272 706
706 154
154 680
680 498
498 564
564 243
243 313
313 218
218 611
611 41
41 597
597 733
733 281
281 487
487 136
136 796
796 122
122 665
665 448
448 29
29 493
493 83
83 11
11 530
530 442
442 374
374 7
7 526
526 229
229 169
169 357
357 661
661 327
327 314
314 496
496 674
674 761
761 581
581 740
740 716
716 199
199 72
72 35
35 678
678 125
125 334
334 768
768 689
689 450
450 262
262 167
167 760
760 292
292 49
49 235
235 631
631 562
562 285
285 682
682 215
215 444
444 75
75 734
734 503
503 605
605 709
709 390
390 594
594 771
771 245
245 618
618 176
176 739
739 183
183 479
479 481
481 480
480 514
514 687
687 308
308 776
776 590
590 609
609 209
209 637
637 688
688 559
559 649
649 307
307 779
779 352
352 2
2 636
636 221
221 225
225 5
5 351
351 198
198 542
542 282
282 424
424 47
47 355
355 231
231 404
404 335
335 754
754 217
217 156
156 454
454 399
399 557
557 129
129 382
382 142
142 295
295 342
342 248
248 179
179 751
751 416
416 656
656 227
227 395
395 111
111 69
69 46
46 305
305 428
428 239
239 62
62 676
676 216
216 528
528 386
386 648
648 765
765 330
330 672
672 537
537 455
455 68
68 309
309 446
446 259
259 418
418 101
101 270
270 168
168 130
130 596
596 639
639 517
517 777
777 144
144 207
207 228
228 465
465 473
473 126
126 240
240 249
249 764
764 70
70 157
157 253
253 419
419 641
641 345
345 525
525 723
723 401
401 152
152 251
251 789
789 195
195 622
622 652
652 696
696 570
570 748
748 501
501 642
642 189
189 638
638 266
266 293
293 90
90 31
31 51
51 692
692 588
588 721
721 447
447 331
331 705
705 211
211 132
132 578
578 220
220 182
182 24
24 529
529 206
206 16
16 667
667 42
42 81
81 269
269 543
543 787
787 521
521 699
699 600
600 367
367 778
778 664
664 675
675 485
485 791
791 410
410 82
82 561
561 99
99 668
668 443
443 412
412 722
722 453
453 188
188 71
71 573
573 93
93 492
492 230
230 662
662 89
89 210
210 710
710 629
629 736
736 376
376 57
57 237
237 27
27 470
470 33
33 711
711 354
354 43
43 190
190 471
471 242
242 744
744 586
586 0
0 275
275 799
799 671
671 794
794 58
58 644
644 429
429 669
669 406
406 358
358 532
532 396
396 784
784 522
522 373
373 73
73 691
691 621
621 474
474 91
91 422
422 508
508 14
14 165
165 160
160 392
392 54
54 123
123 286
286 389
389 53
53 683
683 110
110 747
747 32
32 104
104 725
725 186
186 755
755 116
116 20
20 105
105 604
604 321
321 640
640 440
440 155
155 267
267 531
531 256
256 469
469 65
65 148
148 602
602 515
515 690
690 200
200 306
306 325
325 180
180 569
569 103
103 341
341 224
224 432
432 163
163 391
391 400
400 732
732 728
728 97
97 271
271 213
213 575
575 311
311 113
113 178
178 177
177 166
166 425
425 758
758 36
36 435
435 458
458 346
346 387
387 268
268 431
431 693
693 61
61 772
772 39
39 371
371 161
161 413
413 624
624 634
634 647
647 287
287 175
175 102
102 34
34 133
133 333
333 28
28 279
279 226
226 365
365 560
560 427
427 792
792 741
741 23
23 546
546 315
315 766
766 538
538 478
478 601
601 461
461 571
571 171
171 378
378 17
17 524
524 76
76 563
563 746
746 523
523 552
552 21
21 505
505 607
607 254
254 628
628 467
467 555
555 153
153 319
319 798
798 37
37 147
147 726
726 735
735 291
291 462
462 258
258 635
635 184
184 536
536 337
337 686
686 261
261 572
572 158
158 502
502 336
336 783
783 252
252 363
363 486
486 623
623 208
208 477
477 127
127 558
558 698
698 727
727 720
720 615
615 323
323 278
278 317
317 12
12 92
92 704
704 574
574 795
795 112
112 550
550 684
684 402
402 633
633 606
606 752
752 495
495 172
172 370
370 407
