!
61 154 223 231 258 411
231 223
223 154
154 411
411 258
258 61
473 628 649 781 226 315 333 421 440
421 333
333 226
226 315
315 440
440 781
781 628
628 649
649 473
530
536
564
681 690
690 681
308 377 523 552 570 573 591 606 616 621
573 591
591 308
308 606
606 552
552 570
570 616
616 621
621 523
523 377
40 178 355 448 471
355 40
40 471
471 448
448 178
476 730 775 797 50 101 243
50 101
101 243
243 775
775 476
476 797
797 730
253 273
273 253
359
529
738 792 26 85 163 249 350 417 442 725 791 35 108 229 319
738 792
792 791
791 442
442 85
85 163
163 249
249 26
26 725
725 417
417 350
350 229
229 319
319 108
108 35
334 404 405 558 657 1 115 217 284 322
657 334
334 404
404 558
558 405
405 322
322 1
1 115
115 217
217 284
514 532 613 698 77 149 156
149 156
156 77
77 514
514 698
698 613
613 532
158
357 460 492 586 778 7
357 778
778 492
492 586
586 460
460 7
45 71 90 204 527 668 766 74 233 364
74 233
233 364
364 45
45 527
527 766
766 668
668 204
204 71
71 90
371 387 623
387 623
623 371
644 688 37 98 164
644 688
688 98
98 37
37 164
267 379 546 622 711 87
546 267
267 622
622 711
711 379
379 87
106
131 212 220 544 578 739 44
44 131
131 544
544 220
220 739
739 212
212 578
400
457
589 617 664
617 589
589 664
665 759
759 665
33 110 423 537 565 580 758
110 423
423 580
580 33
33 758
758 565
565 537
762
51 57 228 309 317 534 608 729
534 57
57 51
51 608
608 317
317 309
309 729
729 228
287
375 496 671
671 375
375 496
677 732 765 772 47 123 293 420
420 293
293 47
47 123
123 732
732 765
765 772
772 677
447 542 675 689 23 97 120
675 542
542 120
120 447
447 23
23 689
689 97
143 174 351 587 726 190 302 339 368
587 351
351 174
174 143
143 726
726 302
302 368
368 339
339 190
428 712 770
770 428
428 712
777 409 474 480 593 659
480 474
474 659
659 593
593 409
409 777
701 751 786 13
13 701
701 786
786 751
76 111
111 76
145 242 327 509 727 176 347 403 634 674 685 755 54 166 262 305 579 602 682 14
327 509
509 145
145 727
727 242
242 579
579 14
14 602
602 305
305 682
682 54
54 166
166 262
262 634
634 685
685 176
176 755
755 347
347 403
403 674
36 255 266 462 540 780 209 283 311
780 36
36 540
540 255
255 266
266 462
462 209
209 283
283 311
324 584
584 324
683
702 94 167 344 408 444 679 779 282
94 679
679 282
282 779
779 444
444 344
344 167
167 408
408 702
508 639
639 508
736 756 761
736 761
761 756
795 43 62 170 392
392 43
43 62
62 795
795 170
648 667 740 316 414
316 414
414 740
740 667
667 648
478 521 596 607 625 4 151 270 374 419
607 596
596 478
478 625
625 521
521 419
419 270
270 4
4 374
374 151
695 720 21 137 218 461 524
695 720
720 218
218 21
21 461
461 137
137 524
528 745 3 102 124 260 458
3 102
102 260
260 124
124 458
458 528
528 745
459 734 70 192 193 438 506 669 697 27 29 68 148
438 669
669 193
193 697
697 506
506 192
192 70
70 459
459 734
734 27
27 148
148 29
29 68
286 310 384 184 215 216 563 680
216 184
184 680
680 563
563 215
215 384
384 286
286 310
687 784 342 376 389 743 748 771 796 22 56 199 299 718 769 28
299 199
199 22
22 769
769 718
718 56
56 28
28 376
376 796
796 771
771 389
389 743
743 342
342 748
748 687
687 784
53 512 516 518 555
555 53
53 518
518 516
516 512
72 269 397 543 569 619 55 331 486 507 592 611 378 394 427 482 550 733 113 134 198 251 401 723
113 198
198 134
134 401
401 723
723 251
251 482
482 427
427 394
394 550
550 611
611 331
331 378
378 733
733 486
486 507
507 592
592 55
55 397
397 269
269 72
72 543
543 569
569 619
24 78 234
24 234
234 78
271 549 640
271 640
640 549
41 130 370 432 531 618 138 241 348 398 641 699 139
139 618
618 41
41 432
432 370
370 531
531 130
130 641
641 241
241 699
699 138
138 348
348 398
140
150
153
434 799 38 278
434 799
799 278
278 38
505 696 731 794
794 731
731 505
505 696
118
330 349
349 330
373 466
373 466
566 2 93 297 454 465 561 95 133 186
93 297
297 561
561 2
2 454
454 465
465 566
566 133
133 186
186 95
320 412
412 320
422 0 205
0 205
205 422
336 431
336 431
477 724 168 221
724 477
477 168
168 221
345 483 636 707
636 707
707 345
345 483
363 381 541 654 704 715 32 117 268 410 485 663 81 472 673 676 706
268 117
117 663
663 410
410 485
485 32
32 472
472 673
673 81
81 706
706 676
676 381
381 541
541 715
715 654
654 363
363 704
789 79 433 468 475 655 684 19 39 254 361
19 361
361 254
254 39
39 655
655 789
789 684
684 433
433 79
79 468
468 475
382
597 213 219 300 538 647 656 165 239 358 362
213 219
219 538
538 300
300 647
647 656
656 597
597 165
165 362
362 239
239 358
489 588 191 244 395 429
191 244
244 429
429 395
395 588
588 489
495 652 60 69 100 453 559 585 155
585 495
495 60
60 69
69 652
652 453
453 100
100 559
559 155
172 224 279 627 717
627 172
172 717
717 279
279 224
169
430 556
556 430
658 767
658 767
798 42 92 214
214 92
92 42
42 798
245 285 519 59 86 160 175
519 285
285 245
245 86
86 160
160 59
59 175
335
787 236 294 610 642 709 768 5 393 402 560 645 189 203 435 672 750 259 372
236 768
768 642
642 294
294 610
610 709
709 435
435 189
189 672
672 393
393 203
203 750
750 5
5 402
402 560
560 645
645 372
372 259
259 787
439 572 624 112 201 246 343 764 20 162
624 20
20 162
162 572
572 439
439 112
112 764
764 201
201 343
343 246
182 291 713
291 713
713 182
277 367 535
277 535
535 367
557 605 135 360 437
360 437
437 135
135 557
557 605
598 661 103 365 499 525 793 194 237 274 275 463 63
103 793
793 525
525 365
365 499
499 63
63 194
194 274
274 275
275 463
463 237
237 598
598 661
116 197
197 116
425 441 202 230 436 491 575 119 250 312
491 202
202 575
575 230
230 436
436 441
441 425
425 250
250 312
312 119
515 722 99
99 515
515 722
142 328 366 533 128
533 142
142 366
366 328
328 128
180 415 488 742
415 180
180 488
488 742
46
126 346 487 520 58 388 539 614 721
388 539
539 520
520 614
614 487
487 346
346 721
721 58
58 126
232 325
232 325
340
526 595 96 185 292 497
185 292
292 96
96 497
497 526
526 595
577 502 548 600
577 600
600 502
502 548
615 744 329 390 498 714 760 9 187 341 553 626 6 121 630 660 678
6 630
630 121
121 678
678 660
660 760
760 714
714 329
329 553
553 187
187 341
341 390
390 498
498 9
9 626
626 744
744 615
8 17 141 391 719 105
391 17
17 141
141 8
8 719
719 105
288 326 380 782
326 288
288 380
380 782
280 281 416 670 788 49 104 261 470 568
568 470
470 261
261 104
104 49
49 416
416 280
280 788
788 670
670 281
256 369 443 662 741
256 662
662 369
369 443
443 741
12
114 306 545 638 25 107 263 511 705 64 127 222 337 629 67 88
88 64
64 67
67 337
337 629
629 127
127 222
222 545
545 638
638 114
114 306
306 25
25 705
705 107
107 263
263 511
313 513 754 91 109 146 159 352 207 235 338 576 708 65 84 211 609 646 161 464
754 313
313 513
513 708
708 235
235 207
207 338
338 576
576 65
65 84
84 609
609 211
211 646
646 159
159 91
91 464
464 161
161 109
109 352
352 146
503
583 304 426 490
490 426
426 304
304 583
773
31 332 631 783 177 295 455 594
177 295
295 594
594 455
455 31
31 631
631 783
783 332
10 181 418 776 183 196 452 666 129 449 716 749 227 567 620 692 396 445 522 551
666 196
196 452
452 183
183 692
692 567
567 227
227 551
551 620
620 396
396 522
522 445
445 418
418 181
181 776
776 10
10 449
449 129
129 716
716 749
272
481 635
635 481
653 80 238 651
653 651
651 80
80 238
691 15 599 703 774 296 554 604 757 73 303
604 296
296 703
703 757
757 599
599 15
15 554
554 774
774 691
691 303
303 73
710 746
710 746
321 406 582
582 406
406 321
735 82 240 276 700 83
735 276
276 82
82 240
240 83
83 700
247 612
247 612
650 11 208 484 633
11 633
633 208
208 484
484 650
179 353 407 413
413 353
353 407
407 179
136 386 510 763 16
16 386
386 763
763 136
136 510
289
517 643 157 188 354
188 354
354 157
157 517
517 643
728 52
728 52
75
265
469
48
195 356
195 356
34 252 383 301
301 383
383 34
34 252
314 737 122 456
122 456
456 314
314 737
493 66 581 785 125 200 504 450 571 790 225 298 686 206 479 753 257 399 747 323 424 494 547 632 693 290 451
571 753
753 206
206 450
450 479
479 790
790 493
493 225
225 686
686 298
298 125
125 200
200 504
504 290
290 451
451 785
785 581
581 66
66 257
257 323
323 494
494 399
399 424
424 747
747 693
693 547
547 632
590 144
590 144
318 637 132
318 637
637 132
307
694
171
603 752
603 752
30 210 501
501 30
30 210
500
574 147 467
467 147
147 574
89 601 18 264 248 385 446 562 152 173
446 173
173 152
152 562
562 601
601 89
89 18
18 264
264 248
248 385
