!
32 64 152 181 198 201 204 241 386 422 445 453 469 492 569 625 662 666 676 765 780 72
72 492
492 152
152 469
469 422
422 453
453 181
181 386
386 64
64 676
676 765
765 241
241 204
204 201
201 445
445 198
198 662
662 666
666 32
32 780
780 569
569 625
99 105 190 212 249 288 292 349 353 397
190 249
249 288
288 349
349 292
292 99
99 212
212 105
105 397
397 353
409 413 498 606 622 631 708 709 70 95 100 231 331 337 380 394 452 493 578
100 493
493 231
231 452
452 331
331 95
95 380
380 70
70 337
337 394
394 578
578 708
708 413
413 622
622 709
709 606
606 409
409 631
631 498
677 682 685 710
685 677
677 682
682 710
725 739 749 778 107 128 191 223 354 363 370 399 466 517 575 613 630 681 701 730 737 752 779 4 66 74 121 140 159 168 214 474 479 545 621 659 699 705 706 727
749 739
739 725
725 778
778 370
370 752
752 730
730 223
223 517
517 779
779 737
737 191
191 354
354 613
613 575
575 128
128 466
466 399
399 701
701 681
681 630
630 363
363 107
107 659
659 705
705 4
4 140
140 121
121 474
474 621
621 214
214 479
479 727
727 66
66 74
74 545
545 168
168 699
699 706
706 159
750 15 53 79 136 162 208 314 391 393 395 405 437 512 553 608 670 759 47 92 142 205 299 340 348
405 395
395 53
53 314
314 136
136 759
759 79
79 15
15 162
162 670
670 391
391 512
512 437
437 608
608 393
393 208
208 553
553 92
92 299
299 47
47 205
205 340
340 348
348 142
142 750
351
403 484 618 649 697 720 742 756 69 106 157
157 69
69 106
106 484
484 618
618 697
697 403
403 720
720 756
756 649
649 742
180
187 224 275 304 410 448 486 638 673 711 768 795 19 22 42 120 169 258 379 463 467 485 515 534 564 596 663 679 59
275 795
795 187
187 711
711 768
768 486
486 224
224 304
304 410
410 59
59 673
673 638
638 448
448 515
515 258
258 169
169 22
22 564
564 596
596 463
463 379
379 120
120 534
534 467
467 485
485 663
663 42
42 19
19 679
93 111 177 245 322 323 346 430 447 455 458 530 537 656 770 12 28 109 219 265
346 458
458 93
93 447
447 111
111 245
245 530
530 430
430 770
770 455
455 656
656 537
537 322
322 177
177 323
323 219
219 28
28 265
265 12
12 109
325 362 457 494 509 600 604 614 690 741 781
457 741
741 509
509 690
690 325
325 614
614 781
781 494
494 600
600 604
604 362
33
49
117 173 221 233 280 284 320 392 423 446
221 320
320 392
392 173
173 284
284 423
423 446
446 280
280 117
117 233
557 607 636 692 48 60 62 86 97
636 557
557 607
607 692
692 48
48 62
62 86
86 60
60 97
235 289 402 462 488 554 568 610 612 624 777 0 127 164 184 211 291 375 431 507 519
0 375
375 291
291 211
211 519
519 164
164 431
431 507
507 127
127 184
184 612
612 235
235 462
462 554
554 610
610 568
568 289
289 624
624 402
402 777
777 488
541 579 602 620 650 25 51 147 148 239 418
620 650
650 579
579 602
602 541
541 148
148 418
418 239
239 25
25 51
51 147
471 475 549 580 587 653 688 703 729 7 58 63 229 301 369 415 451 525
653 587
587 549
549 703
703 471
471 688
688 729
729 580
580 475
475 415
415 525
525 7
7 229
229 301
301 451
451 63
63 369
369 58
576 646 651 700 764 789 91 114 119 185 234 236
119 236
236 234
234 114
114 185
185 91
91 789
789 576
576 646
646 764
764 651
651 700
283 330 339 442 470 502 686 760 771 83 145
145 83
83 283
283 760
760 339
339 771
771 502
502 470
470 330
330 442
442 686
188 227 359 419 425 438 460 483 504
425 419
419 438
438 460
460 504
504 359
359 188
188 227
227 483
526 668 743 788
668 788
788 743
743 526
238 264 319 384 424 426 435 472 513 592 598 664 695 755 775
592 695
695 426
426 775
775 598
598 238
238 435
435 755
755 664
664 472
472 424
424 264
264 384
384 513
513 319
37 41 68 108 165 175 361 368 516 544
175 516
516 68
68 544
544 165
165 368
368 108
108 41
41 37
37 361
645 716 726 728 733 81 101 154 167 286 421 461 514 533 567 594 660 718 724 790 31 34 110 269 276 294 312
726 645
645 716
716 733
733 728
728 567
567 101
101 81
81 718
718 286
286 594
594 421
421 514
514 660
660 154
154 461
461 724
724 790
790 533
533 167
167 110
110 34
34 269
269 31
31 276
276 294
294 312
347 593 719 740 745 751 757 16 71 116 158 216 297 332 396 481 523 603 634 647 648 11 13 125 132 150
648 158
158 16
16 396
396 297
297 216
216 603
603 523
523 71
71 116
116 634
634 647
647 481
481 332
332 347
347 745
745 150
150 740
740 132
132 719
719 13
13 757
757 11
11 593
593 751
751 125
197 210 285 287 388 390 497 555 611
611 287
287 390
390 285
285 210
210 555
555 497
497 388
388 197
163 199 252 279 309 377 401 441 546 626 694 721 738
626 738
738 401
401 199
199 546
546 694
694 252
252 377
377 309
309 279
279 441
441 163
163 721
769 57
769 57
118 138 243 282 326 372 416 473 506 563 605 715
243 326
326 118
118 138
138 473
473 605
605 563
563 506
506 416
416 372
372 282
282 715
784
46 160 228 240 242 257 296 310 365 378
228 160
160 296
296 310
310 240
240 46
46 365
365 257
257 242
242 378
550
571 758 766 9 77 166 172 176 215 342 357 420 443 464 465 639 762 35 80
80 35
35 357
357 443
443 639
639 464
464 762
762 172
172 166
166 215
215 9
9 176
176 420
420 342
342 465
465 77
77 571
571 758
758 766
87 102 153 248 273 429 566 619 657 691 707
657 273
273 691
691 153
153 429
429 87
87 566
566 248
248 102
102 707
707 619
45 89 137 141 192 254 256 306 508 521 573 642 797 130 135 271 355 360 428
360 130
130 271
271 135
135 428
428 355
355 642
642 306
306 141
141 89
89 573
573 45
45 508
508 254
254 521
521 797
797 256
256 137
137 192
440 477 511 582 588 652 794
582 588
588 511
511 440
440 477
477 794
794 652
115 156 206 311
156 311
311 206
206 115
350 538
538 350
585
713 732
713 732
736 772 774
774 772
772 736
161 193
193 161
270 274 321 381 385 459 655 714 734 767 54 75 124 183 267 278 352 366 434 510 609 623 67 113 146 194 250 327 356 503 551
270 381
381 767
767 385
385 321
321 734
734 274
274 714
714 655
655 459
459 609
609 434
434 510
510 54
54 124
124 623
623 352
352 75
75 183
183 366
366 267
267 278
278 327
327 67
67 250
250 551
551 503
503 356
356 146
146 194
194 113
644 661 761 186 195 263 300 328 433 439 572 574 589 595 731 122 170 209 246 290 345 383 411 454 617
186 572
572 589
589 328
328 731
731 433
433 595
595 263
263 439
439 195
195 574
574 300
300 383
383 761
761 345
345 122
122 246
246 661
661 411
411 454
454 644
644 170
170 209
209 617
617 290
712 746 3 14 39 50
39 50
50 3
3 14
14 746
746 712
255 260 295 324 371 436 581 698 90 94 96 104 123 338 480 531 542 674 684
338 542
542 104
104 684
684 96
96 324
324 260
260 94
94 371
371 581
581 436
436 531
531 123
123 295
295 255
255 674
674 480
480 90
90 698
753 23 52 76 103 358 449 482 489 615 635 675 133 178 202 207 218 316 496 520 560 637 796 171 200 203 266 524 543 616 671 680 696 792 55 65 98 139 261 427 456 468 476 491
76 615
615 133
133 449
449 637
637 560
560 218
218 482
482 207
207 675
675 23
23 496
496 103
103 520
520 358
358 178
178 796
796 316
316 202
202 489
489 753
753 635
635 52
52 476
476 261
261 456
456 792
792 671
671 524
524 55
55 203
203 266
266 696
696 491
491 468
468 171
171 139
139 98
98 616
616 200
200 65
65 680
680 427
427 543
693 44 61 112 262 414 450 490 529 561 591 627
693 529
529 450
450 262
262 112
112 44
44 414
414 61
61 591
591 627
627 561
561 490
151
182 220 226 307 505 632 640 722 747 78 84 259 302 487
84 78
78 259
259 302
302 487
487 307
307 747
747 182
182 632
632 722
722 226
226 505
505 220
220 640
501 528 535 565 669 17 36 131
528 565
565 669
669 501
501 17
17 535
535 36
36 131
251 277 404 599 773 785 793 43
793 773
773 251
251 785
785 404
404 599
599 277
277 43
367 408 536 552 558 667 678 717 754 18 29 82 244 272 364 407
82 407
407 18
18 244
244 29
29 272
272 364
364 754
754 717
717 367
367 667
667 408
408 678
678 558
558 552
552 536
518 547 548
548 547
547 518
155 174 253 308 478 539 540 570 586
570 253
253 478
478 155
155 174
174 308
308 586
586 540
540 539
798 30 56 73 237 313 334 335 583 776 8 144 213 293 499 500 597 601 683 2 10 21 225 317 329 417 495 787 143 189 196 217
143 335
335 189
189 30
30 776
776 217
217 583
583 56
56 196
196 73
73 334
334 313
313 237
237 798
798 597
597 499
499 144
144 500
500 601
601 293
293 417
417 10
10 329
329 213
213 8
8 683
683 2
2 225
225 787
787 495
495 21
21 317
298 303 629 641 704 6 315 376 382 387 532 654 763 786
303 298
298 629
629 786
786 763
763 532
532 315
315 382
382 641
641 654
654 6
6 387
387 376
376 704
1 38 268 305 398 527 584 590 672 5 85 341 389 556 628 735 744 20 27 88 232 343
672 590
590 305
305 1
1 38
38 268
268 584
584 527
527 398
398 343
343 20
20 88
88 232
232 27
27 389
389 744
744 735
735 556
556 5
5 85
85 341
341 628
374 432 665 24 126 129 230 247 373 400
247 374
374 432
432 665
665 24
24 129
129 373
373 126
126 230
230 400
577 222 318 344 406 633 687 783 799
633 222
222 687
687 406
406 344
344 783
783 799
799 318
318 577
26 333 336 559 658 689 723 791 134 281 444 522 702 748 782 40 149 179 412 562 643
643 149
149 562
562 179
179 26
26 40
40 723
723 412
412 658
658 333
333 559
559 791
791 336
336 689
689 134
134 281
281 522
522 444
444 748
748 702
702 782
