!
14 23 29 43 72 76 81 86 100 106 116 125 129 130 135 142 146 147 148 154 161 167 173 184 186 187 189 195 199 203 207 210 211 212 222 227 229 235 239 243 255 260 272 277 278 279 280 281 288 291 292 317 322 327 331 332 338 343 345
187 129
129 81
81 207
207 255
255 154
154 280
280 317
317 345
345 86
86 235
235 106
106 243
243 130
130 23
23 338
338 189
189 76
76 279
279 142
142 331
331 212
212 203
203 327
327 29
29 161
161 229
229 277
277 186
186 72
72 260
260 292
292 147
147 343
343 146
146 195
195 211
211 14
14 281
281 100
100 43
43 167
167 125
125 173
173 291
291 199
199 148
148 272
272 210
210 184
184 239
239 322
322 288
288 116
116 222
222 227
227 332
332 278
278 135
353 366 367 369 386 388 407 411 412 413 414 430 437 439 448 451 454 455 458 471 472 476 477 482 498 507 517 528 533 534 536 537 540 549 555 562 566 567 569 572 582 591 592 610 611 618 628 631 633 638 653 666 683 686 694 701 703 706 710 712 718 720 731 733 751 752 765 772 774 778 782 783 784 792 1 13 19 24 25 28 39 46 50 54 55 60 61 63 66 68 85 88 93 109 122 124 131 136 141 143 145 156 160 163 164 168 177 216 221 230 237 258 261 267 269 273 275 286 294 299 302 309 312 313 326 328 330 335 339 340 344 351 371 372 376 381 393 394 396 403 406 416 431 436 440 441 442 445 450 459 463 465 468 470 484 495 496 500 521 527 530 535 547 560 561 563 565 580 581 587 597 608 612 639 642 656 657 672 676 684 685 689
13 484
484 676
676 581
581 445
445 468
468 122
122 441
441 495
495 131
131 216
216 109
109 563
563 237
237 470
470 527
527 560
560 394
394 689
689 403
403 530
530 340
340 1
1 286
286 177
177 442
442 269
269 372
372 396
396 335
335 299
299 309
309 136
136 261
261 535
535 587
587 93
93 50
50 565
565 302
302 684
684 66
66 326
326 371
371 294
294 55
55 450
450 230
230 39
39 393
393 463
463 656
656 672
672 440
440 141
141 580
580 68
68 28
28 465
465 330
330 145
145 381
381 344
344 46
46 496
496 639
639 642
642 160
160 312
312 521
521 275
275 431
431 685
685 351
351 406
406 24
24 63
63 328
328 163
163 608
608 313
313 61
61 25
25 561
561 19
19 612
612 436
436 459
459 221
221 60
60 267
267 376
376 597
597 273
273 54
54 164
164 143
143 168
168 124
124 547
547 657
657 85
85 500
500 156
156 339
339 416
416 88
88 258
258 413
413 555
555 778
778 694
694 772
772 549
549 712
712 666
666 783
783 412
412 353
353 752
752 437
437 448
448 458
458 540
540 751
751 507
507 567
567 686
686 706
706 367
367 701
701 454
454 792
792 631
631 733
733 562
562 528
528 472
472 471
471 517
517 476
476 407
407 414
414 784
784 498
498 582
582 774
774 731
731 439
439 618
618 718
718 533
533 386
386 455
455 537
537 720
720 765
765 628
628 710
710 366
366 683
683 482
482 477
477 633
633 610
610 572
572 451
451 591
591 782
782 411
411 566
566 388
388 536
536 653
653 592
592 703
703 611
611 638
638 369
369 534
534 569
569 430
691 705 708 724 735 736 738 739 743 748 754 757 796 2 6 9 15 22 33 36 37 42 49 75 80 82 95 110 113 119 121
724 691
691 705
705 735
735 757
757 739
739 743
743 748
748 796
796 738
738 33
33 754
754 736
736 708
708 80
80 110
110 113
113 95
95 36
36 121
121 9
9 82
82 75
75 6
6 42
42 49
49 2
2 119
119 22
22 15
15 37
126
134 153 157 175 200 202 220 223 238 250 256 259 274 283 293 315 325 337 342 360 364 368 370 380 391 408 417 423 424 427 428 429 432 434 452 453 461 464 490 493 503 510 516 526 542 550 551 553 554 588 596 599 600 601 602 609 613 616 619 620 625 626 629 632 643 645 659 662 669 671 687 688 690 693 713 714 717 719 726 728 732 737 742 749 750 767 771 773 775 776 777 787 788 789 791 798 8 16 17 18 27 32 40 41 47 65 67 71 77 87 91 111 114 117 118 123 127 138 139 140
27 91
91 118
118 140
140 127
127 123
123 71
71 8
8 16
16 114
114 32
32 65
65 732
732 41
41 138
138 643
643 40
40 67
67 424
424 87
87 588
588 18
18 787
787 256
256 117
117 432
432 616
616 625
625 789
789 47
47 17
17 139
139 777
777 550
550 662
662 111
111 408
408 551
551 798
798 775
775 516
516 626
626 77
77 687
687 526
526 175
175 671
671 788
788 428
428 601
601 238
238 370
370 429
429 645
645 364
364 693
693 750
750 542
542 659
659 259
259 360
360 315
315 609
609 599
599 493
493 427
427 434
434 613
613 620
620 342
342 417
417 600
600 423
423 337
337 771
771 223
223 391
391 629
629 669
669 452
452 554
554 742
742 380
380 293
293 153
153 632
632 368
368 749
749 619
619 690
690 464
464 767
767 737
737 490
490 274
274 283
283 791
791 688
688 134
134 596
596 728
728 157
157 200
200 719
719 510
510 220
220 202
202 726
726 553
553 453
453 713
713 776
776 602
602 503
503 461
461 250
250 773
773 717
717 714
714 325
144 159 166 174 193 204 208 209 215 217 218 225 226 233 236 247 253 257 265 266 285 289 295 297 304 307 308 314 318 333 348 350 356 358 363 383 387 395 398 401 421 425 433 438 444 480 485 489 497 502 505 508 515 524 539 541 543 546 558 583 593 614 622 627 630 634 644 664 667 670 673 675 677 695 707 715 723 729 740 745 746 755 756 762 763 770 779 785 790 795 797 0 3 4 12 30 38 48 52 53 64 78 79 90 98 101 102 103 104 112 115 120 149 155 158 170 171 176 179 181 190 192 197 198 205 214 234 241 242 244 262 263 264 268 270 271 276 282 284 296 300 301 305 306 311 319 320 321 361 365 373 378 397 399 402 404 405 415 418 443 456 460 467 469 479 483 491 492 506 513 514 519 522 523 544 548 576 577 584 585 595 605 607 617 623 624 641 647 648 649 650 665 674 679 681 696 699 700 702 722 727 741 758 766 768 781 5 10 11 31 34 35 45 51 57 58 59 70 74 84 89 92 105 132 137 150 162 165 169 172 178 180 182 183 185 188 191 196 231 232 246 251 254 287 290 298 316 324 334 336 341 347 352 354 355 359 362 374 377 385 390 400 409 419 420 422 446 475 478 481 486 487 488 499 501 518 520 525 529 531 552 559 568 570 571 573 574 578 579 586 589 590 598 603 604 615 621 636 646 651 652 654 655 660 661 678 697 711 725 747 753 760 769 7 20 21 26 44 56 62 69 73 83 94 96 97 99 107 108 128 133 151 152 194 201 206 213 219 224 228 240 245 248 249 252 303 310 323 329 346 349 357 375 379 382 384 389 392 410 426 435 447 449 457 462 466 473 474 494 504 509 511 512 532 538 545 556 557 564 575 594 606 635 637 640 658 663 668 680
729 630
630 308
308 358
358 558
558 502
502 489
489 667
667 480
480 304
304 266
266 285
285 363
363 740
740 539
539 675
675 425
425 770
770 614
614 209
209 398
398 745
745 204
204 225
225 670
670 695
695 159
159 166
166 174
174 401
401 785
785 383
383 444
444 356
356 217
217 307
307 247
247 387
387 314
314 144
144 664
664 505
505 497
497 797
797 218
218 762
762 350
350 524
524 543
543 348
348 756
756 318
318 253
253 541
541 297
297 295
295 795
795 790
790 707
707 395
395 438
438 485
485 265
265 236
236 755
755 226
226 257
257 627
627 508
508 746
746 433
433 593
593 644
644 233
233 333
333 208
208 215
215 583
583 170
170 193
193 585
585 715
715 763
763 768
768 515
515 677
677 289
289 622
622 779
779 723
723 696
696 460
460 673
673 421
421 722
722 548
548 674
674 112
112 546
546 234
234 415
415 197
197 634
634 700
700 605
605 301
301 241
241 519
519 192
192 641
641 244
244 306
306 311
311 492
492 349
349 171
171 198
198 79
79 399
399 249
249 781
781 268
268 201
201 699
699 4
4 545
545 504
504 658
658 190
190 514
514 766
766 214
214 213
213 577
577 270
270 506
506 474
474 30
30 378
378 617
617 405
405 384
384 361
361 397
397 305
305 262
262 365
365 94
94 649
649 103
103 97
97 457
457 544
544 21
21 382
382 389
389 607
607 48
48 282
282 594
594 702
702 151
151 491
491 263
263 78
78 205
205 640
640 665
665 456
456 647
647 727
727 152
152 681
681 264
264 522
522 509
509 240
240 650
650 53
53 149
149 494
494 462
462 538
538 418
418 194
194 90
90 595
595 128
128 52
52 575
575 44
44 410
410 0
0 12
12 155
155 158
158 483
483 443
443 102
102 467
467 357
357 319
319 179
179 556
556 120
120 245
245 321
321 96
96 115
115 624
624 303
303 248
248 98
98 373
373 584
584 296
296 392
392 38
38 375
375 271
271 758
758 26
26 101
101 181
181 379
379 108
108 329
329 479
479 402
402 513
513 447
447 564
564 83
83 224
224 576
576 107
107 623
623 176
176 252
252 606
606 320
320 449
449 310
310 741
741 7
7 523
523 284
284 680
680 300
300 404
404 679
679 56
56 62
62 435
435 648
648 206
206 104
104 228
228 668
668 3
3 635
635 242
242 323
323 276
276 64
64 473
473 99
99 185
185 511
511 346
346 69
69 219
219 466
466 290
290 150
150 603
603 20
20 57
57 45
45 469
469 512
512 652
652 654
654 660
660 637
637 478
478 254
254 586
586 188
188 571
571 501
501 532
532 426
426 557
557 73
73 162
162 615
615 419
419 31
31 663
663 133
133 499
499 105
105 74
74 475
475 697
697 58
58 570
570 196
196 760
760 182
182 11
11 579
579 621
621 422
422 552
552 446
446 180
180 578
578 137
137 646
646 374
374 531
531 92
92 251
251 390
390 246
246 172
172 287
287 636
636 590
590 769
769 59
59 354
354 655
655 604
604 89
89 385
385 334
334 568
568 651
651 678
678 362
362 165
165 529
529 400
400 84
84 661
661 725
725 487
487 70
70 5
5 231
231 34
34 352
352 525
525 35
35 520
520 359
359 191
191 341
341 420
420 355
355 336
336 559
559 589
589 316
316 488
488 324
324 10
10 486
486 409
409 753
753 298
298 518
518 183
183 178
178 573
573 574
574 169
169 481
481 598
598 51
51 711
711 132
132 377
377 747
747 347
347 232
682 692 698 704 709 716 721 730 734 744 759 761 764 780 786 793 794 799
682 716
716 698
698 734
734 692
692 799
799 759
759 744
744 794
794 786
786 780
780 709
709 721
721 730
730 764
764 761
761 793
793 704
