!
795 666 234 201 169 
169 201
201 795
795 234
234 666
105 784 
784 105
38 
173 260 448 95 534 
260 173
173 448
448 95
95 534
303 
71 673 35 580 124 
124 35
35 580
580 673
673 71
74 
594 541 451 
451 594
594 541
273 
737 
32 280 
280 32
391 
423 
287 780 296 
287 780
780 296
349 325 184 438 69 
325 349
349 184
184 438
438 69
738 
587 72 
587 72
309 637 
309 637
300 464 
300 464
612 613 
613 612
180 238 107 
107 180
180 238
163 
574 605 796 
796 605
605 574
428 187 
428 187
111 460 133 
460 111
111 133
595 
377 
509 
537 267 
537 267
584 726 682 
682 726
726 584
415 
298 
524 14 
14 524
556 661 
661 556
622 558 754 621 321 
558 754
754 622
622 321
321 621
292 781 593 58 
58 593
593 781
781 292
491 367 
491 367
598 
405 199 346 
199 346
346 405
221 
21 
577 489 85 
489 577
577 85
600 
504 152 301 
301 504
504 152
421 379 361 
361 421
421 379
766 
650 
468 
251 
462 517 501 563 136 7 
7 136
136 563
563 517
517 501
501 462
306 
519 160 
519 160
492 
145 
76 60 118 
118 60
60 76
506 
664 
387 229 
229 387
312 311 
312 311
381 456 164 582 39 643 406 
406 643
643 381
381 164
164 456
456 582
582 39
681 779 530 
530 779
779 681
215 
787 
629 
134 
758 418 
418 758
130 
452 703 
703 452
572 
104 668 649 3 
649 668
668 3
3 104
140 620 
140 620
711 4 
4 711
266 314 508 429 445 588 326 
266 314
314 508
508 429
429 445
445 588
588 326
191 
463 659 192 
659 463
463 192
757 638 
638 757
762 718 479 
479 718
718 762
536 
474 
155 
216 522 
522 216
447 440 9 
447 9
9 440
458 798 308 616 550 
458 798
798 616
616 308
308 550
596 
531 
113 
30 41 223 
223 30
30 41
200 
656 789 
789 656
665 
47 125 
125 47
561 
225 284 26 
284 26
26 225
319 
733 745 395 
745 733
733 395
778 493 
493 778
102 253 604 437 
437 102
102 253
253 604
206 571 
571 206
97 353 189 
97 353
353 189
793 44 10 759 746 
793 44
44 10
10 759
759 746
342 755 65 676 735 
342 735
735 676
676 65
65 755
721 
412 
370 265 
265 370
554 750 
554 750
98 186 606 469 
469 606
606 186
186 98
195 17 
17 195
507 
103 
289 
414 218 
218 414
549 
261 647 55 177 
261 177
177 647
647 55
123 
302 
288 
697 
232 264 
264 232
366 568 
366 568
751 772 
751 772
331 
167 
490 363 400 543 
363 400
400 543
543 490
626 639 763 202 
202 626
626 763
763 639
632 660 
632 660
70 335 
335 70
662 
198 142 712 744 761 120 90 
90 120
120 761
761 744
744 712
712 142
142 198
0 207 
0 207
466 
601 513 166 
166 601
601 513
22 
293 397 297 
297 293
293 397
257 398 710 
710 257
257 398
608 512 
512 608
435 208 
208 435
372 700 
372 700
316 
557 330 797 511 518 528 
330 557
557 511
511 797
797 518
518 528
222 
36 
53 
283 724 157 562 188 
724 188
188 283
283 562
562 157
723 
566 769 
769 566
240 236 
236 240
411 482 258 625 205 678 
411 482
482 258
258 625
625 205
205 678
156 565 
156 565
591 
472 
573 
351 
307 
193 82 
193 82
211 523 
211 523
619 
204 636 399 
204 636
636 399
505 
663 
575 722 
722 575
320 545 
320 545
255 658 542 455 286 
286 658
658 542
542 255
255 455
645 
498 294 
294 498
143 691 
691 143
633 
68 533 
68 533
607 705 446 510 396 231 
231 396
396 510
510 446
446 607
607 705
644 247 538 80 334 117 
117 334
334 80
80 538
538 247
247 644
285 
274 
433 242 
433 242
646 116 
646 116
305 730 
730 305
250 40 378 375 52 
52 40
40 250
250 378
378 375
765 
159 196 165 275 677 310 
275 677
677 310
310 196
196 159
159 165
252 525 37 502 
502 37
37 252
252 525
12 56 634 270 
56 12
12 270
270 634
717 635 476 18 109 
109 18
18 635
635 476
476 717
249 135 720 373 
135 249
249 720
720 373
28 
147 655 
147 655
729 356 384 514 
729 356
356 514
514 384
62 
380 
569 
696 182 
182 696
357 6 748 
357 6
6 748
679 
579 268 
579 268
371 
328 
792 
567 559 
559 567
586 144 
144 586
692 
230 
132 652 786 323 
132 652
652 323
323 786
471 413 15 
413 471
471 15
725 141 684 
725 684
684 141
683 
701 27 263 
701 27
27 263
386 
183 741 16 239 589 449 
449 589
589 239
239 16
16 183
183 741
128 
529 
224 
389 
127 
454 689 171 484 732 93 20 179 747 350 716 
732 484
484 171
171 689
689 716
716 747
747 179
179 454
454 20
20 93
93 350
304 
63 78 409 699 45 
45 63
63 78
78 409
409 699
23 
360 
693 431 212 190 
212 190
190 431
431 693
148 262 478 422 315 
478 422
422 262
262 315
315 148
585 714 503 410 369 271 
271 369
369 410
410 503
503 714
714 585
149 731 
149 731
499 
739 436 139 
739 436
436 139
515 
740 459 
459 740
416 51 
51 416
628 64 278 
64 278
278 628
248 376 444 
248 444
444 376
355 83 670 
355 83
83 670
450 153 
450 153
42 
727 
96 764 
96 764
785 
544 
799 235 256 341 
341 256
256 235
235 799
119 317 220 226 
317 119
119 226
226 220
243 402 
243 402
674 
31 
441 154 227 
227 441
441 154
539 640 702 176 548 
548 702
702 539
539 640
640 176
401 686 615 782 209 
782 209
209 615
615 686
686 401
19 
461 630 
630 461
25 597 322 318 
318 25
25 322
322 597
770 
343 707 417 
417 707
707 343
24 81 535 407 115 8 
8 407
407 115
115 81
81 535
535 24
358 
150 609 
150 609
254 
552 245 
245 552
172 
481 
599 
419 576 775 
419 576
576 775
688 
617 467 33 671 553 382 365 
365 382
382 553
553 671
671 467
467 617
617 33
532 
564 46 290 
564 290
290 46
590 614 520 
590 614
614 520
713 
291 138 
138 291
214 708 
708 214
424 403 
403 424
404 336 743 129 217 653 175 
175 653
653 217
217 129
129 404
404 336
336 743
547 
426 
210 
246 282 108 
246 282
282 108
392 
439 695 
439 695
654 
610 
771 
603 
773 768 
768 773
521 560 
560 521
174 
110 
94 694 742 338 442 430 
442 338
338 430
430 742
742 694
694 94
75 427 
427 75
475 794 
794 475
54 516 168 
54 516
516 168
432 
213 203 465 487 420 480 299 
299 480
480 203
203 213
213 420
420 465
465 487
624 
583 
151 
50 73 728 
73 728
728 50
706 
161 
162 496 719 
719 162
162 496
651 657 
657 651
368 337 648 774 443 48 777 669 675 100 
100 337
337 669
669 368
368 777
777 675
675 48
48 648
648 774
774 443
34 388 749 228 340 
34 388
388 749
749 228
228 340
339 
347 602 
347 602
709 791 170 485 
485 709
709 170
170 791
457 623 
623 457
244 393 
244 393
329 540 
329 540
61 
77 
233 477 
477 233
131 
698 
219 114 
219 114
680 352 
680 352
269 434 
269 434
488 592 122 
122 592
592 488
158 527 
158 527
470 
101 121 736 425 690 272 2 
272 101
101 121
121 736
736 2
2 425
425 690
333 
551 715 641 
641 715
715 551
578 
453 137 
137 453
618 783 383 99 
383 99
99 783
783 618
277 295 
295 277
752 
106 790 
106 790
667 
362 
483 642 
483 642
611 
497 241 
497 241
92 13 194 734 
13 92
92 734
734 194
500 
394 408 
394 408
1 
494 
753 327 43 364 
753 327
327 43
43 364
672 385 526 581 
385 672
672 526
526 581
486 237 5 11 555 88 
486 5
5 237
237 555
555 11
11 88
767 87 89 756 570 279 687 146 281 324 259 
324 279
279 146
146 281
281 570
570 687
687 87
87 767
767 89
89 756
756 259
276 546 345 685 66 86 760 
276 546
546 685
685 345
345 66
66 760
760 86
627 495 
495 627
185 473 
473 185
359 374 
359 374
29 
49 332 
49 332
348 181 178 79 67 
67 181
181 79
79 178
178 348
313 776 
776 313
390 59 631 
390 59
59 631
112 788 
788 112
91 
344 354 57 84 704 126 
704 126
126 84
84 344
344 57
57 354
197 
