!
13 38 88 119 125 128 139 161 191 224 305 318 333 377 390 409 432 501 503 517 578 589 591 615 628 673 712 723 773 775 786 26 31 150 187 239 245 256 264 309 346 352 362 368 369 379 404 427 431 452
31 431
431 452
452 245
245 404
404 379
379 427
427 256
256 150
150 368
368 346
346 362
362 187
187 369
369 309
309 26
26 264
264 352
352 239
239 377
377 432
432 501
501 88
88 224
224 128
128 161
161 615
615 119
119 786
786 13
13 628
628 125
125 318
318 673
673 773
773 305
305 775
775 589
589 578
578 517
517 38
38 409
409 591
591 712
712 333
333 139
139 723
723 390
390 191
191 503
492 513 552 608 627 652 671 733 760 774 781 796 57 82 130 141 163 183 189 222 232 317 328 338 349 355 360 363 414 512 522 530 549 580
349 414
414 82
82 189
189 338
338 141
141 360
360 512
512 363
363 355
355 130
130 580
580 328
328 522
522 222
222 549
549 57
57 530
530 232
232 183
183 163
163 317
317 781
781 774
774 652
652 733
733 513
513 608
608 796
796 671
671 552
552 760
760 627
627 492
581 607 617 626 799 45 47 85 93
617 581
581 626
626 799
799 607
607 85
85 45
45 47
47 93
120 182 233 237 275
275 237
237 233
233 120
120 182
276 280 284 335 374 395 425 458 477 498 551 564 587 640
564 280
280 284
284 458
458 587
587 335
335 498
498 477
477 425
425 640
640 374
374 395
395 551
551 276
683 726 770 63 66 72 80 121 124 127 225 262 281 340 342 397 400 435 445 483 500 526 560 590 665 669 674 676 780 1 5 28 70 118 143 180
180 5
5 1
1 118
118 70
70 143
143 28
28 770
770 683
683 726
726 340
340 435
435 674
674 72
72 669
669 124
124 676
676 397
397 445
445 80
80 342
342 590
590 121
121 127
127 665
665 262
262 500
500 63
63 66
66 526
526 400
400 281
281 483
483 780
780 225
225 560
196 213 243 244 301 316
213 244
244 301
301 196
196 243
243 316
341 354 424 442 496 539 583 616 637 656 684 765 776 24 32 49 62 96 98 138 140 204 277 291 320 383 389 391 399 536 561 576 619 677 698 740 748 752 0 18 29 46 84 104 226 271 282 296 308 314 410 460 476 487 489 527 535 588
677 32
32 291
291 576
576 619
619 389
389 320
320 740
740 49
49 96
96 748
748 140
140 752
752 138
138 536
536 98
98 277
277 399
399 698
698 561
561 62
62 391
391 383
383 24
24 204
204 776
776 765
765 354
354 684
684 442
442 539
539 637
637 424
424 616
616 583
583 496
496 656
656 341
341 487
487 226
226 308
308 476
476 18
18 104
104 84
84 29
29 271
271 535
535 460
460 314
314 588
588 282
282 0
0 296
296 527
527 489
489 46
46 410
601 612 632 702 745 9 17 71 83 102 117 135 152 153 159 162 218 261 313 327 398 417 464 484 508 558 602 688 763 16 79 131 212 246 274 295 331 353 357 421 426 429 438 478 519 546 594 595 736 753 777 785 788 23 42 67 103 160 184 206 223 269 307 365 370 447 470 504 506 570 603
504 67
67 603
603 370
370 103
103 184
184 160
160 223
223 206
206 269
269 42
42 365
365 447
447 307
307 23
23 470
470 506
506 570
570 484
484 162
162 688
688 117
117 261
261 327
327 9
9 417
417 71
71 218
218 508
508 398
398 17
17 602
602 159
159 102
102 558
558 464
464 153
153 313
313 135
135 763
763 152
152 83
83 421
421 295
295 594
594 16
16 246
246 546
546 785
785 274
274 478
478 353
353 753
753 519
519 595
595 426
426 131
131 788
788 429
429 331
331 357
357 438
438 777
777 736
736 612
612 212
212 79
79 632
632 702
702 601
601 745
667 689 707 725 762 787 30 43 77 86 90 164 201 219 242 325 457 565 566 567 609 629 641 650 654 668 697 703 718 794 6 106 112 177 216 247 286
90 641
641 566
566 650
650 654
654 629
629 703
703 242
242 325
325 567
567 30
30 164
164 219
219 86
86 609
609 43
43 201
201 725
725 762
762 697
697 718
718 794
794 77
77 565
565 668
668 457
457 689
689 707
707 787
787 667
667 112
112 6
6 216
216 286
286 106
106 177
177 247
294 329
329 294
505 523 541 544 573 670 680 705 715 735 755 761
735 715
715 705
705 761
761 544
544 523
523 670
670 755
755 505
505 680
680 541
541 573
772 790 10 87 122 132 148 267 298 319 337 351 366 437 450 455 469 481 490 613 633 644 647 784 75 89
772 267
267 790
790 469
469 132
132 298
298 122
122 784
784 148
148 455
455 337
337 644
644 633
633 351
351 366
366 613
613 437
437 481
481 450
450 319
319 10
10 647
647 89
89 87
87 490
490 75
151 158 207 220 229 238 265 268 306 348 387 423 515 531 582 638 649 653 713 749 25 33 35 39 155 172 221 248 283 358 382 415 430 443 454 462 482 534 636 696 711 758
39 711
711 283
283 430
430 482
482 358
358 248
248 696
696 758
758 462
462 33
33 443
443 636
636 415
415 155
155 221
221 534
534 25
25 454
454 172
172 382
382 35
35 649
649 268
268 220
220 531
531 713
713 653
653 638
638 229
229 423
423 348
348 582
582 306
306 749
749 158
158 151
151 515
515 265
265 238
238 387
387 207
8 50 99 197 209 312 321 350 367
197 8
8 321
321 50
50 350
350 312
312 209
209 367
367 99
372 375 406 413 436
436 372
372 413
413 406
406 375
465 540 555 579 597 620 710 54 123 173 188 266 272 322 336 359
579 465
465 620
620 597
597 540
540 555
555 710
710 266
266 54
54 188
188 336
336 272
272 322
322 123
123 359
359 173
364 538 542 557 571 572 585 610 618 621 738 791 3 19 69 94 105 146 240 273
240 94
94 146
146 19
19 105
105 273
273 3
3 69
69 585
585 571
571 364
364 791
791 572
572 618
618 610
610 557
557 542
542 538
538 738
738 621
299 332 339 386 493 502 550 553 630 675
502 339
339 493
493 630
630 550
550 332
332 675
675 299
299 386
386 553
766 48 65 78 129 215 254 263 343 371
766 129
129 254
254 65
65 78
78 343
343 215
215 263
263 371
371 48
525 584 593 639
639 584
584 593
593 525
679 686 719 742
686 679
679 742
742 719
751
789 21 41 74 145 192 228 259 260 376 411
228 145
145 260
260 41
41 192
192 259
259 74
74 376
376 21
21 411
411 789
416 422 485 488 524 604 695 782
422 782
782 488
488 485
485 604
604 416
416 524
524 695
798 22 58 60 91 211 439 448 514 537 548 600 606 645 651 661 699 701 709 721 61 108 111 133 181 186 193 253 290 403 471 569 575 643 646 672 708 722 750 51 101 156 167 190 200 217 401 412 453 459 510 516 574 664 704 744 779 797 11 95 165 171 176 241 257 499
750 708
708 643
643 181
181 61
61 133
133 575
575 108
108 471
471 798
798 186
186 193
193 253
253 646
646 722
722 569
569 672
672 403
403 111
111 290
290 548
548 645
645 721
721 22
22 537
537 60
60 211
211 91
91 58
58 709
709 661
661 606
606 699
699 439
439 651
651 701
701 514
514 448
448 600
600 241
241 11
11 165
165 171
171 176
176 257
257 499
499 95
95 412
412 779
779 200
200 797
797 156
156 101
101 51
51 510
510 459
459 744
744 453
453 574
574 664
664 704
704 401
401 167
167 217
217 190
190 516
596
624 681 706 724 727 734 754 757 768 81 100 110 137 231 334 407 440 441 467 648 655 678 690 692 700 731 739 4 44 52 113 126 142 149 154 199 287 304 315 396 402 691 729 769 792 59 68 114 258 285 326 380 388
258 285
285 700
700 114
114 231
231 81
81 137
137 388
388 440
440 655
655 100
100 441
441 739
739 68
68 326
326 380
380 467
467 692
692 678
678 59
59 407
407 731
731 110
110 648
648 690
690 334
334 727
727 734
734 757
757 724
724 706
706 681
681 624
624 754
754 768
768 396
396 315
315 142
142 154
154 52
52 402
402 287
287 729
729 44
44 769
769 304
304 4
4 126
126 792
792 113
113 149
149 691
691 199
507 528 533 577 605
577 528
528 507
507 533
533 605
682 728 741 747 783 14 56 116 136 144 198 203 208 234 255 474 532 554 622 657 730 759 795 169 170 174 278 293 393
728 682
682 783
783 747
747 741
741 208
208 198
198 136
136 554
554 56
56 795
795 255
255 14
14 203
203 532
532 622
622 657
657 730
730 144
144 116
116 759
759 234
234 474
474 293
293 393
393 170
170 174
174 278
278 169
444 446 456 486 521 543 559 625 658
444 486
486 446
446 456
456 559
559 521
521 543
543 625
625 658
666 714 2 20 27 166
27 20
20 2
2 166
166 666
666 714
185 249 310 323
185 249
249 323
323 310
433 491 568 592 598 634 685 716 732 92
92 592
592 491
491 598
598 716
716 634
634 685
685 568
568 732
732 433
202 302 361 373 392 405 461 475 480 494 556 562 623 642 746 771 7 34 107 147 179 194 195 236 311 324 347 381 511 545 599 662
480 746
746 556
556 405
405 302
302 642
642 771
771 461
461 202
202 361
361 494
494 623
623 373
373 392
392 475
475 562
562 179
179 194
194 34
34 662
662 599
599 324
324 311
311 107
107 147
147 195
195 347
347 7
7 511
511 236
236 381
381 545
64 76 168 214 227 250 292 300 428 468 611 659 687 694 764 778 36
36 611
611 659
659 168
168 764
764 428
428 300
300 468
468 64
64 214
214 76
76 250
250 694
694 292
292 687
687 778
778 227
40 175 205 251 289 297 385 408 449 451 495 509 614 663 756
251 614
614 451
451 385
385 40
40 289
289 175
175 205
205 756
756 495
495 449
449 509
509 663
663 408
408 297
37 73 134 157 178 210 279 345 472 520 631 717 737 767 793 15 53 97 115 303 378 434 473 529 586 635 693 720 743 12 109 235 270 288 330 394 420 466 497 518 547
12 466
466 235
235 330
330 420
420 547
547 518
518 497
497 394
394 109
109 270
270 288
288 53
53 434
434 635
635 97
97 378
378 529
529 720
720 743
743 586
586 115
115 693
693 473
473 15
15 345
345 631
631 303
303 134
134 157
157 520
520 793
793 717
717 37
37 767
767 279
279 737
737 73
73 178
178 472
472 210
563 660 55 230 252 344 356 384 418 419 463 479
660 563
563 419
419 479
479 384
384 230
230 344
344 55
55 356
356 418
418 463
463 252
