!
334 386 
386 334
442 675 537 554 545 570 315 487 743 321 594 621 
621 743
743 321
321 487
487 315
315 570
570 545
545 594
594 554
554 537
537 675
675 442
421 323 226 366 256 400 354 255 734 651 279 514 721 369 
369 514
514 279
279 721
721 651
651 734
734 255
255 354
354 366
366 400
400 256
256 226
226 323
323 421
516 408 482 331 513 392 737 489 18 605 283 383 646 716 524 254 28 
18 392
392 737
737 513
513 605
605 489
489 516
516 408
408 383
383 716
716 283
283 524
524 482
482 646
646 254
254 28
28 331
561 
471 347 219 144 210 252 125 44 636 171 218 
125 44
44 471
471 636
636 219
219 347
347 171
171 218
218 144
144 210
210 252
449 740 230 694 647 749 15 
230 647
647 749
749 740
740 449
449 694
694 15
306 551 328 42 
42 328
328 306
306 551
472 207 
472 207
677 
8 685 111 
685 8
8 111
22 190 298 
190 298
298 22
503 31 648 616 95 138 476 237 775 
503 31
31 648
648 237
237 95
95 476
476 616
616 138
138 775
606 260 454 717 61 151 519 673 630 669 48 325 
717 454
454 61
61 48
48 260
260 606
606 325
325 151
151 519
519 673
673 630
630 669
38 575 110 322 633 550 598 469 268 581 6 699 543 429 566 183 112 506 517 30 272 562 83 461 497 776 382 156 603 
6 30
30 699
699 517
517 581
581 562
562 112
112 272
272 183
183 506
506 268
268 38
38 469
469 598
598 83
83 575
575 110
110 461
461 543
543 566
566 497
497 322
322 429
429 633
633 776
776 550
550 156
156 382
382 603
356 58 
356 58
267 26 365 
365 267
267 26
479 299 
479 299
474 167 733 227 768 86 795 635 357 
357 635
635 795
795 768
768 167
167 733
733 227
227 86
86 474
770 
20 500 451 490 100 682 547 778 380 41 681 
20 682
682 500
500 681
681 100
100 547
547 778
778 451
451 490
490 380
380 41
82 109 501 
501 109
109 82
344 446 584 303 
446 344
344 584
584 303
655 573 533 464 413 66 553 244 608 367 491 432 79 748 176 242 758 308 526 63 195 388 663 613 782 498 397 790 535 372 91 355 
355 91
91 553
553 655
655 758
758 526
526 244
244 308
308 372
372 63
63 176
176 573
573 464
464 66
66 533
533 748
748 413
413 388
388 663
663 782
782 195
195 613
613 498
498 397
397 367
367 608
608 432
432 491
491 790
790 535
535 79
79 242
377 353 32 137 580 406 431 
406 431
431 580
580 137
137 377
377 353
353 32
212 193 206 518 145 452 139 43 
193 212
212 206
206 139
139 518
518 145
145 452
452 43
141 724 200 231 
231 200
200 141
141 724
742 33 64 339 552 781 418 318 379 317 
318 418
418 781
781 379
379 317
317 552
552 339
339 64
64 33
33 742
265 470 179 
265 470
470 179
393 
284 607 732 364 679 311 55 
284 607
607 732
732 311
311 679
679 364
364 55
567 
217 
23 371 
371 23
92 641 164 
641 164
164 92
666 121 199 741 612 650 692 309 332 157 140 463 780 765 444 784 5 416 485 456 618 
157 332
332 485
485 309
309 199
199 5
5 741
741 666
666 612
612 121
121 784
784 650
650 444
444 692
692 765
765 416
416 618
618 780
780 456
456 140
140 463
220 486 390 11 599 
390 486
486 220
220 11
11 599
203 
236 637 225 358 798 117 
798 358
358 225
225 117
117 236
236 637
525 373 667 713 
525 373
373 667
667 713
604 591 625 349 370 522 728 172 620 185 376 439 
376 439
439 620
620 185
185 591
591 604
604 172
172 625
625 728
728 349
349 370
370 522
169 198 
198 169
394 757 148 445 114 261 259 
261 259
259 445
445 114
114 148
148 394
394 757
787 764 107 166 
166 107
107 764
764 787
715 305 67 750 549 84 108 149 
149 84
84 108
108 549
549 305
305 750
750 67
67 715
375 341 280 292 712 51 135 626 19 232 511 163 122 129 
129 163
163 122
122 375
375 280
280 341
341 292
292 135
135 712
712 51
51 511
511 626
626 19
19 232
531 
132 695 680 440 177 211 278 686 661 
695 132
132 440
440 680
680 177
177 211
211 278
278 686
686 661
515 495 714 
714 495
495 515
747 152 502 
747 152
152 502
324 466 507 249 556 216 
507 324
324 466
466 249
249 556
556 216
448 
738 
338 391 
338 391
703 24 76 405 103 96 240 302 602 659 162 595 
595 162
162 659
659 602
602 302
302 240
240 96
96 103
103 405
405 24
24 76
76 703
767 729 124 262 697 293 245 494 417 
417 494
494 729
729 767
767 124
124 262
262 697
697 293
293 245
50 
78 521 563 530 104 116 
116 563
563 530
530 104
104 521
521 78
664 60 39 180 70 297 
297 60
60 664
664 39
39 180
180 70
799 330 316 711 174 683 600 617 233 
233 617
617 600
600 174
174 683
683 711
711 316
316 799
799 330
9 453 301 290 187 643 523 
9 453
453 187
187 301
301 290
290 643
643 523
698 593 696 658 285 662 403 726 37 586 
593 698
698 696
696 658
658 285
285 662
662 403
403 726
726 37
37 586
597 587 204 348 101 611 601 730 0 168 542 238 407 54 443 411 97 773 441 
601 730
730 407
407 238
238 611
611 101
101 348
348 542
542 168
168 0
0 204
204 54
54 587
587 411
411 97
97 443
443 773
773 597
597 441
480 574 483 196 623 789 583 723 447 
483 574
574 480
480 196
196 623
623 789
789 583
583 723
723 447
656 529 419 343 154 53 
154 343
343 419
419 656
656 529
529 53
632 693 131 565 2 744 130 85 752 27 410 496 759 
759 27
27 410
410 752
752 496
496 565
565 744
744 131
131 2
2 632
632 693
693 130
130 85
404 505 754 755 794 3 296 761 
404 761
761 505
505 754
754 755
755 296
296 794
794 3
128 
7 362 691 414 652 65 208 571 
691 362
362 414
414 7
7 652
652 65
65 208
208 571
45 387 223 361 458 705 
45 387
387 223
223 705
705 458
458 361
739 568 
568 739
47 668 796 590 52 459 234 273 473 
473 459
459 273
273 234
234 52
52 590
590 796
796 47
47 668
420 
62 161 
161 62
106 263 251 158 745 291 25 676 428 17 
745 25
25 291
291 158
158 251
251 106
106 263
263 17
17 676
676 428
559 175 672 569 99 615 35 294 398 105 235 
35 615
615 99
99 235
235 105
105 672
672 175
175 559
559 569
569 294
294 398
221 264 80 
264 221
221 80
269 248 313 10 670 
269 248
248 313
313 10
10 670
763 
146 94 
94 146
555 579 709 143 
555 579
579 143
143 709
585 645 437 
585 645
645 437
115 660 363 88 
115 88
88 660
660 363
424 700 774 229 178 610 13 718 460 
13 229
229 178
178 774
774 700
700 424
424 610
610 718
718 460
455 596 639 21 577 12 93 462 133 74 
133 74
74 462
462 455
455 596
596 21
21 12
12 93
93 577
577 639
401 258 
401 258
509 396 582 528 46 155 634 288 665 
396 288
288 634
634 665
665 155
155 509
509 582
582 528
528 46
540 113 690 102 314 98 345 385 
345 98
98 113
113 540
540 690
690 102
102 314
314 385
147 159 340 532 436 560 300 389 215 71 337 
71 215
215 337
337 389
389 340
340 300
300 532
532 159
159 147
147 436
436 560
326 
247 622 
247 622
609 191 333 209 619 202 222 307 69 342 
69 342
342 307
307 222
222 209
209 202
202 619
619 333
333 609
609 191
346 119 564 
119 346
346 564
492 374 527 425 275 468 213 
213 468
468 527
527 275
275 374
374 492
492 425
241 381 
381 241
134 266 378 478 257 720 
720 257
257 478
478 378
378 266
266 134
536 779 704 467 182 194 701 277 
701 182
182 277
277 467
467 194
194 704
704 536
536 779
736 719 678 136 624 629 
719 736
736 678
678 136
136 624
624 629
126 350 589 120 246 73 638 785 87 
126 589
589 350
350 120
120 246
246 785
785 638
638 87
87 73
34 402 475 188 674 274 
34 674
674 402
402 475
475 274
274 188
640 239 250 433 751 
640 239
239 250
250 751
751 433
708 68 127 520 224 
708 68
68 127
127 520
520 224
214 
228 791 4 329 351 722 165 628 766 534 40 
40 722
722 329
329 534
534 791
791 766
766 628
628 165
165 4
4 351
351 228
465 123 477 
477 123
123 465
725 286 422 201 434 762 649 788 706 792 36 
201 422
422 434
434 286
286 649
649 762
762 788
788 725
725 706
706 792
792 36
504 359 186 75 735 295 642 548 481 541 746 588 118 181 426 
588 746
746 642
642 735
735 295
295 541
541 481
481 75
75 548
548 504
504 359
359 118
118 186
186 181
181 426
539 
189 
412 488 360 
360 488
488 412
710 653 384 56 688 702 289 
710 653
653 289
289 384
384 702
702 688
688 56
205 544 
544 205
760 
657 654 415 276 335 270 173 756 771 89 423 29 
29 89
89 423
423 771
771 756
756 173
173 657
657 654
654 415
415 335
335 276
276 270
77 253 409 493 
409 253
253 77
77 493
320 772 
320 772
438 312 
312 438
510 592 
592 510
512 319 457 16 427 557 271 627 484 435 
16 512
512 457
457 427
427 319
319 557
557 271
271 627
627 484
484 435
689 687 90 150 192 142 153 
687 689
689 153
153 192
192 142
142 150
150 90
546 
430 327 572 
327 572
572 430
731 644 558 49 
49 558
558 644
644 731
797 310 281 
281 310
310 797
450 
786 14 287 671 72 81 508 243 
243 508
508 287
287 786
786 14
14 671
671 72
72 81
684 282 707 753 170 614 399 59 631 793 777 336 499 
499 336
336 777
777 793
793 631
631 399
399 59
59 614
614 170
170 753
753 707
707 684
684 282
395 578 197 160 727 57 
57 727
727 160
160 395
395 578
578 197
783 769 
783 769
368 304 1 352 184 
1 304
304 368
368 352
352 184
538 576 
576 538
